begin_time_stamp: 1574104084.599997
data_header:
  time_stamp: [x, y, z, R11, R12, R13, R21, R22, R23, R31, R32, R33]
trajectory_data:
  '000.0000': ['0.716', '0.439', '0.080', '0.29970', '0.95403', '-0.00004', '-0.95403',
    '0.29970', '-0.00028', '-0.00025', '0.00012', '1.00000']
  '000.0667': ['0.724', '0.412', '0.080', '0.39820', '0.91730', '-0.00001', '-0.91730',
    '0.39820', '-0.00028', '-0.00025', '0.00012', '1.00000']
  '000.1333': ['0.735', '0.386', '0.080', '0.49237', '0.87039', '-0.00001', '-0.87039',
    '0.49237', '-0.00029', '-0.00025', '0.00016', '1.00000']
  '000.2000': ['0.748', '0.364', '0.080', '0.58057', '0.81421', '-0.00001', '-0.81421',
    '0.58057', '-0.00031', '-0.00025', '0.00019', '1.00000']
  '000.2667': ['0.765', '0.344', '0.080', '0.66019', '0.75110', '-0.00013', '-0.75110',
    '0.66019', '-0.00034', '-0.00017', '0.00032', '1.00000']
  '000.3333': ['0.781', '0.327', '0.080', '0.73280', '0.68044', '-0.00014', '-0.68044',
    '0.73280', '-0.00034', '-0.00013', '0.00034', '1.00000']
  '000.4000': ['0.798', '0.310', '0.080', '0.79876', '0.60165', '-0.00012', '-0.60165',
    '0.79876', '-0.00036', '-0.00012', '0.00036', '1.00000']
  '000.4667': ['0.818', '0.293', '0.080', '0.84084', '0.54128', '-0.00011', '-0.54128',
    '0.84084', '-0.00039', '-0.00012', '0.00038', '1.00000']
  '000.5333': ['0.845', '0.273', '0.080', '0.84702', '0.53156', '-0.00010', '-0.53156',
    '0.84702', '-0.00038', '-0.00012', '0.00037', '1.00000']
  '000.6000': ['0.880', '0.240', '0.080', '0.86389', '0.50368', '-0.00002', '-0.50368',
    '0.86389', '-0.00033', '-0.00015', '0.00030', '1.00000']
  '000.6667': ['0.910', '0.218', '0.080', '0.88317', '0.46906', '-0.00001', '-0.46906',
    '0.88316', '-0.00033', '-0.00015', '0.00029', '1.00000']
  '000.7333': ['0.937', '0.204', '0.080', '0.90075', '0.43433', '0.00001', '-0.43433',
    '0.90075', '-0.00034', '-0.00015', '0.00030', '1.00000']
  '000.8000': ['0.959', '0.196', '0.080', '0.91464', '0.40427', '0.00002', '-0.40427',
    '0.91464', '-0.00035', '-0.00016', '0.00031', '1.00000']
  '000.8667': ['0.978', '0.193', '0.080', '0.93935', '0.34297', '0.00004', '-0.34297',
    '0.93935', '-0.00036', '-0.00016', '0.00033', '1.00000']
  '000.9333': ['0.994', '0.194', '0.080', '0.97236', '0.23348', '0.00007', '-0.23348',
    '0.97236', '-0.00039', '-0.00015', '0.00036', '1.00000']
  '001.0000': ['1.007', '0.203', '0.080', '0.98974', '0.14289', '0.00008', '-0.14289',
    '0.98974', '-0.00051', '-0.00015', '0.00049', '1.00000']
  '001.0667': ['1.025', '0.204', '0.080', '0.99667', '0.08150', '0.00011', '-0.08150',
    '0.99667', '-0.00055', '-0.00016', '0.00054', '1.00000']
  '001.1333': ['1.046', '0.203', '0.080', '0.99594', '0.08999', '0.00014', '-0.08999',
    '0.99594', '-0.00063', '-0.00020', '0.00061', '1.00000']
  '001.2000': ['1.070', '0.200', '0.080', '0.99563', '0.09337', '0.00016', '-0.09337',
    '0.99563', '-0.00066', '-0.00022', '0.00065', '1.00000']
  '001.2667': ['1.097', '0.198', '0.080', '0.99545', '0.09531', '0.00018', '-0.09531',
    '0.99545', '-0.00069', '-0.00024', '0.00067', '1.00000']
  '001.3333': ['1.122', '0.197', '0.080', '0.99485', '0.10136', '0.00020', '-0.10136',
    '0.99485', '-0.00077', '-0.00028', '0.00075', '1.00000']
  '001.4000': ['1.148', '0.197', '0.080', '0.99342', '0.11452', '0.00023', '-0.11451',
    '0.99342', '-0.00091', '-0.00034', '0.00088', '1.00000']
  '001.4667': ['1.175', '0.196', '0.080', '0.99101', '0.13381', '0.00024', '-0.13381',
    '0.99101', '-0.00094', '-0.00036', '0.00090', '1.00000']
  '001.5333': ['1.205', '0.190', '0.080', '0.98810', '0.15379', '0.00020', '-0.15379',
    '0.98810', '-0.00083', '-0.00033', '0.00079', '1.00000']
  '001.6000': ['1.244', '0.176', '0.080', '0.98718', '0.15961', '0.00008', '-0.15961',
    '0.98718', '-0.00042', '-0.00015', '0.00040', '1.00000']
  '001.6667': ['1.278', '0.168', '0.080', '0.98690', '0.16135', '0.00010', '-0.16135',
    '0.98690', '-0.00039', '-0.00016', '0.00037', '1.00000']
  '001.7333': ['1.305', '0.163', '0.080', '0.98657', '0.16334', '0.00010', '-0.16334',
    '0.98657', '-0.00037', '-0.00016', '0.00035', '1.00000']
  '001.8000': ['1.331', '0.158', '0.080', '0.99461', '0.10365', '0.00010', '-0.10365',
    '0.99461', '-0.00037', '-0.00014', '0.00036', '1.00000']
  '001.8667': ['1.356', '0.154', '0.080', '0.99999', '0.00402', '0.00011', '-0.00402',
    '0.99999', '-0.00033', '-0.00011', '0.00033', '1.00000']
  '001.9333': ['1.379', '0.153', '0.080', '0.99981', '-0.01952', '0.00011', '0.01952',
    '0.99981', '-0.00031', '-0.00011', '0.00031', '1.00000']
  '002.0000': ['1.402', '0.153', '0.080', '0.99978', '-0.02120', '0.00009', '0.02120',
    '0.99978', '-0.00030', '-0.00009', '0.00030', '1.00000']
  '002.0667': ['1.427', '0.154', '0.080', '0.99975', '-0.02248', '0.00008', '0.02248',
    '0.99975', '-0.00028', '-0.00007', '0.00029', '1.00000']
  '002.1333': ['1.449', '0.156', '0.080', '0.99980', '-0.02015', '0.00006', '0.02015',
    '0.99980', '-0.00027', '-0.00006', '0.00027', '1.00000']
  '002.2000': ['1.466', '0.161', '0.080', '0.99996', '-0.00918', '0.00008', '0.00918',
    '0.99996', '-0.00025', '-0.00008', '0.00025', '1.00000']
  '002.2667': ['1.471', '0.171', '0.080', '0.99981', '0.01953', '0.00005', '-0.01953',
    '0.99981', '-0.00025', '-0.00006', '0.00025', '1.00000']
  '002.3333': ['1.489', '0.175', '0.080', '0.99825', '0.05911', '0.00003', '-0.05911',
    '0.99825', '-0.00025', '-0.00004', '0.00024', '1.00000']
  '002.4000': ['1.516', '0.176', '0.080', '0.99430', '0.10661', '0.00001', '-0.10661',
    '0.99430', '-0.00025', '-0.00004', '0.00024', '1.00000']
  '002.4667': ['1.548', '0.174', '0.080', '0.98730', '0.15889', '0.00002', '-0.15889',
    '0.98730', '-0.00022', '-0.00005', '0.00022', '1.00000']
  '002.5333': ['1.598', '0.162', '0.080', '0.97831', '0.20713', '0.00006', '-0.20713',
    '0.97831', '-0.00021', '-0.00010', '0.00019', '1.00000']
  '002.6000': ['1.645', '0.151', '0.080', '0.96651', '0.25664', '0.00009', '-0.25664',
    '0.96651', '-0.00015', '-0.00013', '0.00013', '1.00000']
  '002.6667': ['1.697', '0.135', '0.080', '0.95209', '0.30582', '0.00010', '-0.30582',
    '0.95209', '-0.00014', '-0.00014', '0.00010', '1.00000']
  '002.7333': ['1.753', '0.114', '0.080', '0.93638', '0.35099', '0.00010', '-0.35099',
    '0.93638', '-0.00012', '-0.00014', '0.00008', '1.00000']
  '002.8000': ['1.814', '0.086', '0.080', '0.92206', '0.38704', '0.00011', '-0.38704',
    '0.92206', '-0.00012', '-0.00015', '0.00007', '1.00000']
  '002.8667': ['2.194', '-0.149', '0.080', '0.98907', '0.14742', '0.00033', '-0.14742',
    '0.98907', '-0.00013', '-0.00035', '0.00008', '1.00000']
  '002.9333': ['2.247', '-0.170', '0.080', '0.99614', '0.08782', '0.00035', '-0.08782',
    '0.99614', '-0.00012', '-0.00036', '0.00009', '1.00000']
  '003.0000': ['2.291', '-0.185', '0.080', '0.99999', '0.00454', '0.00037', '-0.00454',
    '0.99999', '-0.00010', '-0.00037', '0.00010', '1.00000']
  '003.0667': ['2.328', '-0.194', '0.080', '0.99522', '-0.09764', '0.00038', '0.09764',
    '0.99522', '-0.00008', '-0.00037', '0.00012', '1.00000']
  '003.1333': ['2.360', '-0.199', '0.080', '0.97669', '-0.21466', '0.00040', '0.21466',
    '0.97669', '-0.00005', '-0.00037', '0.00014', '1.00000']
  '003.2000': ['2.388', '-0.200', '0.080', '0.93973', '-0.34193', '0.00041', '0.34193',
    '0.93973', '-0.00003', '-0.00037', '0.00016', '1.00000']
  '003.2667': ['2.413', '-0.197', '0.080', '0.91135', '-0.41164', '0.00042', '0.41164',
    '0.91135', '-0.00000', '-0.00038', '0.00017', '1.00000']
  '003.3333': ['2.435', '-0.194', '0.080', '0.88560', '-0.46444', '0.00042', '0.46444',
    '0.88560', '0.00002', '-0.00038', '0.00018', '1.00000']
  '003.4000': ['2.455', '-0.190', '0.080', '0.79506', '-0.60653', '0.00043', '0.60653',
    '0.79506', '0.00006', '-0.00037', '0.00021', '1.00000']
  '003.4667': ['2.472', '-0.183', '0.080', '0.67497', '-0.73785', '0.00042', '0.73785',
    '0.67497', '0.00010', '-0.00036', '0.00024', '1.00000']
  '003.5333': ['2.485', '-0.174', '0.080', '0.52712', '-0.84979', '0.00040', '0.84979',
    '0.52712', '0.00015', '-0.00034', '0.00026', '1.00000']
  '003.6000': ['2.494', '-0.163', '0.080', '0.35843', '-0.93356', '0.00038', '0.93356',
    '0.35843', '0.00019', '-0.00031', '0.00028', '1.00000']
  '003.6667': ['2.497', '-0.148', '0.080', '0.18074', '-0.98353', '0.00035', '0.98353',
    '0.18074', '0.00023', '-0.00029', '0.00030', '1.00000']
  '003.7333': ['2.491', '-0.129', '0.080', '0.01237', '-0.99992', '0.00031', '0.99992',
    '0.01237', '0.00025', '-0.00025', '0.00031', '1.00000']
  '003.8000': ['2.475', '-0.104', '0.080', '-0.12482', '-0.99218', '0.00028', '0.99218',
    '-0.12482', '0.00026', '-0.00022', '0.00031', '1.00000']
  '003.8667': ['2.445', '-0.071', '0.080', '-0.20647', '-0.97845', '0.00025', '0.97845',
    '-0.20647', '0.00025', '-0.00019', '0.00030', '1.00000']
  '003.9333': ['2.349', '0.000', '0.080', '-0.15093', '-0.98854', '0.00013', '0.98854',
    '-0.15093', '0.00009', '-0.00007', '0.00014', '1.00000']
  '004.0000': ['2.315', '0.036', '0.080', '-0.06682', '-0.99777', '0.00013', '0.99777',
    '-0.06682', '0.00007', '-0.00007', '0.00013', '1.00000']
  '004.0667': ['2.292', '0.065', '0.080', '0.05753', '-0.99834', '0.00013', '0.99834',
    '0.05753', '0.00006', '-0.00007', '0.00013', '1.00000']
  '004.1333': ['2.279', '0.088', '0.080', '0.20512', '-0.97874', '0.00014', '0.97874',
    '0.20512', '0.00004', '-0.00007', '0.00013', '1.00000']
  '004.2000': ['2.273', '0.105', '0.080', '0.35986', '-0.93301', '0.00015', '0.93301',
    '0.35986', '0.00002', '-0.00007', '0.00013', '1.00000']
  '004.2667': ['2.273', '0.119', '0.080', '0.45823', '-0.88884', '0.00016', '0.88884',
    '0.45823', '0.00000', '-0.00008', '0.00014', '1.00000']
  '004.3333': ['2.276', '0.130', '0.080', '0.50884', '-0.86086', '0.00017', '0.86086',
    '0.50884', '-0.00003', '-0.00006', '0.00016', '1.00000']
  '004.4000': ['2.278', '0.142', '0.080', '0.55796', '-0.82987', '0.00016', '0.82987',
    '0.55796', '-0.00009', '-0.00001', '0.00018', '1.00000']
  '004.4667': ['2.275', '0.157', '0.080', '0.63942', '-0.76886', '0.00001', '0.76886',
    '0.63942', '-0.00033', '0.00025', '0.00022', '1.00000']
  '004.5333': ['2.285', '0.165', '0.080', '0.75049', '-0.66088', '-0.00004', '0.66088',
    '0.75049', '-0.00044', '0.00032', '0.00030', '1.00000']
  '004.6000': ['2.303', '0.170', '0.080', '0.82982', '-0.55803', '-0.00009', '0.55803',
    '0.82982', '-0.00051', '0.00036', '0.00037', '1.00000']
  '004.6667': ['2.322', '0.174', '0.080', '0.88489', '-0.46580', '-0.00014', '0.46580',
    '0.88489', '-0.00054', '0.00038', '0.00041', '1.00000']
  '004.7333': ['2.344', '0.178', '0.080', '0.92272', '-0.38547', '-0.00020', '0.38547',
    '0.92272', '-0.00057', '0.00040', '0.00045', '1.00000']
  '004.8000': ['2.370', '0.183', '0.080', '0.94849', '-0.31680', '-0.00023', '0.31680',
    '0.94849', '-0.00061', '0.00041', '0.00051', '1.00000']
  '004.8667': ['2.396', '0.187', '0.080', '0.95758', '-0.28816', '-0.00024', '0.28816',
    '0.95758', '-0.00064', '0.00042', '0.00055', '1.00000']
  '004.9333': ['2.424', '0.192', '0.080', '0.94239', '-0.33453', '-0.00025', '0.33453',
    '0.94239', '-0.00070', '0.00047', '0.00057', '1.00000']
  '005.0000': ['2.448', '0.197', '0.080', '0.92186', '-0.38751', '-0.00024', '0.38751',
    '0.92186', '-0.00071', '0.00050', '0.00057', '1.00000']
  '005.0667': ['2.471', '0.203', '0.080', '0.89475', '-0.44656', '-0.00021', '0.44656',
    '0.89475', '-0.00076', '0.00053', '0.00059', '1.00000']
  '005.1333': ['2.493', '0.211', '0.080', '0.85968', '-0.51082', '-0.00017', '0.51082',
    '0.85968', '-0.00082', '0.00057', '0.00061', '1.00000']
  '005.2000': ['2.514', '0.219', '0.080', '0.81554', '-0.57870', '-0.00015', '0.57870',
    '0.81554', '-0.00083', '0.00060', '0.00059', '1.00000']
  '005.2667': ['2.534', '0.231', '0.080', '0.76126', '-0.64844', '-0.00015', '0.64844',
    '0.76126', '-0.00084', '0.00065', '0.00054', '1.00000']
  '005.3333': ['2.556', '0.246', '0.080', '0.69523', '-0.71879', '-0.00011', '0.71879',
    '0.69523', '-0.00087', '0.00070', '0.00052', '1.00000']
  '005.4000': ['2.574', '0.262', '0.080', '0.61808', '-0.78612', '-0.00008', '0.78612',
    '0.61808', '-0.00090', '0.00076', '0.00050', '1.00000']
  '005.4667': ['2.589', '0.279', '0.080', '0.54817', '-0.83637', '-0.00001', '0.83637',
    '0.54817', '-0.00089', '0.00076', '0.00048', '1.00000']
  '005.5333': ['2.602', '0.298', '0.080', '0.54249', '-0.84006', '0.00004', '0.84006',
    '0.54249', '-0.00086', '0.00070', '0.00050', '1.00000']
  '005.6000': ['2.614', '0.318', '0.080', '0.53656', '-0.84386', '0.00009', '0.84386',
    '0.53656', '-0.00085', '0.00067', '0.00054', '1.00000']
  '005.6667': ['2.628', '0.340', '0.080', '0.51294', '-0.85843', '0.00009', '0.85842',
    '0.51294', '-0.00082', '0.00065', '0.00050', '1.00000']
  '005.7333': ['2.640', '0.362', '0.080', '0.41890', '-0.90803', '0.00031', '0.90803',
    '0.41890', '-0.00076', '0.00056', '0.00060', '1.00000']
  '005.8000': ['2.649', '0.385', '0.080', '0.40475', '-0.91443', '0.00051', '0.91443',
    '0.40475', '-0.00073', '0.00046', '0.00076', '1.00000']
  '005.8667': ['2.660', '0.407', '0.080', '0.40298', '-0.91521', '0.00016', '0.91521',
    '0.40298', '-0.00058', '0.00047', '0.00038', '1.00000']
  '005.9333': ['2.670', '0.427', '0.080', '0.40085', '-0.91614', '0.00007', '0.91614',
    '0.40085', '-0.00045', '0.00038', '0.00024', '1.00000']
  '006.0000': ['2.678', '0.447', '0.080', '0.40097', '-0.91609', '0.00004', '0.91609',
    '0.40097', '-0.00035', '0.00031', '0.00018', '1.00000']
  '006.0667': ['2.686', '0.467', '0.080', '0.40387', '-0.91482', '0.00001', '0.91482',
    '0.40387', '-0.00032', '0.00029', '0.00014', '1.00000']
  '006.1333': ['2.695', '0.491', '0.080', '0.41180', '-0.91128', '-0.00001', '0.91128',
    '0.41180', '-0.00028', '0.00026', '0.00011', '1.00000']
  '006.2000': ['2.703', '0.511', '0.080', '0.36993', '-0.92906', '-0.00003', '0.92906',
    '0.36993', '-0.00025', '0.00024', '0.00006', '1.00000']
  '006.2667': ['2.711', '0.531', '0.080', '0.28650', '-0.95808', '-0.00005', '0.95808',
    '0.28650', '-0.00022', '0.00022', '0.00002', '1.00000']
  '006.3333': ['2.719', '0.553', '0.080', '0.19968', '-0.97986', '-0.00001', '0.97986',
    '0.19968', '-0.00020', '0.00019', '0.00003', '1.00000']
  '006.4000': ['2.726', '0.577', '0.080', '0.10685', '-0.99427', '-0.00004', '0.99427',
    '0.10685', '-0.00021', '0.00021', '-0.00001', '1.00000']
  '006.4667': ['2.730', '0.598', '0.080', '0.01620', '-0.99987', '-0.00005', '0.99987',
    '0.01620', '-0.00020', '0.00020', '-0.00005', '1.00000']
  '006.5333': ['2.732', '0.620', '0.080', '0.01491', '-0.99989', '-0.00007', '0.99989',
    '0.01491', '-0.00019', '0.00019', '-0.00007', '1.00000']
  '006.6000': ['2.735', '0.650', '0.080', '0.00722', '-0.99997', '-0.00008', '0.99997',
    '0.00722', '-0.00011', '0.00011', '-0.00008', '1.00000']
  '006.6667': ['2.736', '0.677', '0.080', '-0.00237', '-1.00000', '-0.00010', '1.00000',
    '-0.00237', '-0.00003', '0.00003', '-0.00010', '1.00000']
  '006.7333': ['2.737', '0.702', '0.080', '-0.01487', '-0.99989', '-0.00007', '0.99989',
    '-0.01487', '0.00004', '-0.00004', '-0.00007', '1.00000']
  '006.8000': ['2.742', '0.732', '0.080', '-0.03656', '-0.99933', '0.00021', '0.99933',
    '-0.03656', '0.00006', '-0.00005', '0.00021', '1.00000']
  '006.8667': ['2.741', '0.757', '0.080', '-0.05715', '-0.99837', '0.00023', '0.99837',
    '-0.05715', '0.00003', '-0.00002', '0.00023', '1.00000']
  '006.9333': ['2.739', '0.783', '0.080', '-0.07423', '-0.99724', '0.00022', '0.99724',
    '-0.07423', '-0.00004', '0.00005', '0.00021', '1.00000']
  '007.0000': ['2.737', '0.809', '0.080', '-0.08903', '-0.99603', '0.00021', '0.99603',
    '-0.08903', '-0.00006', '0.00008', '0.00021', '1.00000']
  '007.0667': ['2.733', '0.837', '0.080', '-0.00135', '-1.00000', '0.00024', '1.00000',
    '-0.00135', '-0.00008', '0.00008', '0.00024', '1.00000']
  '007.1333': ['2.732', '0.860', '0.080', '0.04867', '-0.99881', '0.00023', '0.99881',
    '0.04867', '-0.00010', '0.00009', '0.00024', '1.00000']
  '007.2000': ['2.732', '0.880', '0.080', '0.04764', '-0.99886', '0.00022', '0.99886',
    '0.04764', '-0.00010', '0.00009', '0.00023', '1.00000']
  '007.2667': ['2.731', '0.903', '0.080', '0.05321', '-0.99858', '0.00024', '0.99858',
    '0.05321', '-0.00012', '0.00011', '0.00025', '1.00000']
  '007.3333': ['2.732', '0.928', '0.080', '0.06254', '-0.99804', '0.00025', '0.99804',
    '0.06254', '-0.00013', '0.00012', '0.00025', '1.00000']
  '007.4000': ['2.734', '0.955', '0.080', '0.07290', '-0.99734', '0.00027', '0.99734',
    '0.07290', '-0.00013', '0.00011', '0.00028', '1.00000']
  '007.4667': ['2.735', '0.980', '0.080', '0.08489', '-0.99639', '0.00027', '0.99639',
    '0.08489', '-0.00014', '0.00012', '0.00028', '1.00000']
  '007.5333': ['2.736', '1.005', '0.080', '0.09868', '-0.99512', '0.00026', '0.99512',
    '0.09868', '-0.00014', '0.00011', '0.00027', '1.00000']
  '007.6000': ['2.739', '1.028', '0.080', '0.11375', '-0.99351', '0.00025', '0.99351',
    '0.11375', '-0.00015', '0.00012', '0.00027', '1.00000']
  '007.6667': ['2.742', '1.049', '0.080', '0.09207', '-0.99575', '0.00027', '0.99575',
    '0.09207', '-0.00015', '0.00012', '0.00028', '1.00000']
  '007.7333': ['2.746', '1.071', '0.080', '0.00210', '-1.00000', '0.00032', '1.00000',
    '0.00210', '-0.00014', '0.00014', '0.00032', '1.00000']
  '007.8000': ['2.752', '1.096', '0.080', '-0.04774', '-0.99886', '0.00061', '0.99886',
    '-0.04774', '-0.00024', '0.00027', '0.00060', '1.00000']
  '007.8667': ['2.754', '1.121', '0.080', '-0.05588', '-0.99844', '0.00064', '0.99844',
    '-0.05588', '-0.00028', '0.00031', '0.00062', '1.00000']
  '007.9333': ['2.754', '1.143', '0.080', '-0.06729', '-0.99773', '0.00061', '0.99773',
    '-0.06729', '-0.00034', '0.00038', '0.00059', '1.00000']
  '008.0000': ['2.752', '1.165', '0.080', '-0.07865', '-0.99690', '0.00064', '0.99690',
    '-0.07865', '-0.00035', '0.00040', '0.00061', '1.00000']
  '008.0667': ['2.750', '1.187', '0.080', '-0.08921', '-0.99601', '0.00066', '0.99601',
    '-0.08921', '-0.00039', '0.00045', '0.00062', '1.00000']
  '008.1333': ['2.748', '1.209', '0.080', '-0.09828', '-0.99516', '0.00064', '0.99516',
    '-0.09829', '-0.00039', '0.00045', '0.00060', '1.00000']
  '008.2000': ['2.745', '1.235', '0.080', '-0.10632', '-0.99433', '0.00065', '0.99433',
    '-0.10632', '-0.00035', '0.00042', '0.00061', '1.00000']
  '008.2667': ['2.742', '1.257', '0.080', '-0.11433', '-0.99344', '0.00065', '0.99344',
    '-0.11433', '-0.00028', '0.00035', '0.00061', '1.00000']
  '008.3333': ['2.738', '1.281', '0.080', '-0.11936', '-0.99285', '0.00067', '0.99285',
    '-0.11936', '-0.00023', '0.00030', '0.00064', '1.00000']
  '008.4000': ['2.735', '1.307', '0.080', '-0.12298', '-0.99241', '0.00068', '0.99241',
    '-0.12298', '-0.00019', '0.00027', '0.00066', '1.00000']
  '008.4667': ['2.731', '1.331', '0.080', '-0.12472', '-0.99219', '0.00069', '0.99219',
    '-0.12472', '-0.00020', '0.00029', '0.00066', '1.00000']
  '008.5333': ['2.728', '1.355', '0.080', '-0.12111', '-0.99264', '0.00067', '0.99264',
    '-0.12111', '-0.00019', '0.00027', '0.00065', '1.00000']
  '008.6000': ['2.723', '1.383', '0.080', '-0.01838', '-0.99983', '0.00070', '0.99983',
    '-0.01838', '-0.00017', '0.00018', '0.00070', '1.00000']
  '008.6667': ['2.722', '1.408', '0.080', '0.07311', '-0.99732', '0.00070', '0.99732',
    '0.07311', '-0.00017', '0.00012', '0.00071', '1.00000']
  '008.7333': ['2.724', '1.433', '0.080', '0.07311', '-0.99732', '0.00070', '0.99732',
    '0.07311', '-0.00017', '0.00012', '0.00071', '1.00000']
  '008.8000': ['2.726', '1.458', '0.080', '0.07311', '-0.99732', '0.00070', '0.99732',
    '0.07311', '-0.00017', '0.00012', '0.00071', '1.00000']
  '008.8667': ['2.727', '1.483', '0.080', '0.07311', '-0.99732', '0.00070', '0.99732',
    '0.07311', '-0.00017', '0.00012', '0.00071', '1.00000']
  '008.9333': ['2.729', '1.509', '0.080', '0.07311', '-0.99732', '0.00070', '0.99732',
    '0.07311', '-0.00017', '0.00012', '0.00071', '1.00000']
  '009.0000': ['2.731', '1.534', '0.080', '0.07311', '-0.99732', '0.00070', '0.99732',
    '0.07311', '-0.00017', '0.00012', '0.00071', '1.00000']
  '009.0667': ['2.733', '1.559', '0.080', '0.07311', '-0.99732', '0.00070', '0.99732',
    '0.07311', '-0.00017', '0.00012', '0.00071', '1.00000']
  '009.1333': ['2.735', '1.584', '0.080', '0.07311', '-0.99732', '0.00070', '0.99732',
    '0.07311', '-0.00017', '0.00012', '0.00071', '1.00000']
  '009.2000': ['2.737', '1.609', '0.080', '0.07311', '-0.99732', '0.00070', '0.99732',
    '0.07311', '-0.00017', '0.00012', '0.00071', '1.00000']
  '009.2667': ['2.738', '1.634', '0.080', '0.07311', '-0.99732', '0.00070', '0.99732',
    '0.07311', '-0.00017', '0.00012', '0.00071', '1.00000']
  '009.3333': ['2.740', '1.660', '0.080', '0.07311', '-0.99732', '0.00070', '0.99732',
    '0.07311', '-0.00017', '0.00012', '0.00071', '1.00000']
  '009.4000': ['2.742', '1.685', '0.080', '0.07311', '-0.99732', '0.00070', '0.99732',
    '0.07311', '-0.00017', '0.00012', '0.00071', '1.00000']
  '009.4667': ['2.744', '1.710', '0.080', '0.07311', '-0.99732', '0.00070', '0.99732',
    '0.07311', '-0.00017', '0.00012', '0.00071', '1.00000']
  '009.5333': ['2.746', '1.735', '0.080', '0.01389', '-0.99990', '0.00070', '0.99990',
    '0.01389', '-0.00017', '0.00016', '0.00070', '1.00000']
  '009.6000': ['2.746', '1.760', '0.080', '-0.03771', '-0.99929', '0.00070', '0.99929',
    '-0.03771', '-0.00017', '0.00019', '0.00069', '1.00000']
  '009.6667': ['2.745', '1.785', '0.080', '-0.03771', '-0.99929', '0.00070', '0.99929',
    '-0.03771', '-0.00017', '0.00019', '0.00069', '1.00000']
  '009.7333': ['2.744', '1.811', '0.080', '-0.03771', '-0.99929', '0.00070', '0.99929',
    '-0.03771', '-0.00017', '0.00019', '0.00069', '1.00000']
