begin_time_stamp: 1574104104.8666637
data_header:
  time_stamp: [x, y, z, R11, R12, R13, R21, R22, R23, R31, R32, R33]
trajectory_data:
  '000.0000': ['0.310', '3.206', '0.080', '-0.72732', '0.68630', '-0.00061', '-0.68630',
    '-0.72732', '0.00032', '-0.00022', '0.00065', '1.00000']
  '000.0667': ['0.287', '3.185', '0.080', '-0.64772', '0.76188', '-0.00060', '-0.76188',
    '-0.64772', '0.00026', '-0.00019', '0.00062', '1.00000']
  '000.1333': ['0.267', '3.164', '0.080', '-0.59065', '0.80693', '-0.00053', '-0.80693',
    '-0.59065', '0.00024', '-0.00012', '0.00057', '1.00000']
  '000.2000': ['0.245', '3.142', '0.080', '-0.57122', '0.82079', '0.00027', '-0.82079',
    '-0.57122', '0.00054', '0.00060', '0.00009', '1.00000']
  '000.2667': ['0.232', '3.116', '0.080', '-0.55795', '0.82988', '-0.00048', '-0.82988',
    '-0.55795', '0.00021', '-0.00010', '0.00051', '1.00000']
  '000.3333': ['0.221', '3.095', '0.080', '-0.55327', '0.83300', '-0.00051', '-0.83300',
    '-0.55327', '0.00018', '-0.00013', '0.00052', '1.00000']
  '000.4000': ['0.207', '3.071', '0.080', '-0.55709', '0.83045', '-0.00051', '-0.83045',
    '-0.55709', '0.00017', '-0.00014', '0.00052', '1.00000']
  '000.4667': ['0.193', '3.056', '0.080', '-0.49467', '0.86908', '-0.00057', '-0.86908',
    '-0.49467', '0.00010', '-0.00020', '0.00055', '1.00000']
  '000.5333': ['0.182', '3.037', '0.080', '-0.41296', '0.91075', '-0.00058', '-0.91075',
    '-0.41296', '0.00007', '-0.00018', '0.00055', '1.00000']
  '000.6000': ['0.173', '3.017', '0.080', '-0.32937', '0.94420', '-0.00055', '-0.94420',
    '-0.32937', '0.00004', '-0.00015', '0.00054', '1.00000']
  '000.6667': ['0.166', '2.994', '0.080', '-0.24196', '0.97029', '-0.00053', '-0.97029',
    '-0.24196', '0.00002', '-0.00011', '0.00052', '1.00000']
  '000.7333': ['0.158', '2.969', '0.080', '-0.14806', '0.98898', '-0.00050', '-0.98898',
    '-0.14806', '0.00001', '-0.00007', '0.00050', '1.00000']
  '000.8000': ['0.152', '2.944', '0.080', '-0.04586', '0.99895', '-0.00053', '-0.99895',
    '-0.04586', '-0.00002', '-0.00005', '0.00053', '1.00000']
  '000.8667': ['0.150', '2.922', '0.080', '-0.00532', '0.99999', '-0.00053', '-0.99999',
    '-0.00532', '-0.00003', '-0.00003', '0.00053', '1.00000']
  '000.9333': ['0.149', '2.901', '0.080', '0.00764', '0.99997', '-0.00055', '-0.99997',
    '0.00764', '-0.00003', '-0.00003', '0.00055', '1.00000']
  '001.0000': ['0.149', '2.876', '0.080', '0.02264', '0.99974', '-0.00052', '-0.99974',
    '0.02264', '-0.00000', '0.00001', '0.00052', '1.00000']
  '001.0667': ['0.150', '2.847', '0.080', '0.03667', '0.99933', '-0.00053', '-0.99933',
    '0.03667', '0.00001', '0.00003', '0.00053', '1.00000']
  '001.1333': ['0.152', '2.821', '0.080', '0.04785', '0.99885', '-0.00053', '-0.99885',
    '0.04785', '0.00003', '0.00006', '0.00053', '1.00000']
  '001.2000': ['0.154', '2.798', '0.080', '0.05642', '0.99841', '-0.00056', '-0.99841',
    '0.05642', '0.00001', '0.00005', '0.00056', '1.00000']
  '001.2667': ['0.156', '2.775', '0.080', '0.06369', '0.99797', '-0.00058', '-0.99797',
    '0.06369', '0.00002', '0.00006', '0.00057', '1.00000']
  '001.3333': ['0.157', '2.752', '0.080', '0.07044', '0.99752', '-0.00056', '-0.99752',
    '0.07044', '-0.00005', '-0.00001', '0.00056', '1.00000']
  '001.4000': ['0.159', '2.728', '0.080', '0.07719', '0.99702', '-0.00050', '-0.99702',
    '0.07719', '-0.00001', '0.00003', '0.00050', '1.00000']
  '001.4667': ['0.161', '2.705', '0.080', '0.01833', '0.99983', '-0.00052', '-0.99983',
    '0.01833', '-0.00003', '-0.00002', '0.00052', '1.00000']
  '001.5333': ['0.163', '2.683', '0.080', '-0.08111', '0.99671', '-0.00055', '-0.99671',
    '-0.08111', '-0.00004', '-0.00009', '0.00054', '1.00000']
  '001.6000': ['0.163', '2.656', '0.080', '-0.12538', '0.99211', '-0.00055', '-0.99211',
    '-0.12538', '-0.00009', '-0.00016', '0.00054', '1.00000']
  '001.6667': ['0.160', '2.629', '0.080', '-0.13780', '0.99046', '-0.00048', '-0.99046',
    '-0.13780', '-0.00023', '-0.00029', '0.00045', '1.00000']
  '001.7333': ['0.158', '2.607', '0.080', '-0.15504', '0.98791', '-0.00044', '-0.98791',
    '-0.15504', '-0.00025', '-0.00031', '0.00040', '1.00000']
  '001.8000': ['0.153', '2.583', '0.080', '-0.17388', '0.98477', '-0.00042', '-0.98477',
    '-0.17388', '-0.00030', '-0.00037', '0.00036', '1.00000']
  '001.8667': ['0.144', '2.558', '0.080', '-0.18716', '0.98233', '-0.00049', '-0.98233',
    '-0.18716', '-0.00055', '-0.00064', '0.00038', '1.00000']
  '001.9333': ['0.139', '2.535', '0.080', '-0.19933', '0.97993', '-0.00048', '-0.97993',
    '-0.19933', '-0.00059', '-0.00067', '0.00036', '1.00000']
  '002.0000': ['0.132', '2.513', '0.080', '-0.11012', '0.99392', '-0.00042', '-0.99392',
    '-0.11012', '-0.00060', '-0.00064', '0.00035', '1.00000']
  '002.0667': ['0.127', '2.487', '0.080', '-0.01910', '0.99982', '-0.00039', '-0.99982',
    '-0.01910', '-0.00062', '-0.00063', '0.00037', '1.00000']
  '002.1333': ['0.125', '2.463', '0.080', '0.07667', '0.99706', '-0.00037', '-0.99706',
    '0.07667', '-0.00063', '-0.00060', '0.00042', '1.00000']
  '002.2000': ['0.125', '2.435', '0.080', '0.08988', '0.99595', '-0.00037', '-0.99595',
    '0.08988', '-0.00068', '-0.00064', '0.00043', '1.00000']
  '002.2667': ['0.125', '2.413', '0.080', '0.09530', '0.99545', '-0.00032', '-0.99545',
    '0.09530', '-0.00069', '-0.00066', '0.00038', '1.00000']
  '002.3333': ['0.126', '2.392', '0.080', '0.10342', '0.99464', '-0.00032', '-0.99464',
    '0.10342', '-0.00070', '-0.00066', '0.00039', '1.00000']
  '002.4000': ['0.128', '2.365', '0.080', '0.11236', '0.99367', '-0.00030', '-0.99367',
    '0.11236', '-0.00070', '-0.00066', '0.00038', '1.00000']
  '002.4667': ['0.132', '2.335', '0.080', '0.12050', '0.99271', '-0.00029', '-0.99271',
    '0.12049', '-0.00069', '-0.00065', '0.00037', '1.00000']
  '002.5333': ['0.136', '2.309', '0.080', '0.12774', '0.99181', '-0.00028', '-0.99181',
    '0.12773', '-0.00067', '-0.00062', '0.00036', '1.00000']
  '002.6000': ['0.139', '2.285', '0.080', '0.13450', '0.99091', '-0.00030', '-0.99091',
    '0.13450', '-0.00065', '-0.00060', '0.00038', '1.00000']
  '002.6667': ['0.142', '2.262', '0.080', '0.14109', '0.99000', '-0.00030', '-0.99000',
    '0.14109', '-0.00065', '-0.00060', '0.00039', '1.00000']
  '002.7333': ['0.145', '2.238', '0.080', '0.14792', '0.98900', '-0.00031', '-0.98900',
    '0.14792', '-0.00068', '-0.00063', '0.00041', '1.00000']
  '002.8000': ['0.150', '2.211', '0.080', '0.08997', '0.99594', '-0.00032', '-0.99594',
    '0.08997', '-0.00071', '-0.00068', '0.00039', '1.00000']
  '002.8667': ['0.155', '2.186', '0.080', '-0.00991', '0.99995', '-0.00035', '-0.99995',
    '-0.00991', '-0.00069', '-0.00069', '0.00035', '1.00000']
  '002.9333': ['0.157', '2.162', '0.080', '-0.05883', '0.99827', '-0.00037', '-0.99827',
    '-0.05883', '-0.00067', '-0.00069', '0.00033', '1.00000']
  '003.0000': ['0.158', '2.138', '0.080', '-0.06896', '0.99762', '-0.00037', '-0.99762',
    '-0.06896', '-0.00066', '-0.00068', '0.00032', '1.00000']
  '003.0667': ['0.158', '2.110', '0.080', '-0.08621', '0.99628', '-0.00034', '-0.99628',
    '-0.08621', '-0.00064', '-0.00067', '0.00028', '1.00000']
  '003.1333': ['0.158', '2.085', '0.080', '-0.10827', '0.99412', '-0.00034', '-0.99412',
    '-0.10827', '-0.00063', '-0.00067', '0.00027', '1.00000']
  '003.2000': ['0.155', '2.060', '0.080', '-0.06351', '0.99798', '-0.00032', '-0.99798',
    '-0.06351', '-0.00063', '-0.00064', '0.00028', '1.00000']
  '003.2667': ['0.153', '2.034', '0.080', '0.01511', '0.99989', '-0.00030', '-0.99989',
    '0.01511', '-0.00062', '-0.00062', '0.00031', '1.00000']
  '003.3333': ['0.152', '2.012', '0.080', '0.09716', '0.99527', '-0.00028', '-0.99527',
    '0.09716', '-0.00063', '-0.00059', '0.00034', '1.00000']
  '003.4000': ['0.153', '1.989', '0.080', '0.11643', '0.99320', '-0.00032', '-0.99320',
    '0.11643', '-0.00058', '-0.00054', '0.00039', '1.00000']
  '003.4667': ['0.155', '1.970', '0.080', '0.10183', '0.99480', '-0.00061', '-0.99480',
    '0.10183', '-0.00038', '-0.00032', '0.00065', '1.00000']
  '003.5333': ['0.154', '1.943', '0.080', '0.09574', '0.99541', '-0.00033', '-0.99541',
    '0.09574', '-0.00044', '-0.00041', '0.00038', '1.00000']
  '003.6000': ['0.153', '1.921', '0.080', '0.09500', '0.99548', '-0.00049', '-0.99548',
    '0.09500', '-0.00002', '0.00002', '0.00049', '1.00000']
  '003.6667': ['0.154', '1.897', '0.080', '0.09571', '0.99541', '-0.00046', '-0.99541',
    '0.09571', '-0.00006', '-0.00002', '0.00047', '1.00000']
  '003.7333': ['0.156', '1.872', '0.080', '0.09645', '0.99534', '-0.00043', '-0.99534',
    '0.09645', '-0.00012', '-0.00008', '0.00044', '1.00000']
  '003.8000': ['0.157', '1.848', '0.080', '0.09725', '0.99526', '-0.00040', '-0.99526',
    '0.09725', '-0.00016', '-0.00012', '0.00041', '1.00000']
  '003.8667': ['0.160', '1.823', '0.080', '0.09669', '0.99531', '-0.00039', '-0.99531',
    '0.09669', '-0.00016', '-0.00012', '0.00040', '1.00000']
  '003.9333': ['0.160', '1.801', '0.080', '0.09737', '0.99525', '-0.00039', '-0.99525',
    '0.09737', '-0.00013', '-0.00009', '0.00040', '1.00000']
  '004.0000': ['0.158', '1.784', '0.080', '0.05112', '0.99869', '-0.00061', '-0.99869',
    '0.05112', '0.00011', '0.00014', '0.00060', '1.00000']
  '004.0667': ['0.159', '1.763', '0.080', '-0.04552', '0.99896', '-0.00066', '-0.99896',
    '-0.04552', '0.00019', '0.00015', '0.00067', '1.00000']
  '004.1333': ['0.160', '1.739', '0.080', '-0.05732', '0.99836', '-0.00067', '-0.99836',
    '-0.05732', '0.00023', '0.00019', '0.00068', '1.00000']
  '004.2000': ['0.159', '1.713', '0.080', '-0.05882', '0.99827', '-0.00067', '-0.99827',
    '-0.05882', '0.00032', '0.00028', '0.00069', '1.00000']
  '004.2667': ['0.159', '1.688', '0.080', '-0.06348', '0.99798', '-0.00070', '-0.99798',
    '-0.06348', '0.00036', '0.00031', '0.00072', '1.00000']
  '004.3333': ['0.158', '1.663', '0.080', '-0.06964', '0.99757', '-0.00076', '-0.99757',
    '-0.06964', '0.00042', '0.00037', '0.00079', '1.00000']
  '004.4000': ['0.157', '1.638', '0.080', '-0.07697', '0.99703', '-0.00080', '-0.99703',
    '-0.07697', '0.00046', '0.00039', '0.00083', '1.00000']
  '004.4667': ['0.155', '1.613', '0.080', '-0.08416', '0.99645', '-0.00081', '-0.99645',
    '-0.08416', '0.00047', '0.00040', '0.00085', '1.00000']
  '004.5333': ['0.153', '1.589', '0.080', '-0.09152', '0.99580', '-0.00080', '-0.99580',
    '-0.09152', '0.00049', '0.00041', '0.00084', '1.00000']
  '004.6000': ['0.151', '1.564', '0.080', '-0.10025', '0.99496', '-0.00086', '-0.99496',
    '-0.10025', '0.00051', '0.00042', '0.00091', '1.00000']
  '004.6667': ['0.149', '1.539', '0.080', '-0.11024', '0.99391', '-0.00088', '-0.99391',
    '-0.11024', '0.00050', '0.00040', '0.00093', '1.00000']
  '004.7333': ['0.147', '1.514', '0.080', '-0.12250', '0.99247', '-0.00091', '-0.99247',
    '-0.12250', '0.00048', '0.00036', '0.00096', '1.00000']
  '004.8000': ['0.145', '1.491', '0.080', '-0.13624', '0.99068', '-0.00096', '-0.99068',
    '-0.13624', '0.00043', '0.00029', '0.00101', '1.00000']
  '004.8667': ['0.141', '1.465', '0.080', '-0.15011', '0.98867', '-0.00098', '-0.98867',
    '-0.15010', '0.00043', '0.00027', '0.00103', '1.00000']
  '004.9333': ['0.136', '1.436', '0.080', '-0.16227', '0.98675', '-0.00096', '-0.98675',
    '-0.16227', '0.00036', '0.00020', '0.00101', '1.00000']
  '005.0000': ['0.126', '1.405', '0.080', '-0.16641', '0.98606', '-0.00061', '-0.98606',
    '-0.16641', '0.00031', '0.00021', '0.00066', '1.00000']
  '005.0667': ['0.121', '1.378', '0.080', '-0.17124', '0.98523', '-0.00058', '-0.98523',
    '-0.17124', '0.00028', '0.00017', '0.00062', '1.00000']
  '005.1333': ['0.117', '1.354', '0.080', '-0.17824', '0.98399', '-0.00057', '-0.98399',
    '-0.17824', '0.00024', '0.00013', '0.00060', '1.00000']
  '005.2000': ['0.114', '1.330', '0.080', '-0.18723', '0.98232', '-0.00054', '-0.98232',
    '-0.18723', '0.00018', '0.00007', '0.00056', '1.00000']
  '005.2667': ['0.111', '1.309', '0.080', '-0.09860', '0.99513', '-0.00054', '-0.99513',
    '-0.09860', '0.00006', '0.00000', '0.00054', '1.00000']
  '005.3333': ['0.112', '1.290', '0.080', '-0.01479', '0.99989', '-0.00090', '-0.99989',
    '-0.01479', '-0.00019', '-0.00020', '0.00090', '1.00000']
  '005.4000': ['0.110', '1.269', '0.080', '0.07274', '0.99735', '-0.00086', '-0.99735',
    '0.07274', '-0.00036', '-0.00030', '0.00089', '1.00000']
  '005.4667': ['0.109', '1.246', '0.080', '0.06772', '0.99770', '-0.00078', '-0.99770',
    '0.06772', '-0.00050', '-0.00045', '0.00081', '1.00000']
  '005.5333': ['0.108', '1.221', '0.080', '0.06186', '0.99808', '-0.00069', '-0.99808',
    '0.06186', '-0.00056', '-0.00052', '0.00073', '1.00000']
  '005.6000': ['0.109', '1.196', '0.080', '0.05711', '0.99837', '-0.00063', '-0.99837',
    '0.05711', '-0.00055', '-0.00051', '0.00066', '1.00000']
  '005.6667': ['0.110', '1.171', '0.080', '0.05144', '0.99868', '-0.00055', '-0.99868',
    '0.05144', '-0.00054', '-0.00051', '0.00058', '1.00000']
  '005.7333': ['0.111', '1.142', '0.080', '0.09736', '0.99525', '-0.00027', '-0.99525',
    '0.09736', '-0.00040', '-0.00037', '0.00031', '1.00000']
  '005.8000': ['0.114', '1.115', '0.080', '0.19157', '0.98148', '-0.00023', '-0.98148',
    '0.19157', '-0.00036', '-0.00031', '0.00030', '1.00000']
  '005.8667': ['0.119', '1.088', '0.080', '0.28277', '0.95919', '-0.00025', '-0.95919',
    '0.28277', '-0.00027', '-0.00019', '0.00031', '1.00000']
  '005.9333': ['0.126', '1.063', '0.080', '0.37225', '0.92813', '-0.00025', '-0.92813',
    '0.37225', '-0.00030', '-0.00019', '0.00034', '1.00000']
  '006.0000': ['0.134', '1.039', '0.080', '0.46145', '0.88717', '-0.00021', '-0.88717',
    '0.46145', '-0.00032', '-0.00019', '0.00034', '1.00000']
  '006.0667': ['0.145', '1.016', '0.080', '0.54878', '0.83597', '-0.00019', '-0.83597',
    '0.54878', '-0.00034', '-0.00018', '0.00034', '1.00000']
  '006.1333': ['0.159', '0.993', '0.080', '0.63288', '0.77425', '-0.00016', '-0.77425',
    '0.63288', '-0.00033', '-0.00016', '0.00033', '1.00000']
  '006.2000': ['0.175', '0.971', '0.080', '0.71278', '0.70139', '-0.00013', '-0.70139',
    '0.71278', '-0.00034', '-0.00014', '0.00033', '1.00000']
  '006.2667': ['0.193', '0.951', '0.080', '0.78690', '0.61708', '-0.00011', '-0.61708',
    '0.78690', '-0.00033', '-0.00012', '0.00032', '1.00000']
  '006.3333': ['0.214', '0.933', '0.080', '0.83354', '0.55247', '-0.00009', '-0.55247',
    '0.83354', '-0.00032', '-0.00010', '0.00032', '1.00000']
  '006.4000': ['0.236', '0.917', '0.080', '0.84269', '0.53840', '-0.00009', '-0.53840',
    '0.84269', '-0.00033', '-0.00010', '0.00032', '1.00000']
  '006.4667': ['0.259', '0.903', '0.080', '0.85187', '0.52375', '-0.00008', '-0.52375',
    '0.85187', '-0.00033', '-0.00011', '0.00032', '1.00000']
  '006.5333': ['0.283', '0.889', '0.080', '0.85966', '0.51087', '-0.00007', '-0.51087',
    '0.85966', '-0.00032', '-0.00010', '0.00031', '1.00000']
  '006.6000': ['0.307', '0.876', '0.080', '0.86585', '0.50030', '-0.00006', '-0.50030',
    '0.86585', '-0.00031', '-0.00011', '0.00030', '1.00000']
  '006.6667': ['0.330', '0.864', '0.080', '0.91620', '0.40072', '-0.00004', '-0.40072',
    '0.91620', '-0.00034', '-0.00010', '0.00032', '1.00000']
  '006.7333': ['0.355', '0.852', '0.080', '0.95533', '0.29555', '-0.00002', '-0.29555',
    '0.95533', '-0.00032', '-0.00007', '0.00031', '1.00000']
  '006.8000': ['0.379', '0.843', '0.080', '0.98309', '0.18315', '0.00000', '-0.18315',
    '0.98309', '-0.00032', '-0.00006', '0.00031', '1.00000']
  '006.8667': ['0.404', '0.837', '0.080', '0.98658', '0.16325', '0.00000', '-0.16325',
    '0.98658', '-0.00031', '-0.00005', '0.00030', '1.00000']
  '006.9333': ['0.421', '0.838', '0.080', '0.98848', '0.15137', '-0.00002', '-0.15137',
    '0.98848', '-0.00039', '-0.00004', '0.00039', '1.00000']
  '007.0000': ['0.446', '0.833', '0.080', '0.99082', '0.13521', '-0.00003', '-0.13521',
    '0.99082', '-0.00038', '-0.00002', '0.00038', '1.00000']
  '007.0667': ['0.471', '0.829', '0.080', '0.99305', '0.11768', '-0.00002', '-0.11768',
    '0.99305', '-0.00044', '-0.00003', '0.00044', '1.00000']
  '007.1333': ['0.494', '0.826', '0.080', '0.99172', '0.12844', '-0.00000', '-0.12844',
    '0.99172', '-0.00035', '-0.00004', '0.00035', '1.00000']
  '007.2000': ['0.522', '0.820', '0.080', '0.97854', '0.20608', '-0.00003', '-0.20608',
    '0.97854', '-0.00033', '-0.00004', '0.00033', '1.00000']
  '007.2667': ['0.548', '0.816', '0.080', '0.95817', '0.28621', '-0.00004', '-0.28621',
    '0.95817', '-0.00030', '-0.00005', '0.00030', '1.00000']
  '007.3333': ['0.569', '0.812', '0.080', '0.92792', '0.37278', '-0.00004', '-0.37278',
    '0.92792', '-0.00029', '-0.00007', '0.00028', '1.00000']
  '007.4000': ['0.581', '0.807', '0.080', '0.88740', '0.46100', '-0.00009', '-0.46100',
    '0.88740', '-0.00019', '-0.00000', '0.00021', '1.00000']
  '007.4667': ['0.601', '0.798', '0.080', '0.83596', '0.54879', '-0.00010', '-0.54879',
    '0.83596', '-0.00016', '-0.00000', '0.00019', '1.00000']
  '007.5333': ['0.622', '0.785', '0.080', '0.77229', '0.63528', '-0.00013', '-0.63528',
    '0.77229', '-0.00017', '-0.00001', '0.00021', '1.00000']
  '007.6000': ['0.642', '0.771', '0.080', '0.69509', '0.71892', '-0.00014', '-0.71892',
    '0.69509', '-0.00016', '-0.00002', '0.00022', '1.00000']
  '007.6667': ['0.661', '0.754', '0.080', '0.60343', '0.79742', '-0.00015', '-0.79742',
    '0.60343', '-0.00016', '-0.00004', '0.00022', '1.00000']
  '007.7333': ['0.679', '0.732', '0.080', '0.51934', '0.85457', '-0.00015', '-0.85457',
    '0.51934', '-0.00013', '-0.00003', '0.00020', '1.00000']
  '007.8000': ['0.695', '0.708', '0.080', '0.49477', '0.86903', '-0.00015', '-0.86903',
    '0.49477', '-0.00011', '-0.00002', '0.00019', '1.00000']
  '007.8667': ['0.709', '0.679', '0.080', '0.47103', '0.88212', '-0.00012', '-0.88212',
    '0.47103', '-0.00010', '-0.00003', '0.00016', '1.00000']
  '007.9333': ['0.726', '0.641', '0.080', '0.45473', '0.89063', '-0.00011', '-0.89063',
    '0.45473', '-0.00019', '-0.00012', '0.00018', '1.00000']
  '008.0000': ['0.744', '0.590', '0.080', '0.45475', '0.89062', '0.00007', '-0.89062',
    '0.45475', '-0.00017', '-0.00018', '0.00001', '1.00000']
  '008.0667': ['0.763', '0.548', '0.080', '0.46097', '0.88742', '0.00012', '-0.88742',
    '0.46097', '-0.00018', '-0.00021', '-0.00002', '1.00000']
  '008.1333': ['0.780', '0.510', '0.080', '0.47165', '0.88179', '0.00032', '-0.88179',
    '0.47165', '-0.00018', '-0.00031', '-0.00020', '1.00000']
  '008.2000': ['0.799', '0.475', '0.080', '0.56970', '0.82185', '0.00036', '-0.82185',
    '0.56970', '-0.00018', '-0.00035', '-0.00019', '1.00000']
  '008.2667': ['0.829', '0.439', '0.080', '0.61188', '0.79095', '0.00015', '-0.79095',
    '0.61188', '-0.00020', '-0.00025', '0.00000', '1.00000']
  '008.3333': ['0.860', '0.400', '0.080', '0.61710', '0.78688', '0.00045', '-0.78688',
    '0.61710', '-0.00024', '-0.00047', '-0.00020', '1.00000']
  '008.4000': ['0.886', '0.367', '0.080', '0.69757', '0.71652', '0.00054', '-0.71652',
    '0.69757', '-0.00015', '-0.00049', '-0.00028', '1.00000']
  '008.4667': ['0.913', '0.340', '0.080', '0.76729', '0.64129', '0.00020', '-0.64129',
    '0.76729', '-0.00028', '-0.00034', '0.00009', '1.00000']
  '008.5333': ['0.938', '0.318', '0.080', '0.82920', '0.55896', '0.00014', '-0.55896',
    '0.82920', '-0.00029', '-0.00028', '0.00016', '1.00000']
  '008.6000': ['0.959', '0.303', '0.080', '0.88308', '0.46921', '0.00014', '-0.46921',
    '0.88308', '-0.00029', '-0.00026', '0.00019', '1.00000']
  '008.6667': ['0.981', '0.291', '0.080', '0.92729', '0.37433', '0.00014', '-0.37433',
    '0.92729', '-0.00029', '-0.00024', '0.00021', '1.00000']
  '008.7333': ['1.004', '0.280', '0.080', '0.96134', '0.27535', '0.00014', '-0.27535',
    '0.96134', '-0.00029', '-0.00021', '0.00024', '1.00000']
  '008.8000': ['1.027', '0.273', '0.080', '0.98486', '0.17335', '0.00014', '-0.17335',
    '0.98486', '-0.00029', '-0.00019', '0.00026', '1.00000']
  '008.8667': ['1.052', '0.268', '0.080', '0.99759', '0.06945', '0.00014', '-0.06945',
    '0.99759', '-0.00029', '-0.00016', '0.00028', '1.00000']
  '008.9333': ['1.077', '0.265', '0.080', '0.99938', '-0.03521', '0.00014', '0.03522',
    '0.99938', '-0.00029', '-0.00013', '0.00029', '1.00000']
  '009.0000': ['1.102', '0.266', '0.080', '0.99022', '-0.13949', '0.00014', '0.13949',
    '0.99022', '-0.00029', '-0.00010', '0.00030', '1.00000']
  '009.0667': ['1.127', '0.269', '0.080', '0.97022', '-0.24224', '0.00014', '0.24224',
    '0.97022', '-0.00029', '-0.00007', '0.00031', '1.00000']
  '009.1333': ['1.152', '0.274', '0.080', '0.93958', '-0.34233', '0.00014', '0.34233',
    '0.93958', '-0.00029', '-0.00003', '0.00032', '1.00000']
  '009.2000': ['1.176', '0.282', '0.080', '0.90735', '-0.42038', '0.00014', '0.42038',
    '0.90735', '-0.00029', '-0.00001', '0.00032', '1.00000']
  '009.2667': ['1.199', '0.292', '0.080', '0.90735', '-0.42038', '0.00014', '0.42038',
    '0.90735', '-0.00029', '-0.00001', '0.00032', '1.00000']
  '009.3333': ['1.221', '0.303', '0.080', '0.90735', '-0.42038', '0.00014', '0.42038',
    '0.90735', '-0.00029', '-0.00001', '0.00032', '1.00000']
  '009.4000': ['1.244', '0.314', '0.080', '0.90735', '-0.42038', '0.00014', '0.42038',
    '0.90735', '-0.00029', '-0.00001', '0.00032', '1.00000']
  '009.4667': ['1.267', '0.324', '0.080', '0.90735', '-0.42038', '0.00014', '0.42038',
    '0.90735', '-0.00029', '-0.00001', '0.00032', '1.00000']
  '009.5333': ['1.290', '0.335', '0.080', '0.90735', '-0.42038', '0.00014', '0.42038',
    '0.90735', '-0.00029', '-0.00001', '0.00032', '1.00000']
  '009.6000': ['1.313', '0.345', '0.080', '0.90735', '-0.42038', '0.00014', '0.42038',
    '0.90735', '-0.00029', '-0.00001', '0.00032', '1.00000']
  '009.6667': ['1.336', '0.356', '0.080', '0.90735', '-0.42038', '0.00014', '0.42038',
    '0.90735', '-0.00029', '-0.00001', '0.00032', '1.00000']
  '009.7333': ['1.359', '0.367', '0.080', '0.90735', '-0.42038', '0.00014', '0.42038',
    '0.90735', '-0.00029', '-0.00001', '0.00032', '1.00000']
