begin_time_stamp: 1574104075.0666642
data_header:
  time_stamp: [x, y, z, R11, R12, R13, R21, R22, R23, R31, R32, R33]
trajectory_data:
  '000.0000': ['0.568', '3.338', '0.080', '-0.99575', '0.09207', '-0.00034', '-0.09207',
    '-0.99575', '0.00069', '-0.00028', '0.00071', '1.00000']
  '000.0667': ['0.544', '3.334', '0.080', '-0.98201', '0.18881', '-0.00039', '-0.18881',
    '-0.98201', '0.00060', '-0.00027', '0.00066', '1.00000']
  '000.1333': ['0.520', '3.329', '0.080', '-0.95991', '0.28030', '-0.00043', '-0.28030',
    '-0.95991', '0.00059', '-0.00025', '0.00069', '1.00000']
  '000.2000': ['0.497', '3.320', '0.080', '-0.92989', '0.36784', '-0.00051', '-0.36785',
    '-0.92989', '0.00060', '-0.00025', '0.00074', '1.00000']
  '000.2667': ['0.475', '3.310', '0.080', '-0.89170', '0.45262', '-0.00062', '-0.45263',
    '-0.89170', '0.00067', '-0.00025', '0.00088', '1.00000']
  '000.3333': ['0.454', '3.299', '0.080', '-0.84414', '0.53612', '-0.00075', '-0.53612',
    '-0.84414', '0.00079', '-0.00021', '0.00107', '1.00000']
  '000.4000': ['0.433', '3.284', '0.080', '-0.82659', '0.56280', '-0.00082', '-0.56280',
    '-0.82659', '0.00094', '-0.00015', '0.00124', '1.00000']
  '000.4667': ['0.410', '3.270', '0.080', '-0.82424', '0.56624', '-0.00070', '-0.56624',
    '-0.82424', '0.00077', '-0.00014', '0.00103', '1.00000']
  '000.5333': ['0.387', '3.258', '0.080', '-0.81919', '0.57352', '-0.00057', '-0.57352',
    '-0.81919', '0.00044', '-0.00021', '0.00068', '1.00000']
  '000.6000': ['0.367', '3.244', '0.080', '-0.81622', '0.57774', '-0.00055', '-0.57774',
    '-0.81622', '0.00037', '-0.00023', '0.00062', '1.00000']
  '000.6667': ['0.350', '3.229', '0.080', '-0.81846', '0.57456', '-0.00053', '-0.57456',
    '-0.81846', '0.00036', '-0.00023', '0.00060', '1.00000']
  '000.7333': ['0.333', '3.214', '0.080', '-0.82647', '0.56298', '-0.00056', '-0.56298',
    '-0.82647', '0.00035', '-0.00026', '0.00061', '1.00000']
  '000.8000': ['0.314', '3.198', '0.080', '-0.80323', '0.59567', '-0.00057', '-0.59567',
    '-0.80323', '0.00033', '-0.00026', '0.00060', '1.00000']
  '000.8667': ['0.292', '3.181', '0.080', '-0.75947', '0.65055', '-0.00058', '-0.65055',
    '-0.75947', '0.00028', '-0.00026', '0.00059', '1.00000']
  '000.9333': ['0.267', '3.166', '0.080', '-0.70635', '0.70786', '-0.00059', '-0.70786',
    '-0.70635', '0.00021', '-0.00027', '0.00057', '1.00000']
  '001.0000': ['0.247', '3.149', '0.080', '-0.64454', '0.76457', '-0.00062', '-0.76457',
    '-0.64454', '0.00017', '-0.00027', '0.00059', '1.00000']
  '001.0667': ['0.228', '3.128', '0.080', '-0.57394', '0.81890', '-0.00064', '-0.81890',
    '-0.57394', '0.00014', '-0.00025', '0.00061', '1.00000']
  '001.1333': ['0.213', '3.110', '0.080', '-0.49406', '0.86943', '-0.00063', '-0.86943',
    '-0.49406', '0.00011', '-0.00021', '0.00060', '1.00000']
  '001.2000': ['0.201', '3.089', '0.080', '-0.45784', '0.88903', '-0.00061', '-0.88903',
    '-0.45784', '0.00009', '-0.00020', '0.00058', '1.00000']
  '001.2667': ['0.189', '3.068', '0.080', '-0.45806', '0.88892', '-0.00060', '-0.88892',
    '-0.45806', '0.00009', '-0.00020', '0.00057', '1.00000']
  '001.3333': ['0.179', '3.045', '0.080', '-0.46038', '0.88772', '-0.00056', '-0.88772',
    '-0.46038', '0.00008', '-0.00019', '0.00053', '1.00000']
  '001.4000': ['0.170', '3.023', '0.080', '-0.46809', '0.88368', '-0.00053', '-0.88368',
    '-0.46809', '0.00009', '-0.00017', '0.00051', '1.00000']
  '001.4667': ['0.161', '3.001', '0.080', '-0.47305', '0.88104', '-0.00052', '-0.88104',
    '-0.47305', '0.00009', '-0.00016', '0.00050', '1.00000']
  '001.5333': ['0.151', '2.980', '0.080', '-0.40053', '0.91628', '-0.00053', '-0.91628',
    '-0.40053', '0.00008', '-0.00013', '0.00052', '1.00000']
  '001.6000': ['0.142', '2.960', '0.080', '-0.32792', '0.94470', '-0.00055', '-0.94470',
    '-0.32792', '0.00005', '-0.00013', '0.00053', '1.00000']
  '001.6667': ['0.133', '2.935', '0.080', '-0.25106', '0.96797', '-0.00051', '-0.96797',
    '-0.25106', '0.00003', '-0.00010', '0.00050', '1.00000']
  '001.7333': ['0.125', '2.911', '0.080', '-0.16699', '0.98596', '-0.00051', '-0.98596',
    '-0.16699', '0.00002', '-0.00006', '0.00051', '1.00000']
  '001.8000': ['0.118', '2.887', '0.080', '-0.11711', '0.99312', '-0.00054', '-0.99312',
    '-0.11711', '0.00004', '-0.00003', '0.00054', '1.00000']
  '001.8667': ['0.115', '2.864', '0.080', '-0.12109', '0.99264', '-0.00052', '-0.99264',
    '-0.12109', '0.00005', '-0.00001', '0.00052', '1.00000']
  '001.9333': ['0.113', '2.842', '0.080', '-0.12415', '0.99226', '-0.00050', '-0.99226',
    '-0.12415', '0.00008', '0.00002', '0.00050', '1.00000']
  '002.0000': ['0.111', '2.819', '0.080', '-0.12978', '0.99154', '-0.00047', '-0.99154',
    '-0.12978', '0.00011', '0.00004', '0.00048', '1.00000']
  '002.0667': ['0.109', '2.795', '0.080', '-0.13984', '0.99017', '-0.00051', '-0.99017',
    '-0.13984', '0.00012', '0.00005', '0.00053', '1.00000']
  '002.1333': ['0.106', '2.769', '0.080', '-0.06494', '0.99789', '-0.00053', '-0.99789',
    '-0.06494', '0.00007', '0.00004', '0.00053', '1.00000']
  '002.2000': ['0.104', '2.745', '0.080', '-0.00568', '0.99998', '-0.00055', '-0.99998',
    '-0.00568', '0.00005', '0.00005', '0.00055', '1.00000']
  '002.2667': ['0.104', '2.721', '0.080', '-0.01854', '0.99983', '-0.00058', '-0.99983',
    '-0.01854', '0.00010', '0.00009', '0.00058', '1.00000']
  '002.3333': ['0.103', '2.699', '0.080', '-0.03014', '0.99955', '-0.00056', '-0.99955',
    '-0.03014', '0.00011', '0.00009', '0.00056', '1.00000']
  '002.4000': ['0.103', '2.674', '0.080', '-0.04251', '0.99910', '-0.00054', '-0.99910',
    '-0.04251', '0.00002', '-0.00001', '0.00054', '1.00000']
  '002.4667': ['0.102', '2.649', '0.080', '-0.05839', '0.99829', '-0.00052', '-0.99829',
    '-0.05839', '0.00001', '-0.00002', '0.00052', '1.00000']
  '002.5333': ['0.100', '2.628', '0.080', '0.01546', '0.99988', '-0.00043', '-0.99988',
    '0.01546', '-0.00013', '-0.00013', '0.00044', '1.00000']
  '002.6000': ['0.099', '2.604', '0.080', '0.09973', '0.99501', '-0.00037', '-0.99501',
    '0.09973', '-0.00022', '-0.00018', '0.00039', '1.00000']
  '002.6667': ['0.098', '2.577', '0.080', '0.15457', '0.98798', '-0.00028', '-0.98798',
    '0.15457', '-0.00039', '-0.00035', '0.00034', '1.00000']
  '002.7333': ['0.098', '2.548', '0.080', '0.15305', '0.98822', '-0.00023', '-0.98822',
    '0.15305', '-0.00037', '-0.00033', '0.00029', '1.00000']
  '002.8000': ['0.100', '2.521', '0.080', '0.15842', '0.98737', '-0.00016', '-0.98737',
    '0.15842', '-0.00037', '-0.00034', '0.00021', '1.00000']
  '002.8667': ['0.103', '2.499', '0.080', '0.16480', '0.98633', '-0.00012', '-0.98633',
    '0.16480', '-0.00034', '-0.00031', '0.00018', '1.00000']
  '002.9333': ['0.107', '2.475', '0.080', '0.17043', '0.98537', '-0.00012', '-0.98537',
    '0.17043', '-0.00034', '-0.00031', '0.00018', '1.00000']
  '003.0000': ['0.111', '2.448', '0.080', '0.17588', '0.98441', '-0.00012', '-0.98441',
    '0.17588', '-0.00032', '-0.00030', '0.00018', '1.00000']
  '003.0667': ['0.113', '2.430', '0.080', '0.18372', '0.98298', '-0.00022', '-0.98298',
    '0.18372', '-0.00061', '-0.00056', '0.00033', '1.00000']
  '003.1333': ['0.116', '2.408', '0.080', '0.19162', '0.98147', '-0.00023', '-0.98147',
    '0.19162', '-0.00068', '-0.00062', '0.00036', '1.00000']
  '003.2000': ['0.122', '2.381', '0.080', '0.19854', '0.98009', '-0.00026', '-0.98009',
    '0.19854', '-0.00071', '-0.00064', '0.00039', '1.00000']
  '003.2667': ['0.127', '2.357', '0.080', '0.20443', '0.97888', '-0.00028', '-0.97888',
    '0.20443', '-0.00070', '-0.00063', '0.00042', '1.00000']
  '003.3333': ['0.133', '2.330', '0.080', '0.20960', '0.97779', '-0.00027', '-0.97779',
    '0.20960', '-0.00069', '-0.00062', '0.00041', '1.00000']
  '003.4000': ['0.138', '2.307', '0.080', '0.21472', '0.97668', '-0.00026', '-0.97668',
    '0.21472', '-0.00066', '-0.00059', '0.00040', '1.00000']
  '003.4667': ['0.143', '2.286', '0.080', '0.21971', '0.97556', '-0.00031', '-0.97556',
    '0.21971', '-0.00063', '-0.00055', '0.00044', '1.00000']
  '003.5333': ['0.149', '2.267', '0.080', '0.22233', '0.97497', '-0.00034', '-0.97497',
    '0.22233', '-0.00060', '-0.00051', '0.00047', '1.00000']
  '003.6000': ['0.157', '2.250', '0.080', '0.21720', '0.97613', '-0.00057', '-0.97613',
    '0.21720', '-0.00034', '-0.00021', '0.00063', '1.00000']
  '003.6667': ['0.163', '2.227', '0.080', '0.21191', '0.97729', '-0.00061', '-0.97729',
    '0.21191', '-0.00034', '-0.00020', '0.00067', '1.00000']
  '003.7333': ['0.168', '2.203', '0.080', '0.20857', '0.97801', '-0.00064', '-0.97801',
    '0.20857', '-0.00035', '-0.00021', '0.00069', '1.00000']
  '003.8000': ['0.174', '2.179', '0.080', '0.20614', '0.97852', '-0.00071', '-0.97852',
    '0.20614', '-0.00035', '-0.00020', '0.00076', '1.00000']
  '003.8667': ['0.180', '2.152', '0.080', '0.10705', '0.99425', '-0.00076', '-0.99425',
    '0.10705', '-0.00032', '-0.00024', '0.00079', '1.00000']
  '003.9333': ['0.183', '2.127', '0.080', '0.00136', '1.00000', '-0.00078', '-1.00000',
    '0.00136', '-0.00029', '-0.00029', '0.00078', '1.00000']
  '004.0000': ['0.186', '2.103', '0.080', '-0.09635', '0.99535', '-0.00082', '-0.99535',
    '-0.09635', '-0.00028', '-0.00036', '0.00079', '1.00000']
  '004.0667': ['0.186', '2.079', '0.080', '-0.11471', '0.99340', '-0.00085', '-0.99340',
    '-0.11471', '-0.00030', '-0.00040', '0.00081', '1.00000']
  '004.1333': ['0.186', '2.053', '0.080', '-0.14140', '0.98995', '-0.00086', '-0.98995',
    '-0.14140', '-0.00031', '-0.00043', '0.00081', '1.00000']
  '004.2000': ['0.184', '2.029', '0.080', '-0.17194', '0.98511', '-0.00087', '-0.98511',
    '-0.17194', '-0.00032', '-0.00047', '0.00080', '1.00000']
  '004.2667': ['0.181', '2.005', '0.080', '-0.20618', '0.97851', '-0.00088', '-0.97851',
    '-0.20618', '-0.00031', '-0.00049', '0.00080', '1.00000']
  '004.3333': ['0.176', '1.977', '0.080', '-0.24445', '0.96966', '-0.00088', '-0.96966',
    '-0.24445', '-0.00029', '-0.00050', '0.00078', '1.00000']
  '004.4000': ['0.169', '1.951', '0.080', '-0.27814', '0.96054', '-0.00086', '-0.96054',
    '-0.27814', '-0.00025', '-0.00048', '0.00076', '1.00000']
  '004.4667': ['0.153', '1.921', '0.080', '-0.20623', '0.97850', '-0.00064', '-0.97850',
    '-0.20623', '0.00008', '-0.00006', '0.00065', '1.00000']
  '004.5333': ['0.144', '1.895', '0.080', '-0.12830', '0.99174', '-0.00056', '-0.99174',
    '-0.12830', '0.00002', '-0.00005', '0.00056', '1.00000']
  '004.6000': ['0.138', '1.872', '0.080', '-0.04324', '0.99906', '-0.00049', '-0.99906',
    '-0.04324', '-0.00004', '-0.00006', '0.00049', '1.00000']
  '004.6667': ['0.136', '1.850', '0.080', '-0.05330', '0.99858', '-0.00046', '-0.99858',
    '-0.05330', '-0.00007', '-0.00009', '0.00046', '1.00000']
  '004.7333': ['0.134', '1.827', '0.080', '-0.06332', '0.99799', '-0.00042', '-0.99799',
    '-0.06332', '-0.00009', '-0.00012', '0.00042', '1.00000']
  '004.8000': ['0.130', '1.803', '0.080', '-0.06989', '0.99755', '-0.00043', '-0.99756',
    '-0.06989', '-0.00005', '-0.00008', '0.00043', '1.00000']
  '004.8667': ['0.120', '1.781', '0.080', '-0.06399', '0.99795', '-0.00067', '-0.99795',
    '-0.06399', '0.00017', '0.00012', '0.00068', '1.00000']
  '004.9333': ['0.117', '1.756', '0.080', '-0.05532', '0.99847', '-0.00073', '-0.99847',
    '-0.05532', '0.00020', '0.00016', '0.00074', '1.00000']
  '005.0000': ['0.116', '1.733', '0.080', '-0.04937', '0.99878', '-0.00070', '-0.99878',
    '-0.04937', '0.00028', '0.00024', '0.00071', '1.00000']
  '005.0667': ['0.116', '1.708', '0.080', '-0.04731', '0.99888', '-0.00071', '-0.99888',
    '-0.04731', '0.00035', '0.00032', '0.00072', '1.00000']
  '005.1333': ['0.116', '1.683', '0.080', '-0.04786', '0.99885', '-0.00070', '-0.99885',
    '-0.04786', '0.00042', '0.00038', '0.00072', '1.00000']
  '005.2000': ['0.116', '1.659', '0.080', '-0.05154', '0.99867', '-0.00073', '-0.99867',
    '-0.05154', '0.00051', '0.00047', '0.00076', '1.00000']
  '005.2667': ['0.116', '1.635', '0.080', '-0.05764', '0.99834', '-0.00080', '-0.99834',
    '-0.05764', '0.00053', '0.00048', '0.00083', '1.00000']
  '005.3333': ['0.116', '1.610', '0.080', '-0.06579', '0.99783', '-0.00083', '-0.99783',
    '-0.06579', '0.00053', '0.00047', '0.00086', '1.00000']
  '005.4000': ['0.114', '1.585', '0.080', '-0.07516', '0.99717', '-0.00087', '-0.99717',
    '-0.07516', '0.00054', '0.00047', '0.00091', '1.00000']
  '005.4667': ['0.113', '1.561', '0.080', '-0.08668', '0.99624', '-0.00091', '-0.99624',
    '-0.08668', '0.00053', '0.00044', '0.00095', '1.00000']
  '005.5333': ['0.111', '1.535', '0.080', '-0.09972', '0.99501', '-0.00096', '-0.99502',
    '-0.09972', '0.00055', '0.00045', '0.00101', '1.00000']
  '005.6000': ['0.109', '1.509', '0.080', '-0.11344', '0.99354', '-0.00097', '-0.99354',
    '-0.11344', '0.00053', '0.00042', '0.00103', '1.00000']
  '005.6667': ['0.104', '1.482', '0.080', '-0.12415', '0.99226', '-0.00099', '-0.99226',
    '-0.12415', '0.00053', '0.00040', '0.00105', '1.00000']
  '005.7333': ['0.093', '1.452', '0.080', '-0.12136', '0.99261', '-0.00069', '-0.99261',
    '-0.12136', '0.00045', '0.00036', '0.00074', '1.00000']
  '005.8000': ['0.089', '1.426', '0.080', '-0.11921', '0.99287', '-0.00068', '-0.99287',
    '-0.11921', '0.00043', '0.00035', '0.00073', '1.00000']
  '005.8667': ['0.087', '1.401', '0.080', '-0.11999', '0.99278', '-0.00065', '-0.99278',
    '-0.11999', '0.00038', '0.00029', '0.00069', '1.00000']
  '005.9333': ['0.086', '1.377', '0.080', '-0.12405', '0.99228', '-0.00069', '-0.99228',
    '-0.12405', '0.00031', '0.00022', '0.00072', '1.00000']
  '006.0000': ['0.082', '1.353', '0.080', '-0.12853', '0.99171', '-0.00068', '-0.99171',
    '-0.12853', '0.00023', '0.00014', '0.00070', '1.00000']
  '006.0667': ['0.080', '1.329', '0.080', '-0.13490', '0.99086', '-0.00067', '-0.99086',
    '-0.13490', '0.00018', '0.00009', '0.00069', '1.00000']
  '006.1333': ['0.077', '1.304', '0.080', '-0.14278', '0.98975', '-0.00061', '-0.98976',
    '-0.14278', '0.00008', '-0.00001', '0.00062', '1.00000']
  '006.2000': ['0.075', '1.279', '0.080', '-0.15594', '0.98777', '-0.00062', '-0.98777',
    '-0.15594', '0.00004', '-0.00006', '0.00062', '1.00000']
  '006.2667': ['0.072', '1.254', '0.080', '-0.17136', '0.98521', '-0.00052', '-0.98521',
    '-0.17136', '-0.00006', '-0.00015', '0.00050', '1.00000']
  '006.3333': ['0.068', '1.230', '0.080', '-0.18798', '0.98217', '-0.00048', '-0.98217',
    '-0.18798', '-0.00010', '-0.00019', '0.00046', '1.00000']
  '006.4000': ['0.064', '1.206', '0.080', '-0.20810', '0.97811', '-0.00045', '-0.97811',
    '-0.20810', '-0.00014', '-0.00023', '0.00041', '1.00000']
  '006.4667': ['0.059', '1.183', '0.080', '-0.21931', '0.97566', '-0.00042', '-0.97566',
    '-0.21931', '-0.00021', '-0.00030', '0.00036', '1.00000']
  '006.5333': ['0.052', '1.162', '0.080', '-0.13917', '0.99027', '-0.00030', '-0.99027',
    '-0.13917', '-0.00050', '-0.00054', '0.00023', '1.00000']
  '006.6000': ['0.050', '1.134', '0.080', '-0.06399', '0.99795', '-0.00044', '-0.99795',
    '-0.06399', '-0.00025', '-0.00028', '0.00043', '1.00000']
  '006.6667': ['0.050', '1.108', '0.080', '0.00859', '0.99996', '-0.00042', '-0.99996',
    '0.00859', '-0.00023', '-0.00023', '0.00042', '1.00000']
  '006.7333': ['0.051', '1.084', '0.080', '0.08010', '0.99679', '-0.00038', '-0.99679',
    '0.08010', '-0.00023', '-0.00020', '0.00040', '1.00000']
  '006.8000': ['0.053', '1.060', '0.080', '0.15123', '0.98850', '-0.00035', '-0.98850',
    '0.15123', '-0.00028', '-0.00022', '0.00039', '1.00000']
  '006.8667': ['0.057', '1.035', '0.080', '0.22029', '0.97543', '-0.00031', '-0.97543',
    '0.22029', '-0.00029', '-0.00021', '0.00037', '1.00000']
  '006.9333': ['0.064', '1.010', '0.080', '0.28551', '0.95838', '-0.00030', '-0.95838',
    '0.28551', '-0.00030', '-0.00020', '0.00038', '1.00000']
  '007.0000': ['0.072', '0.985', '0.080', '0.34565', '0.93836', '-0.00028', '-0.93836',
    '0.34565', '-0.00032', '-0.00020', '0.00037', '1.00000']
  '007.0667': ['0.084', '0.961', '0.080', '0.39879', '0.91704', '-0.00025', '-0.91704',
    '0.39879', '-0.00032', '-0.00019', '0.00035', '1.00000']
  '007.1333': ['0.097', '0.936', '0.080', '0.44449', '0.89578', '-0.00024', '-0.89578',
    '0.44449', '-0.00031', '-0.00017', '0.00035', '1.00000']
  '007.2000': ['0.111', '0.910', '0.080', '0.48454', '0.87477', '-0.00023', '-0.87477',
    '0.48454', '-0.00029', '-0.00015', '0.00034', '1.00000']
  '007.2667': ['0.124', '0.879', '0.080', '0.52684', '0.84997', '-0.00020', '-0.84997',
    '0.52684', '-0.00027', '-0.00012', '0.00031', '1.00000']
  '007.3333': ['0.132', '0.835', '0.080', '0.59428', '0.80426', '-0.00002', '-0.80426',
    '0.59428', '-0.00002', '-0.00000', '0.00003', '1.00000']
  '007.4000': ['0.144', '0.799', '0.080', '0.67514', '0.73769', '0.00000', '-0.73769',
    '0.67514', '0.00002', '0.00002', '-0.00002', '1.00000']
  '007.4667': ['0.160', '0.769', '0.080', '0.75862', '0.65154', '0.00000', '-0.65154',
    '0.75862', '0.00002', '0.00002', '-0.00002', '1.00000']
  '007.5333': ['0.179', '0.744', '0.080', '0.83676', '0.54756', '0.00000', '-0.54756',
    '0.83676', '0.00003', '0.00001', '-0.00002', '1.00000']
  '007.6000': ['0.201', '0.726', '0.080', '0.89498', '0.44610', '0.00000', '-0.44610',
    '0.89498', '0.00002', '0.00001', '-0.00002', '1.00000']
  '007.6667': ['0.223', '0.713', '0.080', '0.91439', '0.40484', '-0.00000', '-0.40484',
    '0.91439', '0.00002', '0.00001', '-0.00002', '1.00000']
  '007.7333': ['0.245', '0.703', '0.080', '0.96167', '0.27423', '-0.00000', '-0.27423',
    '0.96167', '0.00001', '0.00001', '-0.00001', '1.00000']
  '007.8000': ['0.268', '0.697', '0.080', '0.99010', '0.14036', '0.00000', '-0.14036',
    '0.99010', '0.00001', '-0.00000', '-0.00001', '1.00000']
  '007.8667': ['0.291', '0.695', '0.080', '0.99997', '0.00803', '0.00002', '-0.00803',
    '0.99997', '-0.00003', '-0.00002', '0.00003', '1.00000']
  '007.9333': ['0.314', '0.698', '0.080', '0.99986', '-0.01666', '0.00009', '0.01666',
    '0.99986', '-0.00016', '-0.00009', '0.00016', '1.00000']
  '008.0000': ['0.339', '0.700', '0.080', '0.99938', '-0.03530', '0.00005', '0.03530',
    '0.99938', '-0.00010', '-0.00005', '0.00010', '1.00000']
  '008.0667': ['0.363', '0.704', '0.080', '0.99953', '-0.03080', '0.00005', '0.03080',
    '0.99953', '-0.00013', '-0.00004', '0.00013', '1.00000']
  '008.1333': ['0.388', '0.708', '0.080', '0.99779', '0.06641', '0.00004', '-0.06641',
    '0.99779', '-0.00024', '-0.00006', '0.00024', '1.00000']
  '008.2000': ['0.413', '0.709', '0.080', '0.98609', '0.16622', '0.00004', '-0.16622',
    '0.98609', '-0.00016', '-0.00006', '0.00015', '1.00000']
  '008.2667': ['0.439', '0.706', '0.080', '0.96393', '0.26616', '0.00004', '-0.26616',
    '0.96393', '-0.00006', '-0.00005', '0.00005', '1.00000']
  '008.3333': ['0.464', '0.699', '0.080', '0.93117', '0.36458', '0.00004', '-0.36458',
    '0.93117', '0.00000', '-0.00004', '-0.00002', '1.00000']
  '008.4000': ['0.488', '0.691', '0.080', '0.88796', '0.45992', '0.00004', '-0.45992',
    '0.88796', '0.00000', '-0.00003', '-0.00002', '1.00000']
  '008.4667': ['0.510', '0.680', '0.080', '0.83502', '0.55022', '0.00004', '-0.55022',
    '0.83502', '0.00000', '-0.00003', '-0.00002', '1.00000']
  '008.5333': ['0.532', '0.667', '0.080', '0.77293', '0.63449', '0.00004', '-0.63449',
    '0.77293', '0.00000', '-0.00003', '-0.00003', '1.00000']
  '008.6000': ['0.552', '0.652', '0.080', '0.70237', '0.71181', '0.00004', '-0.71181',
    '0.70237', '0.00000', '-0.00003', '-0.00003', '1.00000']
  '008.6667': ['0.570', '0.634', '0.080', '0.62411', '0.78134', '0.00004', '-0.78134',
    '0.62411', '0.00000', '-0.00002', '-0.00003', '1.00000']
  '008.7333': ['0.586', '0.615', '0.080', '0.53902', '0.84230', '0.00004', '-0.84230',
    '0.53902', '0.00000', '-0.00002', '-0.00003', '1.00000']
  '008.8000': ['0.600', '0.594', '0.080', '0.44802', '0.89403', '0.00004', '-0.89403',
    '0.44802', '0.00000', '-0.00002', '-0.00004', '1.00000']
  '008.8667': ['0.612', '0.572', '0.080', '0.36343', '0.93162', '0.00004', '-0.93162',
    '0.36343', '0.00000', '-0.00001', '-0.00004', '1.00000']
  '008.9333': ['0.621', '0.548', '0.080', '0.36343', '0.93162', '0.00004', '-0.93162',
    '0.36343', '0.00000', '-0.00001', '-0.00004', '1.00000']
  '009.0000': ['0.630', '0.524', '0.080', '0.36343', '0.93162', '0.00004', '-0.93162',
    '0.36343', '0.00000', '-0.00001', '-0.00004', '1.00000']
  '009.0667': ['0.639', '0.501', '0.080', '0.36343', '0.93162', '0.00004', '-0.93162',
    '0.36343', '0.00000', '-0.00001', '-0.00004', '1.00000']
  '009.1333': ['0.648', '0.477', '0.080', '0.36343', '0.93162', '0.00004', '-0.93162',
    '0.36343', '0.00000', '-0.00001', '-0.00004', '1.00000']
