begin_time_stamp: 1574104115.066664
data_header:
  time_stamp: [x, y, z, R11, R12, R13, R21, R22, R23, R31, R32, R33]
trajectory_data:
  '000.0000': ['1.324', '0.224', '0.080', '0.99975', '0.02254', '0.00012', '-0.02254',
    '0.99975', '-0.00037', '-0.00013', '0.00037', '1.00000']
  '000.0667': ['1.349', '0.223', '0.080', '0.99974', '0.02268', '0.00013', '-0.02268',
    '0.99974', '-0.00035', '-0.00014', '0.00035', '1.00000']
  '000.1333': ['1.375', '0.224', '0.080', '0.99967', '0.02550', '0.00018', '-0.02550',
    '0.99967', '-0.00035', '-0.00019', '0.00034', '1.00000']
  '000.2000': ['1.399', '0.224', '0.080', '0.99954', '0.03046', '0.00020', '-0.03046',
    '0.99954', '-0.00031', '-0.00021', '0.00030', '1.00000']
  '000.2667': ['1.422', '0.224', '0.080', '0.99924', '0.03899', '0.00016', '-0.03899',
    '0.99924', '-0.00031', '-0.00017', '0.00031', '1.00000']
  '000.3333': ['1.445', '0.224', '0.080', '0.99871', '0.05078', '0.00015', '-0.05078',
    '0.99871', '-0.00029', '-0.00016', '0.00029', '1.00000']
  '000.4000': ['1.468', '0.223', '0.080', '0.99784', '0.06566', '0.00015', '-0.06566',
    '0.99784', '-0.00025', '-0.00017', '0.00024', '1.00000']
  '000.4667': ['1.490', '0.223', '0.080', '0.99643', '0.08448', '0.00013', '-0.08448',
    '0.99643', '-0.00022', '-0.00015', '0.00021', '1.00000']
  '000.5333': ['1.515', '0.222', '0.080', '0.99420', '0.10750', '0.00012', '-0.10750',
    '0.99420', '-0.00021', '-0.00014', '0.00020', '1.00000']
  '000.6000': ['1.543', '0.220', '0.080', '0.99069', '0.13615', '0.00011', '-0.13615',
    '0.99069', '-0.00020', '-0.00013', '0.00019', '1.00000']
  '000.6667': ['1.573', '0.218', '0.080', '0.98526', '0.17105', '0.00009', '-0.17105',
    '0.98526', '-0.00019', '-0.00012', '0.00018', '1.00000']
  '000.7333': ['1.605', '0.213', '0.080', '0.97749', '0.21099', '0.00006', '-0.21099',
    '0.97749', '-0.00022', '-0.00011', '0.00020', '1.00000']
  '000.8000': ['1.641', '0.204', '0.080', '0.96766', '0.25227', '0.00008', '-0.25227',
    '0.96766', '-0.00018', '-0.00012', '0.00015', '1.00000']
  '000.8667': ['1.682', '0.193', '0.080', '0.95572', '0.29428', '0.00009', '-0.29428',
    '0.95572', '-0.00013', '-0.00013', '0.00010', '1.00000']
  '000.9333': ['1.728', '0.177', '0.080', '0.94207', '0.33541', '0.00010', '-0.33541',
    '0.94207', '-0.00011', '-0.00013', '0.00007', '1.00000']
  '001.0000': ['1.781', '0.155', '0.080', '0.92797', '0.37265', '0.00011', '-0.37265',
    '0.92797', '-0.00011', '-0.00014', '0.00006', '1.00000']
  '001.0667': ['1.839', '0.127', '0.080', '0.91615', '0.40084', '0.00012', '-0.40084',
    '0.91615', '-0.00011', '-0.00015', '0.00005', '1.00000']
  '001.1333': ['2.166', '-0.079', '0.080', '0.97799', '0.20864', '0.00035', '-0.20864',
    '0.97799', '-0.00012', '-0.00037', '0.00004', '1.00000']
  '001.2000': ['2.220', '-0.103', '0.080', '0.98823', '0.15298', '0.00037', '-0.15298',
    '0.98823', '-0.00011', '-0.00038', '0.00005', '1.00000']
  '001.2667': ['2.263', '-0.120', '0.080', '0.99733', '0.07306', '0.00039', '-0.07306',
    '0.99733', '-0.00009', '-0.00039', '0.00006', '1.00000']
  '001.3333': ['2.300', '-0.133', '0.080', '0.99959', '-0.02846', '0.00040', '0.02846',
    '0.99959', '-0.00007', '-0.00040', '0.00008', '1.00000']
  '001.4000': ['2.331', '-0.142', '0.080', '0.98891', '-0.14850', '0.00040', '0.14850',
    '0.98891', '-0.00004', '-0.00039', '0.00010', '1.00000']
  '001.4667': ['2.362', '-0.147', '0.080', '0.95813', '-0.28633', '0.00042', '0.28633',
    '0.95813', '-0.00001', '-0.00040', '0.00013', '1.00000']
  '001.5333': ['2.388', '-0.149', '0.080', '0.90005', '-0.43580', '0.00043', '0.43580',
    '0.90005', '0.00003', '-0.00040', '0.00016', '1.00000']
  '001.6000': ['2.410', '-0.148', '0.080', '0.80880', '-0.58809', '0.00042', '0.58809',
    '0.80880', '0.00008', '-0.00039', '0.00019', '1.00000']
  '001.6667': ['2.428', '-0.144', '0.080', '0.68251', '-0.73088', '0.00041', '0.73088',
    '0.68251', '0.00012', '-0.00037', '0.00022', '1.00000']
  '001.7333': ['2.440', '-0.136', '0.080', '0.52498', '-0.85111', '0.00039', '0.85111',
    '0.52498', '0.00016', '-0.00034', '0.00025', '1.00000']
  '001.8000': ['2.446', '-0.125', '0.080', '0.34828', '-0.93739', '0.00036', '0.93739',
    '0.34828', '0.00020', '-0.00031', '0.00027', '1.00000']
  '001.8667': ['2.443', '-0.108', '0.080', '0.17224', '-0.98505', '0.00033', '0.98506',
    '0.17224', '0.00023', '-0.00028', '0.00029', '1.00000']
  '001.9333': ['2.430', '-0.085', '0.080', '0.02219', '-0.99975', '0.00030', '0.99975',
    '0.02219', '0.00024', '-0.00024', '0.00029', '1.00000']
  '002.0000': ['2.403', '-0.052', '0.080', '-0.07198', '-0.99741', '0.00026', '0.99741',
    '-0.07198', '0.00023', '-0.00021', '0.00028', '1.00000']
  '002.0667': ['2.311', '0.016', '0.080', '-0.03638', '-0.99934', '0.00014', '0.99934',
    '-0.03638', '0.00009', '-0.00008', '0.00014', '1.00000']
  '002.1333': ['2.280', '0.050', '0.080', '0.04101', '-0.99916', '0.00013', '0.99916',
    '0.04101', '0.00006', '-0.00007', '0.00012', '1.00000']
  '002.2000': ['2.259', '0.077', '0.080', '0.15731', '-0.98755', '0.00013', '0.98755',
    '0.15731', '0.00005', '-0.00007', '0.00012', '1.00000']
  '002.2667': ['2.249', '0.098', '0.080', '0.22514', '-0.97433', '0.00013', '0.97433',
    '0.22514', '0.00004', '-0.00007', '0.00012', '1.00000']
  '002.3333': ['2.245', '0.114', '0.080', '0.26715', '-0.96365', '0.00013', '0.96365',
    '0.26715', '0.00003', '-0.00007', '0.00012', '1.00000']
  '002.4000': ['2.247', '0.127', '0.080', '0.30746', '-0.95156', '0.00015', '0.95156',
    '0.30746', '0.00001', '-0.00006', '0.00014', '1.00000']
  '002.4667': ['2.252', '0.139', '0.080', '0.33965', '-0.94055', '0.00016', '0.94055',
    '0.33965', '-0.00001', '-0.00004', '0.00015', '1.00000']
  '002.5333': ['2.257', '0.151', '0.080', '0.37512', '-0.92698', '0.00016', '0.92698',
    '0.37512', '-0.00004', '-0.00003', '0.00016', '1.00000']
  '002.6000': ['2.261', '0.163', '0.080', '0.48333', '-0.87544', '0.00017', '0.87544',
    '0.48333', '-0.00008', '-0.00001', '0.00018', '1.00000']
  '002.6667': ['2.265', '0.177', '0.080', '0.58294', '-0.81252', '0.00016', '0.81252',
    '0.58294', '-0.00016', '0.00004', '0.00022', '1.00000']
  '002.7333': ['2.261', '0.194', '0.080', '0.68547', '-0.72810', '-0.00002', '0.72810',
    '0.68547', '-0.00043', '0.00032', '0.00028', '1.00000']
  '002.8000': ['2.272', '0.206', '0.080', '0.76999', '-0.63806', '-0.00009', '0.63806',
    '0.76999', '-0.00052', '0.00040', '0.00034', '1.00000']
  '002.8667': ['2.296', '0.217', '0.080', '0.83141', '-0.55565', '-0.00014', '0.55565',
    '0.83141', '-0.00058', '0.00044', '0.00040', '1.00000']
  '002.9333': ['2.320', '0.226', '0.080', '0.87633', '-0.48171', '-0.00017', '0.48171',
    '0.87633', '-0.00064', '0.00046', '0.00047', '1.00000']
  '003.0000': ['2.342', '0.234', '0.080', '0.91024', '-0.41409', '-0.00022', '0.41409',
    '0.91024', '-0.00066', '0.00048', '0.00051', '1.00000']
  '003.0667': ['2.364', '0.241', '0.080', '0.91745', '-0.39786', '-0.00024', '0.39786',
    '0.91745', '-0.00066', '0.00049', '0.00051', '1.00000']
  '003.1333': ['2.386', '0.247', '0.080', '0.89981', '-0.43629', '-0.00022', '0.43629',
    '0.89981', '-0.00072', '0.00052', '0.00055', '1.00000']
  '003.2000': ['2.407', '0.254', '0.080', '0.87702', '-0.48045', '-0.00023', '0.48045',
    '0.87702', '-0.00073', '0.00055', '0.00053', '1.00000']
  '003.2667': ['2.430', '0.262', '0.080', '0.84760', '-0.53063', '-0.00022', '0.53063',
    '0.84760', '-0.00075', '0.00059', '0.00052', '1.00000']
  '003.3333': ['2.453', '0.273', '0.080', '0.81027', '-0.58606', '-0.00020', '0.58606',
    '0.81027', '-0.00077', '0.00061', '0.00050', '1.00000']
  '003.4000': ['2.473', '0.283', '0.080', '0.76389', '-0.64534', '-0.00019', '0.64534',
    '0.76389', '-0.00080', '0.00066', '0.00049', '1.00000']
  '003.4667': ['2.492', '0.296', '0.080', '0.70780', '-0.70641', '-0.00015', '0.70641',
    '0.70780', '-0.00081', '0.00068', '0.00047', '1.00000']
  '003.5333': ['2.513', '0.314', '0.080', '0.64068', '-0.76780', '-0.00013', '0.76780',
    '0.64068', '-0.00081', '0.00070', '0.00042', '1.00000']
  '003.6000': ['2.530', '0.332', '0.080', '0.56378', '-0.82593', '-0.00010', '0.82593',
    '0.56378', '-0.00078', '0.00070', '0.00036', '1.00000']
  '003.6667': ['2.545', '0.350', '0.080', '0.47732', '-0.87873', '-0.00006', '0.87873',
    '0.47732', '-0.00075', '0.00069', '0.00031', '1.00000']
  '003.7333': ['2.558', '0.369', '0.080', '0.38060', '-0.92474', '-0.00005', '0.92474',
    '0.38060', '-0.00068', '0.00065', '0.00022', '1.00000']
  '003.8000': ['2.568', '0.390', '0.080', '0.35016', '-0.93669', '-0.00004', '0.93669',
    '0.35016', '-0.00062', '0.00060', '0.00018', '1.00000']
  '003.8667': ['2.577', '0.411', '0.080', '0.33795', '-0.94116', '-0.00006', '0.94116',
    '0.33795', '-0.00054', '0.00053', '0.00012', '1.00000']
  '003.9333': ['2.583', '0.431', '0.080', '0.32654', '-0.94518', '-0.00003', '0.94518',
    '0.32654', '-0.00042', '0.00040', '0.00011', '1.00000']
  '004.0000': ['2.591', '0.452', '0.080', '0.31574', '-0.94885', '-0.00009', '0.94885',
    '0.31574', '-0.00034', '0.00035', '0.00002', '1.00000']
  '004.0667': ['2.598', '0.478', '0.080', '0.30786', '-0.95143', '-0.00016', '0.95143',
    '0.30786', '-0.00028', '0.00032', '-0.00007', '1.00000']
  '004.1333': ['2.604', '0.501', '0.080', '0.30483', '-0.95241', '-0.00017', '0.95241',
    '0.30483', '-0.00024', '0.00028', '-0.00009', '1.00000']
  '004.2000': ['2.610', '0.523', '0.080', '0.30575', '-0.95211', '-0.00018', '0.95211',
    '0.30575', '-0.00023', '0.00027', '-0.00010', '1.00000']
  '004.2667': ['2.615', '0.544', '0.080', '0.31271', '-0.94985', '-0.00019', '0.94985',
    '0.31271', '-0.00024', '0.00029', '-0.00011', '1.00000']
  '004.3333': ['2.620', '0.564', '0.080', '0.32353', '-0.94622', '-0.00020', '0.94622',
    '0.32353', '-0.00025', '0.00030', '-0.00011', '1.00000']
  '004.4000': ['2.626', '0.583', '0.080', '0.33772', '-0.94125', '-0.00019', '0.94125',
    '0.33772', '-0.00024', '0.00029', '-0.00009', '1.00000']
  '004.4667': ['2.633', '0.602', '0.080', '0.35391', '-0.93528', '-0.00019', '0.93528',
    '0.35391', '-0.00024', '0.00030', '-0.00009', '1.00000']
  '004.5333': ['2.644', '0.626', '0.080', '0.36911', '-0.92939', '-0.00012', '0.92939',
    '0.36911', '-0.00025', '0.00027', '-0.00002', '1.00000']
  '004.6000': ['2.661', '0.647', '0.080', '0.31727', '-0.94833', '0.00005', '0.94833',
    '0.31727', '-0.00020', '0.00017', '0.00011', '1.00000']
  '004.6667': ['2.671', '0.669', '0.080', '0.21984', '-0.97554', '0.00010', '0.97554',
    '0.21984', '-0.00010', '0.00008', '0.00012', '1.00000']
  '004.7333': ['2.677', '0.693', '0.080', '0.11879', '-0.99292', '0.00017', '0.99292',
    '0.11879', '-0.00000', '-0.00002', '0.00017', '1.00000']
  '004.8000': ['2.682', '0.719', '0.080', '0.05694', '-0.99838', '0.00023', '0.99838',
    '0.05694', '0.00005', '-0.00006', '0.00023', '1.00000']
  '004.8667': ['2.684', '0.745', '0.080', '0.04696', '-0.99890', '0.00021', '0.99890',
    '0.04696', '0.00001', '-0.00002', '0.00021', '1.00000']
  '004.9333': ['2.684', '0.769', '0.080', '0.03533', '-0.99938', '0.00020', '0.99938',
    '0.03533', '-0.00002', '0.00001', '0.00021', '1.00000']
  '005.0000': ['2.685', '0.790', '0.080', '0.02431', '-0.99970', '0.00021', '0.99970',
    '0.02431', '-0.00008', '0.00008', '0.00021', '1.00000']
  '005.0667': ['2.685', '0.811', '0.080', '0.01445', '-0.99990', '0.00022', '0.99990',
    '0.01445', '-0.00007', '0.00006', '0.00022', '1.00000']
  '005.1333': ['2.684', '0.842', '0.080', '0.00816', '-0.99997', '0.00022', '0.99997',
    '0.00816', '-0.00010', '0.00010', '0.00022', '1.00000']
  '005.2000': ['2.683', '0.869', '0.080', '0.00442', '-0.99999', '0.00021', '0.99999',
    '0.00442', '-0.00011', '0.00011', '0.00021', '1.00000']
  '005.2667': ['2.683', '0.892', '0.080', '0.00243', '-1.00000', '0.00019', '1.00000',
    '0.00243', '-0.00012', '0.00012', '0.00019', '1.00000']
  '005.3333': ['2.683', '0.914', '0.080', '0.00084', '-1.00000', '0.00020', '1.00000',
    '0.00084', '-0.00013', '0.00013', '0.00020', '1.00000']
  '005.4000': ['2.683', '0.938', '0.080', '0.00036', '-1.00000', '0.00022', '1.00000',
    '0.00036', '-0.00014', '0.00014', '0.00022', '1.00000']
  '005.4667': ['2.683', '0.963', '0.080', '0.00045', '-1.00000', '0.00021', '1.00000',
    '0.00045', '-0.00015', '0.00015', '0.00021', '1.00000']
  '005.5333': ['2.683', '0.986', '0.080', '0.00041', '-1.00000', '0.00021', '1.00000',
    '0.00041', '-0.00015', '0.00015', '0.00021', '1.00000']
  '005.6000': ['2.684', '1.009', '0.080', '-0.00089', '-1.00000', '0.00020', '1.00000',
    '-0.00089', '-0.00014', '0.00014', '0.00020', '1.00000']
  '005.6667': ['2.685', '1.030', '0.080', '-0.00512', '-0.99999', '0.00026', '0.99999',
    '-0.00512', '-0.00017', '0.00017', '0.00026', '1.00000']
  '005.7333': ['2.692', '1.053', '0.080', '-0.02127', '-0.99977', '0.00053', '0.99977',
    '-0.02127', '-0.00030', '0.00031', '0.00053', '1.00000']
  '005.8000': ['2.693', '1.075', '0.080', '-0.04091', '-0.99916', '0.00057', '0.99916',
    '-0.04091', '-0.00032', '0.00034', '0.00056', '1.00000']
  '005.8667': ['2.693', '1.098', '0.080', '-0.06209', '-0.99807', '0.00060', '0.99807',
    '-0.06209', '-0.00033', '0.00037', '0.00057', '1.00000']
  '005.9333': ['2.691', '1.123', '0.080', '-0.01033', '-0.99995', '0.00059', '0.99995',
    '-0.01034', '-0.00035', '0.00036', '0.00059', '1.00000']
  '006.0000': ['2.690', '1.150', '0.080', '0.07303', '-0.99733', '0.00058', '0.99733',
    '0.07303', '-0.00039', '0.00035', '0.00060', '1.00000']
  '006.0667': ['2.690', '1.176', '0.080', '0.15945', '-0.98721', '0.00058', '0.98721',
    '0.15945', '-0.00045', '0.00035', '0.00065', '1.00000']
  '006.1333': ['2.692', '1.198', '0.080', '0.21231', '-0.97720', '0.00057', '0.97720',
    '0.21231', '-0.00045', '0.00032', '0.00066', '1.00000']
  '006.2000': ['2.695', '1.219', '0.080', '0.20502', '-0.97876', '0.00059', '0.97876',
    '0.20502', '-0.00041', '0.00028', '0.00066', '1.00000']
  '006.2667': ['2.699', '1.241', '0.080', '0.20150', '-0.97949', '0.00067', '0.97949',
    '0.20150', '-0.00034', '0.00020', '0.00072', '1.00000']
  '006.3333': ['2.702', '1.261', '0.080', '0.19999', '-0.97980', '0.00067', '0.97980',
    '0.19999', '-0.00030', '0.00016', '0.00071', '1.00000']
  '006.4000': ['2.705', '1.282', '0.080', '0.20121', '-0.97955', '0.00068', '0.97955',
    '0.20121', '-0.00026', '0.00012', '0.00072', '1.00000']
  '006.4667': ['2.709', '1.305', '0.080', '0.20560', '-0.97864', '0.00070', '0.97864',
    '0.20560', '-0.00023', '0.00009', '0.00073', '1.00000']
  '006.5333': ['2.713', '1.329', '0.080', '0.20110', '-0.97957', '0.00071', '0.97957',
    '0.20110', '-0.00019', '0.00005', '0.00074', '1.00000']
  '006.6000': ['2.718', '1.351', '0.080', '0.10441', '-0.99453', '0.00075', '0.99453',
    '0.10441', '-0.00015', '0.00007', '0.00077', '1.00000']
  '006.6667': ['2.720', '1.375', '0.080', '0.09184', '-0.99577', '0.00074', '0.99577',
    '0.09184', '-0.00010', '0.00003', '0.00074', '1.00000']
  '006.7333': ['2.724', '1.402', '0.080', '0.09309', '-0.99566', '0.00074', '0.99566',
    '0.09309', '-0.00010', '0.00003', '0.00075', '1.00000']
  '006.8000': ['2.726', '1.427', '0.080', '0.09275', '-0.99569', '0.00077', '0.99569',
    '0.09275', '-0.00009', '0.00002', '0.00078', '1.00000']
  '006.8667': ['2.729', '1.450', '0.080', '0.09186', '-0.99577', '0.00079', '0.99577',
    '0.09186', '-0.00008', '0.00000', '0.00080', '1.00000']
  '006.9333': ['2.730', '1.473', '0.080', '0.09175', '-0.99578', '0.00078', '0.99578',
    '0.09175', '-0.00006', '-0.00001', '0.00078', '1.00000']
  '007.0000': ['2.732', '1.496', '0.080', '0.09358', '-0.99561', '0.00078', '0.99561',
    '0.09358', '-0.00004', '-0.00003', '0.00078', '1.00000']
  '007.0667': ['2.734', '1.521', '0.080', '0.09655', '-0.99533', '0.00077', '0.99533',
    '0.09655', '0.00001', '-0.00009', '0.00077', '1.00000']
  '007.1333': ['2.736', '1.546', '0.080', '0.10075', '-0.99491', '0.00080', '0.99491',
    '0.10075', '0.00006', '-0.00014', '0.00079', '1.00000']
  '007.2000': ['2.738', '1.570', '0.080', '0.10523', '-0.99445', '0.00078', '0.99445',
    '0.10523', '0.00006', '-0.00014', '0.00077', '1.00000']
  '007.2667': ['2.740', '1.594', '0.080', '0.11094', '-0.99383', '0.00078', '0.99383',
    '0.11094', '0.00008', '-0.00016', '0.00077', '1.00000']
  '007.3333': ['2.742', '1.621', '0.080', '0.11919', '-0.99287', '0.00079', '0.99287',
    '0.11919', '0.00002', '-0.00011', '0.00078', '1.00000']
  '007.4000': ['2.741', '1.643', '0.080', '0.13451', '-0.99091', '0.00078', '0.99091',
    '0.13451', '-0.00024', '0.00013', '0.00081', '1.00000']
  '007.4667': ['2.743', '1.665', '0.080', '0.06138', '-0.99811', '0.00075', '0.99811',
    '0.06138', '-0.00018', '0.00013', '0.00076', '1.00000']
  '007.5333': ['2.746', '1.688', '0.080', '0.01095', '-0.99994', '0.00069', '0.99994',
    '0.01095', '-0.00006', '0.00005', '0.00069', '1.00000']
  '007.6000': ['2.749', '1.712', '0.080', '0.01684', '-0.99986', '0.00063', '0.99986',
    '0.01684', '0.00003', '-0.00004', '0.00063', '1.00000']
  '007.6667': ['2.751', '1.738', '0.080', '0.01600', '-0.99987', '0.00060', '0.99987',
    '0.01600', '0.00004', '-0.00005', '0.00060', '1.00000']
  '007.7333': ['2.753', '1.763', '0.080', '0.01277', '-0.99992', '0.00060', '0.99992',
    '0.01277', '0.00003', '-0.00004', '0.00060', '1.00000']
  '007.8000': ['2.753', '1.786', '0.080', '0.01017', '-0.99995', '0.00057', '0.99995',
    '0.01017', '0.00008', '-0.00009', '0.00057', '1.00000']
  '007.8667': ['2.752', '1.807', '0.080', '0.01034', '-0.99995', '0.00044', '0.99995',
    '0.01034', '0.00012', '-0.00013', '0.00044', '1.00000']
  '007.9333': ['2.752', '1.831', '0.080', '0.01049', '-0.99994', '0.00043', '0.99994',
    '0.01049', '0.00021', '-0.00022', '0.00043', '1.00000']
  '008.0000': ['2.753', '1.855', '0.080', '0.00991', '-0.99995', '0.00041', '0.99995',
    '0.00991', '0.00022', '-0.00023', '0.00041', '1.00000']
  '008.0667': ['2.753', '1.877', '0.080', '0.01030', '-0.99995', '0.00040', '0.99995',
    '0.01030', '0.00022', '-0.00023', '0.00040', '1.00000']
  '008.1333': ['2.753', '1.901', '0.080', '0.01177', '-0.99993', '0.00039', '0.99993',
    '0.01177', '0.00017', '-0.00017', '0.00038', '1.00000']
  '008.2000': ['2.752', '1.925', '0.080', '0.01413', '-0.99990', '0.00044', '0.99990',
    '0.01413', '0.00013', '-0.00014', '0.00044', '1.00000']
  '008.2667': ['2.753', '1.949', '0.080', '0.01707', '-0.99985', '0.00044', '0.99985',
    '0.01707', '0.00010', '-0.00011', '0.00044', '1.00000']
  '008.3333': ['2.753', '1.973', '0.080', '0.02046', '-0.99979', '0.00045', '0.99979',
    '0.02046', '0.00006', '-0.00007', '0.00045', '1.00000']
  '008.4000': ['2.753', '1.998', '0.080', '-0.07970', '-0.99682', '0.00047', '0.99682',
    '-0.07970', '0.00004', '-0.00000', '0.00047', '1.00000']
  '008.4667': ['2.752', '2.022', '0.080', '-0.13295', '-0.99112', '0.00048', '0.99112',
    '-0.13295', '0.00003', '0.00004', '0.00048', '1.00000']
  '008.5333': ['2.748', '2.047', '0.080', '-0.13295', '-0.99112', '0.00048', '0.99112',
    '-0.13295', '0.00003', '0.00004', '0.00048', '1.00000']
  '008.6000': ['2.745', '2.072', '0.080', '-0.13295', '-0.99112', '0.00048', '0.99112',
    '-0.13295', '0.00003', '0.00004', '0.00048', '1.00000']
  '008.6667': ['2.742', '2.097', '0.080', '-0.13295', '-0.99112', '0.00048', '0.99112',
    '-0.13295', '0.00003', '0.00004', '0.00048', '1.00000']
  '008.7333': ['2.738', '2.122', '0.080', '-0.13295', '-0.99112', '0.00048', '0.99112',
    '-0.13295', '0.00003', '0.00004', '0.00048', '1.00000']
  '008.8000': ['2.735', '2.147', '0.080', '-0.13295', '-0.99112', '0.00048', '0.99112',
    '-0.13295', '0.00003', '0.00004', '0.00048', '1.00000']
  '008.8667': ['2.732', '2.172', '0.080', '-0.13295', '-0.99112', '0.00048', '0.99112',
    '-0.13295', '0.00003', '0.00004', '0.00048', '1.00000']
  '008.9333': ['2.728', '2.197', '0.080', '-0.13295', '-0.99112', '0.00048', '0.99112',
    '-0.13295', '0.00003', '0.00004', '0.00048', '1.00000']
  '009.0000': ['2.725', '2.222', '0.080', '-0.13295', '-0.99112', '0.00048', '0.99112',
    '-0.13295', '0.00003', '0.00004', '0.00048', '1.00000']
  '009.0667': ['2.722', '2.247', '0.080', '-0.13295', '-0.99112', '0.00048', '0.99112',
    '-0.13295', '0.00003', '0.00004', '0.00048', '1.00000']
  '009.1333': ['2.718', '2.272', '0.080', '-0.13295', '-0.99112', '0.00048', '0.99112',
    '-0.13295', '0.00003', '0.00004', '0.00048', '1.00000']
  '009.2000': ['2.715', '2.297', '0.080', '-0.13295', '-0.99112', '0.00048', '0.99112',
    '-0.13295', '0.00003', '0.00004', '0.00048', '1.00000']
  '009.2667': ['2.711', '2.322', '0.080', '-0.13295', '-0.99112', '0.00048', '0.99112',
    '-0.13295', '0.00003', '0.00004', '0.00048', '1.00000']
  '009.3333': ['2.708', '2.347', '0.080', '-0.13295', '-0.99112', '0.00048', '0.99112',
    '-0.13295', '0.00003', '0.00004', '0.00048', '1.00000']
  '009.4000': ['2.705', '2.372', '0.080', '-0.13295', '-0.99112', '0.00048', '0.99112',
    '-0.13295', '0.00003', '0.00004', '0.00048', '1.00000']
  '009.4667': ['2.701', '2.397', '0.080', '-0.13295', '-0.99112', '0.00048', '0.99112',
    '-0.13295', '0.00003', '0.00004', '0.00048', '1.00000']
  '009.5333': ['2.698', '2.422', '0.080', '-0.13295', '-0.99112', '0.00048', '0.99112',
    '-0.13295', '0.00003', '0.00004', '0.00048', '1.00000']
