begin_time_stamp: 1574104135.066664
data_header:
  time_stamp: [x, y, z, R11, R12, R13, R21, R22, R23, R31, R32, R33]
trajectory_data:
  '000.0000': ['0.235', '2.474', '0.080', '0.04910', '0.99879', '-0.00026', '-0.99879',
    '0.04910', '-0.00055', '-0.00054', '0.00029', '1.00000']
  '000.0667': ['0.237', '2.448', '0.080', '0.04643', '0.99892', '-0.00026', '-0.99892',
    '0.04643', '-0.00055', '-0.00053', '0.00029', '1.00000']
  '000.1333': ['0.238', '2.426', '0.080', '0.04246', '0.99910', '-0.00023', '-0.99910',
    '0.04246', '-0.00053', '-0.00052', '0.00025', '1.00000']
  '000.2000': ['0.238', '2.405', '0.080', '0.03868', '0.99925', '-0.00024', '-0.99925',
    '0.03868', '-0.00055', '-0.00054', '0.00026', '1.00000']
  '000.2667': ['0.239', '2.380', '0.080', '0.03476', '0.99940', '-0.00026', '-0.99940',
    '0.03476', '-0.00056', '-0.00056', '0.00028', '1.00000']
  '000.3333': ['0.241', '2.357', '0.080', '0.02990', '0.99955', '-0.00025', '-0.99955',
    '0.02990', '-0.00056', '-0.00055', '0.00027', '1.00000']
  '000.4000': ['0.242', '2.334', '0.080', '0.02421', '0.99971', '-0.00029', '-0.99971',
    '0.02421', '-0.00050', '-0.00049', '0.00030', '1.00000']
  '000.4667': ['0.244', '2.319', '0.080', '0.01546', '0.99988', '-0.00047', '-0.99988',
    '0.01546', '-0.00021', '-0.00021', '0.00047', '1.00000']
  '000.5333': ['0.244', '2.299', '0.080', '0.06529', '0.99787', '-0.00049', '-0.99787',
    '0.06529', '-0.00022', '-0.00019', '0.00050', '1.00000']
  '000.6000': ['0.246', '2.275', '0.080', '0.11636', '0.99321', '-0.00052', '-0.99321',
    '0.11636', '-0.00023', '-0.00017', '0.00054', '1.00000']
  '000.6667': ['0.247', '2.251', '0.080', '0.11652', '0.99319', '-0.00054', '-0.99319',
    '0.11652', '-0.00027', '-0.00021', '0.00057', '1.00000']
  '000.7333': ['0.249', '2.229', '0.080', '0.12150', '0.99259', '-0.00056', '-0.99259',
    '0.12150', '-0.00031', '-0.00024', '0.00059', '1.00000']
  '000.8000': ['0.250', '2.207', '0.080', '0.13064', '0.99143', '-0.00055', '-0.99143',
    '0.13064', '-0.00031', '-0.00023', '0.00058', '1.00000']
  '000.8667': ['0.253', '2.182', '0.080', '0.14249', '0.98980', '-0.00056', '-0.98980',
    '0.14249', '-0.00031', '-0.00023', '0.00060', '1.00000']
  '000.9333': ['0.257', '2.158', '0.080', '0.08968', '0.99597', '-0.00059', '-0.99597',
    '0.08968', '-0.00029', '-0.00024', '0.00061', '1.00000']
  '001.0000': ['0.259', '2.135', '0.080', '0.00056', '1.00000', '-0.00061', '-1.00000',
    '0.00056', '-0.00028', '-0.00028', '0.00061', '1.00000']
  '001.0667': ['0.262', '2.110', '0.080', '-0.09505', '0.99547', '-0.00068', '-0.99547',
    '-0.09505', '-0.00028', '-0.00034', '0.00065', '1.00000']
  '001.1333': ['0.263', '2.084', '0.080', '-0.11769', '0.99305', '-0.00072', '-0.99305',
    '-0.11769', '-0.00028', '-0.00036', '0.00068', '1.00000']
  '001.2000': ['0.263', '2.060', '0.080', '-0.12928', '0.99161', '-0.00076', '-0.99161',
    '-0.12928', '-0.00029', '-0.00038', '0.00072', '1.00000']
  '001.2667': ['0.262', '2.037', '0.080', '-0.14638', '0.98923', '-0.00079', '-0.98923',
    '-0.14638', '-0.00029', '-0.00041', '0.00074', '1.00000']
  '001.3333': ['0.259', '2.013', '0.080', '-0.16622', '0.98609', '-0.00081', '-0.98609',
    '-0.16622', '-0.00028', '-0.00042', '0.00075', '1.00000']
  '001.4000': ['0.256', '1.988', '0.080', '-0.18839', '0.98209', '-0.00083', '-0.98209',
    '-0.18839', '-0.00028', '-0.00043', '0.00076', '1.00000']
  '001.4667': ['0.251', '1.965', '0.080', '-0.21058', '0.97758', '-0.00080', '-0.97758',
    '-0.21058', '-0.00025', '-0.00042', '0.00073', '1.00000']
  '001.5333': ['0.243', '1.938', '0.080', '-0.14311', '0.98971', '-0.00077', '-0.98971',
    '-0.14311', '-0.00005', '-0.00016', '0.00076', '1.00000']
  '001.6000': ['0.236', '1.904', '0.080', '-0.08641', '0.99626', '-0.00051', '-0.99626',
    '-0.08641', '-0.00008', '-0.00012', '0.00050', '1.00000']
  '001.6667': ['0.231', '1.878', '0.080', '-0.09488', '0.99549', '-0.00044', '-0.99549',
    '-0.09488', '-0.00013', '-0.00017', '0.00042', '1.00000']
  '001.7333': ['0.229', '1.854', '0.080', '-0.10217', '0.99477', '-0.00044', '-0.99477',
    '-0.10217', '-0.00015', '-0.00020', '0.00042', '1.00000']
  '001.8000': ['0.226', '1.830', '0.080', '-0.10894', '0.99405', '-0.00040', '-0.99405',
    '-0.10894', '-0.00016', '-0.00020', '0.00038', '1.00000']
  '001.8667': ['0.224', '1.807', '0.080', '-0.11896', '0.99290', '-0.00044', '-0.99290',
    '-0.11896', '-0.00012', '-0.00018', '0.00043', '1.00000']
  '001.9333': ['0.220', '1.784', '0.080', '-0.12918', '0.99162', '-0.00044', '-0.99162',
    '-0.12918', '-0.00008', '-0.00014', '0.00043', '1.00000']
  '002.0000': ['0.211', '1.762', '0.080', '-0.09043', '0.99590', '-0.00059', '-0.99590',
    '-0.09043', '0.00014', '0.00009', '0.00060', '1.00000']
  '002.0667': ['0.206', '1.739', '0.080', '0.01653', '0.99986', '-0.00069', '-0.99986',
    '0.01653', '0.00022', '0.00023', '0.00068', '1.00000']
  '002.1333': ['0.206', '1.716', '0.080', '0.03725', '0.99931', '-0.00072', '-0.99931',
    '0.03725', '0.00024', '0.00026', '0.00071', '1.00000']
  '002.2000': ['0.207', '1.691', '0.080', '0.04282', '0.99908', '-0.00070', '-0.99908',
    '0.04282', '0.00028', '0.00031', '0.00069', '1.00000']
  '002.2667': ['0.208', '1.667', '0.080', '0.04869', '0.99881', '-0.00072', '-0.99881',
    '0.04869', '0.00035', '0.00038', '0.00070', '1.00000']
  '002.3333': ['0.210', '1.643', '0.080', '0.05325', '0.99858', '-0.00072', '-0.99858',
    '0.05325', '0.00035', '0.00038', '0.00070', '1.00000']
  '002.4000': ['0.212', '1.619', '0.080', '0.05620', '0.99842', '-0.00075', '-0.99842',
    '0.05620', '0.00035', '0.00039', '0.00073', '1.00000']
  '002.4667': ['0.214', '1.595', '0.080', '0.05817', '0.99831', '-0.00077', '-0.99831',
    '0.05817', '0.00035', '0.00040', '0.00075', '1.00000']
  '002.5333': ['0.216', '1.571', '0.080', '0.05793', '0.99832', '-0.00075', '-0.99832',
    '0.05793', '0.00034', '0.00039', '0.00073', '1.00000']
  '002.6000': ['0.219', '1.546', '0.080', '0.05500', '0.99849', '-0.00077', '-0.99849',
    '0.05500', '0.00032', '0.00036', '0.00075', '1.00000']
  '002.6667': ['0.221', '1.521', '0.080', '0.05090', '0.99870', '-0.00077', '-0.99870',
    '0.05090', '0.00029', '0.00033', '0.00075', '1.00000']
  '002.7333': ['0.223', '1.496', '0.080', '0.04514', '0.99898', '-0.00077', '-0.99898',
    '0.04514', '0.00023', '0.00026', '0.00076', '1.00000']
  '002.8000': ['0.223', '1.470', '0.080', '0.04015', '0.99919', '-0.00074', '-0.99919',
    '0.04015', '0.00021', '0.00024', '0.00073', '1.00000']
  '002.8667': ['0.222', '1.443', '0.080', '0.03812', '0.99927', '-0.00067', '-0.99927',
    '0.03812', '0.00019', '0.00021', '0.00066', '1.00000']
  '002.9333': ['0.219', '1.410', '0.080', '0.04519', '0.99898', '-0.00040', '-0.99898',
    '0.04519', '0.00019', '0.00021', '0.00039', '1.00000']
  '003.0000': ['0.218', '1.381', '0.080', '0.05492', '0.99849', '-0.00035', '-0.99849',
    '0.05492', '0.00016', '0.00018', '0.00034', '1.00000']
  '003.0667': ['0.220', '1.354', '0.080', '0.06400', '0.99795', '-0.00031', '-0.99795',
    '0.06400', '0.00014', '0.00016', '0.00030', '1.00000']
  '003.1333': ['0.222', '1.330', '0.080', '0.07028', '0.99753', '-0.00030', '-0.99753',
    '0.07028', '0.00008', '0.00010', '0.00030', '1.00000']
  '003.2000': ['0.225', '1.305', '0.080', '0.07405', '0.99725', '-0.00030', '-0.99725',
    '0.07405', '0.00001', '0.00003', '0.00030', '1.00000']
  '003.2667': ['0.227', '1.279', '0.080', '0.07707', '0.99703', '-0.00028', '-0.99703',
    '0.07707', '-0.00004', '-0.00002', '0.00028', '1.00000']
  '003.3333': ['0.229', '1.254', '0.080', '0.08012', '0.99678', '-0.00027', '-0.99678',
    '0.08012', '-0.00007', '-0.00005', '0.00027', '1.00000']
  '003.4000': ['0.230', '1.230', '0.080', '0.08355', '0.99650', '-0.00024', '-0.99650',
    '0.08355', '-0.00010', '-0.00008', '0.00025', '1.00000']
  '003.4667': ['0.232', '1.205', '0.080', '0.08654', '0.99625', '-0.00022', '-0.99625',
    '0.08654', '-0.00012', '-0.00010', '0.00023', '1.00000']
  '003.5333': ['0.234', '1.180', '0.080', '0.08969', '0.99597', '-0.00023', '-0.99597',
    '0.08969', '-0.00016', '-0.00014', '0.00024', '1.00000']
  '003.6000': ['0.236', '1.155', '0.080', '0.10470', '0.99450', '-0.00021', '-0.99450',
    '0.10470', '-0.00016', '-0.00014', '0.00023', '1.00000']
  '003.6667': ['0.238', '1.131', '0.080', '0.20839', '0.97805', '-0.00018', '-0.97805',
    '0.20839', '-0.00019', '-0.00015', '0.00021', '1.00000']
  '003.7333': ['0.241', '1.108', '0.080', '0.31249', '0.94992', '-0.00017', '-0.94992',
    '0.31249', '-0.00022', '-0.00015', '0.00023', '1.00000']
  '003.8000': ['0.248', '1.085', '0.080', '0.40027', '0.91640', '-0.00017', '-0.91640',
    '0.40027', '-0.00024', '-0.00015', '0.00025', '1.00000']
  '003.8667': ['0.257', '1.063', '0.080', '0.40956', '0.91228', '-0.00014', '-0.91228',
    '0.40956', '-0.00026', '-0.00018', '0.00023', '1.00000']
  '003.9333': ['0.267', '1.040', '0.080', '0.47876', '0.87795', '-0.00012', '-0.87795',
    '0.47876', '-0.00028', '-0.00019', '0.00023', '1.00000']
  '004.0000': ['0.279', '1.019', '0.080', '0.57482', '0.81828', '-0.00010', '-0.81828',
    '0.57482', '-0.00029', '-0.00018', '0.00025', '1.00000']
  '004.0667': ['0.292', '0.999', '0.080', '0.66426', '0.74750', '-0.00009', '-0.74750',
    '0.66426', '-0.00030', '-0.00017', '0.00027', '1.00000']
  '004.1333': ['0.308', '0.980', '0.080', '0.74656', '0.66531', '-0.00006', '-0.66531',
    '0.74656', '-0.00030', '-0.00016', '0.00026', '1.00000']
  '004.2000': ['0.327', '0.962', '0.080', '0.82042', '0.57176', '-0.00004', '-0.57176',
    '0.82042', '-0.00030', '-0.00014', '0.00027', '1.00000']
  '004.2667': ['0.348', '0.946', '0.080', '0.88433', '0.46686', '-0.00001', '-0.46686',
    '0.88433', '-0.00030', '-0.00013', '0.00028', '1.00000']
  '004.3333': ['0.370', '0.933', '0.080', '0.93624', '0.35135', '0.00002', '-0.35135',
    '0.93624', '-0.00030', '-0.00012', '0.00027', '1.00000']
  '004.4000': ['0.394', '0.923', '0.080', '0.97240', '0.23332', '0.00004', '-0.23332',
    '0.97240', '-0.00027', '-0.00010', '0.00025', '1.00000']
  '004.4667': ['0.417', '0.918', '0.080', '0.97846', '0.20642', '0.00004', '-0.20642',
    '0.97846', '-0.00027', '-0.00009', '0.00026', '1.00000']
  '004.5333': ['0.436', '0.920', '0.080', '0.98205', '0.18862', '0.00002', '-0.18862',
    '0.98205', '-0.00033', '-0.00008', '0.00032', '1.00000']
  '004.6000': ['0.461', '0.918', '0.080', '0.98469', '0.17431', '0.00006', '-0.17431',
    '0.98469', '-0.00031', '-0.00011', '0.00029', '1.00000']
  '004.6667': ['0.487', '0.913', '0.080', '0.98743', '0.15803', '0.00005', '-0.15803',
    '0.98743', '-0.00029', '-0.00009', '0.00028', '1.00000']
  '004.7333': ['0.511', '0.911', '0.080', '0.98277', '0.18482', '0.00007', '-0.18482',
    '0.98277', '-0.00025', '-0.00012', '0.00023', '1.00000']
  '004.8000': ['0.535', '0.904', '0.080', '0.96347', '0.26782', '0.00003', '-0.26782',
    '0.96347', '-0.00030', '-0.00011', '0.00028', '1.00000']
  '004.8667': ['0.559', '0.896', '0.080', '0.93708', '0.34912', '0.00002', '-0.34912',
    '0.93708', '-0.00028', '-0.00012', '0.00026', '1.00000']
  '004.9333': ['0.584', '0.890', '0.080', '0.89902', '0.43790', '0.00000', '-0.43790',
    '0.89902', '-0.00028', '-0.00012', '0.00025', '1.00000']
  '005.0000': ['0.605', '0.883', '0.080', '0.84613', '0.53297', '-0.00001', '-0.53297',
    '0.84613', '-0.00025', '-0.00012', '0.00022', '1.00000']
  '005.0667': ['0.619', '0.872', '0.080', '0.83677', '0.54756', '-0.00008', '-0.54756',
    '0.83677', '-0.00014', '-0.00001', '0.00016', '1.00000']
  '005.1333': ['0.640', '0.859', '0.080', '0.82928', '0.55884', '-0.00009', '-0.55884',
    '0.82928', '-0.00015', '-0.00001', '0.00018', '1.00000']
  '005.2000': ['0.659', '0.844', '0.080', '0.82248', '0.56879', '-0.00009', '-0.56879',
    '0.82248', '-0.00015', '-0.00001', '0.00018', '1.00000']
  '005.2667': ['0.678', '0.829', '0.080', '0.77363', '0.63364', '-0.00010', '-0.63364',
    '0.77363', '-0.00015', '-0.00002', '0.00018', '1.00000']
  '005.3333': ['0.696', '0.812', '0.080', '0.71826', '0.69577', '-0.00009', '-0.69577',
    '0.71826', '-0.00015', '-0.00003', '0.00017', '1.00000']
  '005.4000': ['0.714', '0.792', '0.080', '0.71712', '0.69695', '-0.00011', '-0.69695',
    '0.71712', '-0.00015', '-0.00002', '0.00018', '1.00000']
  '005.4667': ['0.734', '0.770', '0.080', '0.71823', '0.69581', '-0.00010', '-0.69581',
    '0.71823', '-0.00018', '-0.00006', '0.00020', '1.00000']
  '005.5333': ['0.751', '0.751', '0.080', '0.70684', '0.70737', '-0.00010', '-0.70737',
    '0.70684', '-0.00018', '-0.00006', '0.00020', '1.00000']
  '005.6000': ['0.768', '0.733', '0.080', '0.63818', '0.76989', '-0.00011', '-0.76989',
    '0.63818', '-0.00016', '-0.00006', '0.00018', '1.00000']
  '005.6667': ['0.784', '0.715', '0.080', '0.56298', '0.82647', '-0.00010', '-0.82647',
    '0.56298', '-0.00015', '-0.00007', '0.00017', '1.00000']
  '005.7333': ['0.801', '0.692', '0.080', '0.47862', '0.87802', '-0.00009', '-0.87802',
    '0.47862', '-0.00016', '-0.00010', '0.00016', '1.00000']
  '005.8000': ['0.815', '0.670', '0.080', '0.38480', '0.92300', '-0.00010', '-0.92300',
    '0.38480', '-0.00016', '-0.00011', '0.00015', '1.00000']
  '005.8667': ['0.827', '0.647', '0.080', '0.32601', '0.94536', '-0.00012', '-0.94536',
    '0.32601', '-0.00014', '-0.00009', '0.00016', '1.00000']
  '005.9333': ['0.839', '0.618', '0.080', '0.31208', '0.95006', '-0.00011', '-0.95006',
    '0.31208', '-0.00013', '-0.00009', '0.00015', '1.00000']
  '006.0000': ['0.851', '0.588', '0.080', '0.29171', '0.95651', '-0.00010', '-0.95651',
    '0.29171', '-0.00016', '-0.00012', '0.00014', '1.00000']
  '006.0667': ['0.867', '0.552', '0.080', '0.29616', '0.95514', '-0.00006', '-0.95514',
    '0.29616', '-0.00022', '-0.00020', '0.00012', '1.00000']
  '006.1333': ['0.876', '0.523', '0.080', '0.36282', '0.93186', '-0.00004', '-0.93186',
    '0.36282', '-0.00024', '-0.00021', '0.00012', '1.00000']
  '006.2000': ['0.884', '0.498', '0.080', '0.43057', '0.90255', '-0.00001', '-0.90255',
    '0.43057', '-0.00026', '-0.00023', '0.00012', '1.00000']
  '006.2667': ['0.894', '0.475', '0.080', '0.49978', '0.86615', '-0.00001', '-0.86615',
    '0.49978', '-0.00026', '-0.00022', '0.00014', '1.00000']
  '006.3333': ['0.904', '0.454', '0.080', '0.57045', '0.82133', '-0.00001', '-0.82133',
    '0.57045', '-0.00026', '-0.00021', '0.00016', '1.00000']
  '006.4000': ['0.916', '0.434', '0.080', '0.64150', '0.76712', '0.00001', '-0.76712',
    '0.64150', '-0.00027', '-0.00021', '0.00016', '1.00000']
  '006.4667': ['0.931', '0.416', '0.080', '0.67690', '0.73608', '0.00001', '-0.73608',
    '0.67690', '-0.00030', '-0.00023', '0.00019', '1.00000']
  '006.5333': ['0.949', '0.395', '0.080', '0.67333', '0.73934', '-0.00009', '-0.73934',
    '0.67333', '-0.00036', '-0.00021', '0.00031', '1.00000']
  '006.6000': ['0.967', '0.377', '0.080', '0.73076', '0.68264', '-0.00009', '-0.68264',
    '0.73076', '-0.00038', '-0.00020', '0.00034', '1.00000']
  '006.6667': ['0.985', '0.359', '0.080', '0.79321', '0.60895', '-0.00004', '-0.60895',
    '0.79321', '-0.00038', '-0.00020', '0.00033', '1.00000']
  '006.7333': ['1.004', '0.344', '0.080', '0.84779', '0.53034', '-0.00003', '-0.53034',
    '0.84779', '-0.00036', '-0.00016', '0.00032', '1.00000']
  '006.8000': ['1.025', '0.332', '0.080', '0.89434', '0.44739', '-0.00002', '-0.44739',
    '0.89434', '-0.00037', '-0.00015', '0.00034', '1.00000']
  '006.8667': ['1.049', '0.321', '0.080', '0.92164', '0.38804', '0.00001', '-0.38804',
    '0.92164', '-0.00040', '-0.00016', '0.00037', '1.00000']
  '006.9333': ['1.072', '0.311', '0.080', '0.91939', '0.39334', '0.00003', '-0.39334',
    '0.91939', '-0.00042', '-0.00020', '0.00038', '1.00000']
  '007.0000': ['1.095', '0.302', '0.080', '0.94469', '0.32797', '0.00006', '-0.32797',
    '0.94469', '-0.00042', '-0.00019', '0.00038', '1.00000']
  '007.0667': ['1.123', '0.292', '0.080', '0.97166', '0.23640', '0.00010', '-0.23640',
    '0.97166', '-0.00044', '-0.00020', '0.00040', '1.00000']
  '007.1333': ['1.149', '0.286', '0.080', '0.98979', '0.14254', '0.00011', '-0.14254',
    '0.98979', '-0.00042', '-0.00017', '0.00040', '1.00000']
  '007.2000': ['1.174', '0.283', '0.080', '0.99090', '0.13458', '0.00011', '-0.13458',
    '0.99090', '-0.00042', '-0.00017', '0.00040', '1.00000']
  '007.2667': ['1.198', '0.279', '0.080', '0.98975', '0.14281', '0.00011', '-0.14281',
    '0.98975', '-0.00040', '-0.00017', '0.00038', '1.00000']
  '007.3333': ['1.224', '0.277', '0.080', '0.98802', '0.15433', '0.00008', '-0.15433',
    '0.98802', '-0.00039', '-0.00014', '0.00038', '1.00000']
  '007.4000': ['1.253', '0.273', '0.080', '0.98532', '0.17072', '0.00007', '-0.17072',
    '0.98532', '-0.00035', '-0.00013', '0.00033', '1.00000']
  '007.4667': ['1.288', '0.268', '0.080', '0.98144', '0.19177', '0.00006', '-0.19177',
    '0.98144', '-0.00031', '-0.00012', '0.00029', '1.00000']
  '007.5333': ['1.330', '0.260', '0.080', '0.97623', '0.21673', '0.00007', '-0.21673',
    '0.97623', '-0.00029', '-0.00013', '0.00027', '1.00000']
  '007.6000': ['1.379', '0.247', '0.080', '0.97072', '0.24021', '0.00008', '-0.24021',
    '0.97072', '-0.00027', '-0.00014', '0.00024', '1.00000']
  '007.6667': ['1.437', '0.227', '0.080', '0.96688', '0.25524', '0.00008', '-0.25524',
    '0.96688', '-0.00026', '-0.00015', '0.00023', '1.00000']
  '007.7333': ['1.597', '0.163', '0.080', '0.97644', '0.21580', '0.00021', '-0.21580',
    '0.97644', '-0.00046', '-0.00030', '0.00040', '1.00000']
  '007.8000': ['1.652', '0.146', '0.080', '0.96669', '0.25597', '0.00024', '-0.25597',
    '0.96669', '-0.00049', '-0.00036', '0.00041', '1.00000']
  '007.8667': ['1.698', '0.133', '0.080', '0.94352', '0.33130', '0.00032', '-0.33130',
    '0.94352', '-0.00052', '-0.00047', '0.00039', '1.00000']
  '007.9333': ['1.742', '0.118', '0.080', '0.91355', '0.40673', '0.00033', '-0.40673',
    '0.91355', '-0.00043', '-0.00047', '0.00026', '1.00000']
  '008.0000': ['1.782', '0.101', '0.080', '0.90892', '0.41697', '0.00035', '-0.41697',
    '0.90892', '-0.00037', '-0.00047', '0.00019', '1.00000']
  '008.0667': ['1.822', '0.085', '0.080', '0.91356', '0.40671', '0.00037', '-0.40671',
    '0.91356', '-0.00032', '-0.00047', '0.00015', '1.00000']
  '008.1333': ['1.862', '0.068', '0.080', '0.91652', '0.40000', '0.00038', '-0.40000',
    '0.91652', '-0.00027', '-0.00046', '0.00009', '1.00000']
  '008.2000': ['1.899', '0.053', '0.080', '0.91836', '0.39576', '0.00038', '-0.39576',
    '0.91836', '-0.00023', '-0.00044', '0.00006', '1.00000']
  '008.2667': ['1.932', '0.039', '0.080', '0.91945', '0.39320', '0.00038', '-0.39320',
    '0.91945', '-0.00020', '-0.00042', '0.00003', '1.00000']
  '008.3333': ['1.960', '0.026', '0.080', '0.95551', '0.29496', '0.00038', '-0.29496',
    '0.95551', '-0.00017', '-0.00042', '0.00005', '1.00000']
  '008.4000': ['1.984', '0.019', '0.080', '0.96905', '0.24685', '0.00038', '-0.24685',
    '0.96905', '-0.00017', '-0.00041', '0.00007', '1.00000']
  '008.4667': ['2.009', '0.013', '0.080', '0.96905', '0.24685', '0.00038', '-0.24685',
    '0.96905', '-0.00017', '-0.00041', '0.00007', '1.00000']
  '008.5333': ['2.033', '0.006', '0.080', '0.96905', '0.24685', '0.00038', '-0.24685',
    '0.96905', '-0.00017', '-0.00041', '0.00007', '1.00000']
  '008.6000': ['2.057', '0.000', '0.080', '0.96905', '0.24685', '0.00038', '-0.24685',
    '0.96905', '-0.00017', '-0.00041', '0.00007', '1.00000']
  '008.6667': ['2.082', '-0.006', '0.080', '0.96905', '0.24685', '0.00038', '-0.24685',
    '0.96905', '-0.00017', '-0.00041', '0.00007', '1.00000']
  '008.7333': ['2.106', '-0.013', '0.080', '0.98899', '0.14795', '0.00038', '-0.14795',
    '0.98899', '-0.00017', '-0.00040', '0.00011', '1.00000']
  '008.8000': ['2.131', '-0.016', '0.080', '0.99448', '0.10494', '0.00038', '-0.10494',
    '0.99448', '-0.00017', '-0.00040', '0.00013', '1.00000']
  '008.8667': ['2.156', '-0.019', '0.080', '0.99448', '0.10494', '0.00038', '-0.10494',
    '0.99448', '-0.00017', '-0.00040', '0.00013', '1.00000']
  '008.9333': ['2.181', '-0.022', '0.080', '0.99448', '0.10494', '0.00038', '-0.10494',
    '0.99448', '-0.00017', '-0.00040', '0.00013', '1.00000']
  '009.0000': ['2.206', '-0.025', '0.080', '0.99841', '0.05642', '0.00038', '-0.05642',
    '0.99841', '-0.00017', '-0.00039', '0.00015', '1.00000']
  '009.0667': ['2.231', '-0.027', '0.080', '0.99883', '-0.04826', '0.00038', '0.04826',
    '0.99883', '-0.00017', '-0.00037', '0.00019', '1.00000']
  '009.1333': ['2.256', '-0.027', '0.080', '0.98832', '-0.15240', '0.00038', '0.15240',
    '0.98832', '-0.00017', '-0.00035', '0.00023', '1.00000']
  '009.2000': ['2.281', '-0.024', '0.080', '0.96830', '-0.24981', '0.00038', '0.24981',
    '0.96830', '-0.00017', '-0.00033', '0.00026', '1.00000']
  '009.2667': ['2.306', '-0.018', '0.080', '0.96830', '-0.24981', '0.00038', '0.24981',
    '0.96830', '-0.00017', '-0.00033', '0.00026', '1.00000']
  '009.3333': ['2.330', '-0.012', '0.080', '0.96830', '-0.24981', '0.00038', '0.24981',
    '0.96830', '-0.00017', '-0.00033', '0.00026', '1.00000']
  '009.4000': ['2.355', '-0.005', '0.080', '0.96830', '-0.24981', '0.00038', '0.24981',
    '0.96830', '-0.00017', '-0.00033', '0.00026', '1.00000']
  '009.4667': ['2.379', '0.001', '0.080', '0.96830', '-0.24981', '0.00038', '0.24981',
    '0.96830', '-0.00017', '-0.00033', '0.00026', '1.00000']
  '009.5333': ['2.404', '0.007', '0.080', '0.96830', '-0.24981', '0.00038', '0.24981',
    '0.96830', '-0.00017', '-0.00033', '0.00026', '1.00000']
