begin_time_stamp: 1574104055.1333313
data_header:
  time_stamp: [x, y, z, R11, R12, R13, R21, R22, R23, R31, R32, R33]
trajectory_data:
  '000.0000': ['0.756', '0.479', '0.080', '0.31633', '0.94865', '-0.00019', '-0.94865',
    '0.31633', '-0.00035', '-0.00028', '0.00029', '1.00000']
  '000.0667': ['0.764', '0.455', '0.080', '0.37106', '0.92861', '-0.00018', '-0.92861',
    '0.37106', '-0.00036', '-0.00027', '0.00030', '1.00000']
  '000.1333': ['0.772', '0.432', '0.080', '0.46027', '0.88778', '0.00001', '-0.88778',
    '0.46027', '-0.00033', '-0.00029', '0.00014', '1.00000']
  '000.2000': ['0.785', '0.411', '0.080', '0.54051', '0.84134', '-0.00009', '-0.84134',
    '0.54051', '-0.00039', '-0.00028', '0.00028', '1.00000']
  '000.2667': ['0.798', '0.391', '0.080', '0.61697', '0.78699', '-0.00013', '-0.78699',
    '0.61697', '-0.00040', '-0.00023', '0.00035', '1.00000']
  '000.3333': ['0.812', '0.371', '0.080', '0.68466', '0.72886', '-0.00012', '-0.72886',
    '0.68466', '-0.00040', '-0.00021', '0.00036', '1.00000']
  '000.4000': ['0.830', '0.351', '0.080', '0.68542', '0.72815', '-0.00011', '-0.72815',
    '0.68542', '-0.00041', '-0.00022', '0.00036', '1.00000']
  '000.4667': ['0.847', '0.332', '0.080', '0.68795', '0.72576', '-0.00012', '-0.72576',
    '0.68795', '-0.00041', '-0.00021', '0.00037', '1.00000']
  '000.5333': ['0.866', '0.313', '0.080', '0.69049', '0.72334', '-0.00012', '-0.72334',
    '0.69049', '-0.00042', '-0.00022', '0.00038', '1.00000']
  '000.6000': ['0.886', '0.292', '0.080', '0.69248', '0.72144', '-0.00014', '-0.72144',
    '0.69248', '-0.00043', '-0.00021', '0.00039', '1.00000']
  '000.6667': ['0.910', '0.266', '0.080', '0.69490', '0.71911', '-0.00013', '-0.71911',
    '0.69490', '-0.00044', '-0.00023', '0.00040', '1.00000']
  '000.7333': ['0.946', '0.223', '0.080', '0.70329', '0.71090', '-0.00002', '-0.71090',
    '0.70329', '-0.00043', '-0.00030', '0.00031', '1.00000']
  '000.8000': ['0.975', '0.192', '0.080', '0.77812', '0.62812', '0.00002', '-0.62812',
    '0.77812', '-0.00042', '-0.00028', '0.00031', '1.00000']
  '000.8667': ['0.998', '0.172', '0.080', '0.84649', '0.53241', '0.00005', '-0.53241',
    '0.84649', '-0.00043', '-0.00027', '0.00033', '1.00000']
  '000.9333': ['1.016', '0.161', '0.080', '0.90262', '0.43044', '0.00008', '-0.43044',
    '0.90262', '-0.00043', '-0.00025', '0.00035', '1.00000']
  '001.0000': ['1.030', '0.158', '0.080', '0.94488', '0.32741', '0.00010', '-0.32741',
    '0.94488', '-0.00044', '-0.00024', '0.00038', '1.00000']
  '001.0667': ['1.039', '0.162', '0.080', '0.97283', '0.23152', '0.00012', '-0.23152',
    '0.97283', '-0.00048', '-0.00023', '0.00044', '1.00000']
  '001.1333': ['1.044', '0.175', '0.080', '0.98808', '0.15391', '0.00011', '-0.15391',
    '0.98808', '-0.00062', '-0.00021', '0.00059', '1.00000']
  '001.2000': ['1.062', '0.174', '0.080', '0.99730', '0.07340', '0.00017', '-0.07340',
    '0.99730', '-0.00063', '-0.00022', '0.00062', '1.00000']
  '001.2667': ['1.082', '0.173', '0.080', '0.99955', '0.02997', '0.00021', '-0.02997',
    '0.99955', '-0.00068', '-0.00023', '0.00067', '1.00000']
  '001.3333': ['1.104', '0.173', '0.080', '0.99899', '0.04487', '0.00024', '-0.04487',
    '0.99899', '-0.00079', '-0.00027', '0.00078', '1.00000']
  '001.4000': ['1.129', '0.174', '0.080', '0.99815', '0.06073', '0.00026', '-0.06073',
    '0.99815', '-0.00090', '-0.00031', '0.00088', '1.00000']
  '001.4667': ['1.155', '0.173', '0.080', '0.99678', '0.08020', '0.00026', '-0.08020',
    '0.99678', '-0.00094', '-0.00033', '0.00091', '1.00000']
  '001.5333': ['1.186', '0.171', '0.080', '0.99475', '0.10235', '0.00021', '-0.10235',
    '0.99475', '-0.00088', '-0.00029', '0.00086', '1.00000']
  '001.6000': ['1.219', '0.164', '0.080', '0.99254', '0.12190', '0.00016', '-0.12190',
    '0.99254', '-0.00078', '-0.00025', '0.00075', '1.00000']
  '001.6667': ['1.260', '0.149', '0.080', '0.99237', '0.12331', '0.00007', '-0.12331',
    '0.99237', '-0.00048', '-0.00013', '0.00046', '1.00000']
  '001.7333': ['1.293', '0.139', '0.080', '0.99323', '0.11618', '0.00005', '-0.11618',
    '0.99323', '-0.00039', '-0.00009', '0.00038', '1.00000']
  '001.8000': ['1.324', '0.133', '0.080', '0.99438', '0.10591', '0.00005', '-0.10591',
    '0.99438', '-0.00035', '-0.00008', '0.00034', '1.00000']
  '001.8667': ['1.354', '0.130', '0.080', '0.99524', '0.09750', '0.00005', '-0.09750',
    '0.99524', '-0.00034', '-0.00009', '0.00034', '1.00000']
  '001.9333': ['1.381', '0.128', '0.080', '0.99580', '0.09157', '0.00006', '-0.09157',
    '0.99580', '-0.00033', '-0.00009', '0.00032', '1.00000']
  '002.0000': ['1.406', '0.127', '0.080', '0.99598', '0.08962', '0.00005', '-0.08962',
    '0.99598', '-0.00031', '-0.00008', '0.00030', '1.00000']
  '002.0667': ['1.430', '0.127', '0.080', '0.99563', '0.09341', '0.00005', '-0.09341',
    '0.99563', '-0.00030', '-0.00008', '0.00029', '1.00000']
  '002.1333': ['1.454', '0.129', '0.080', '0.99439', '0.10577', '0.00004', '-0.10577',
    '0.99439', '-0.00030', '-0.00007', '0.00029', '1.00000']
  '002.2000': ['1.477', '0.131', '0.080', '0.99172', '0.12842', '0.00003', '-0.12842',
    '0.99172', '-0.00031', '-0.00007', '0.00030', '1.00000']
  '002.2667': ['1.496', '0.132', '0.080', '0.98708', '0.16021', '0.00006', '-0.16021',
    '0.98708', '-0.00030', '-0.00011', '0.00028', '1.00000']
  '002.3333': ['1.513', '0.135', '0.080', '0.97904', '0.20368', '0.00001', '-0.20368',
    '0.97904', '-0.00030', '-0.00007', '0.00029', '1.00000']
  '002.4000': ['1.527', '0.138', '0.080', '0.96561', '0.25998', '-0.00001', '-0.25998',
    '0.96561', '-0.00030', '-0.00007', '0.00029', '1.00000']
  '002.4667': ['1.531', '0.147', '0.080', '0.94449', '0.32855', '-0.00002', '-0.32855',
    '0.94449', '-0.00032', '-0.00009', '0.00031', '1.00000']
  '002.5333': ['1.550', '0.144', '0.080', '0.94962', '0.31340', '0.00000', '-0.31340',
    '0.94962', '-0.00031', '-0.00010', '0.00030', '1.00000']
  '002.6000': ['1.584', '0.133', '0.080', '0.93998', '0.34123', '-0.00000', '-0.34123',
    '0.93998', '-0.00032', '-0.00011', '0.00030', '1.00000']
  '002.6667': ['1.643', '0.102', '0.080', '0.91187', '0.41047', '-0.00000', '-0.41047',
    '0.91187', '-0.00024', '-0.00010', '0.00022', '1.00000']
  '002.7333': ['1.703', '0.068', '0.080', '0.88553', '0.46458', '0.00008', '-0.46458',
    '0.88553', '-0.00016', '-0.00015', '0.00011', '1.00000']
  '002.8000': ['1.764', '0.030', '0.080', '0.86161', '0.50756', '0.00010', '-0.50756',
    '0.86161', '-0.00015', '-0.00017', '0.00008', '1.00000']
  '002.8667': ['2.150', '-0.277', '0.080', '0.92849', '0.37136', '0.00042', '-0.37136',
    '0.92849', '-0.00031', '-0.00050', '0.00013', '1.00000']
  '002.9333': ['2.198', '-0.305', '0.080', '0.94073', '0.33915', '0.00045', '-0.33915',
    '0.94073', '-0.00031', '-0.00052', '0.00014', '1.00000']
  '003.0000': ['2.238', '-0.326', '0.080', '0.95518', '0.29602', '0.00047', '-0.29602',
    '0.95518', '-0.00030', '-0.00053', '0.00014', '1.00000']
  '003.0667': ['2.272', '-0.340', '0.080', '0.96932', '0.24579', '0.00049', '-0.24579',
    '0.96932', '-0.00028', '-0.00054', '0.00015', '1.00000']
  '003.1333': ['2.302', '-0.351', '0.080', '0.98173', '0.19027', '0.00050', '-0.19027',
    '0.98173', '-0.00026', '-0.00054', '0.00016', '1.00000']
  '003.2000': ['2.331', '-0.360', '0.080', '0.99611', '0.08811', '0.00053', '-0.08811',
    '0.99611', '-0.00022', '-0.00055', '0.00018', '1.00000']
  '003.2667': ['2.356', '-0.366', '0.080', '0.99664', '-0.08190', '0.00056', '0.08190',
    '0.99664', '-0.00018', '-0.00054', '0.00023', '1.00000']
  '003.3333': ['2.381', '-0.368', '0.080', '0.98616', '-0.16578', '0.00057', '0.16578',
    '0.98616', '-0.00015', '-0.00054', '0.00024', '1.00000']
  '003.4000': ['2.405', '-0.368', '0.080', '0.97007', '-0.24283', '0.00059', '0.24283',
    '0.97007', '-0.00013', '-0.00054', '0.00027', '1.00000']
  '003.4667': ['2.427', '-0.367', '0.080', '0.94560', '-0.32533', '0.00060', '0.32533',
    '0.94560', '-0.00011', '-0.00053', '0.00030', '1.00000']
  '003.5333': ['2.448', '-0.365', '0.080', '0.91079', '-0.41286', '0.00061', '0.41286',
    '0.91079', '-0.00008', '-0.00052', '0.00032', '1.00000']
  '003.6000': ['2.467', '-0.361', '0.080', '0.86358', '-0.50421', '0.00062', '0.50421',
    '0.86358', '-0.00004', '-0.00051', '0.00035', '1.00000']
  '003.6667': ['2.486', '-0.356', '0.080', '0.80195', '-0.59738', '0.00063', '0.59739',
    '0.80195', '-0.00000', '-0.00050', '0.00038', '1.00000']
  '003.7333': ['2.504', '-0.350', '0.080', '0.66314', '-0.74849', '0.00063', '0.74849',
    '0.66314', '0.00006', '-0.00047', '0.00043', '1.00000']
  '003.8000': ['2.519', '-0.340', '0.080', '0.50226', '-0.86471', '0.00064', '0.86471',
    '0.50226', '0.00013', '-0.00043', '0.00049', '1.00000']
  '003.8667': ['2.531', '-0.327', '0.080', '0.37836', '-0.92566', '0.00064', '0.92566',
    '0.37836', '0.00017', '-0.00040', '0.00053', '1.00000']
  '003.9333': ['2.539', '-0.311', '0.080', '0.24292', '-0.97005', '0.00065', '0.97005',
    '0.24292', '0.00022', '-0.00037', '0.00058', '1.00000']
  '004.0000': ['2.542', '-0.293', '0.080', '0.10202', '-0.99478', '0.00063', '0.99478',
    '0.10202', '0.00026', '-0.00032', '0.00060', '1.00000']
  '004.0667': ['2.541', '-0.270', '0.080', '-0.03469', '-0.99940', '0.00061', '0.99940',
    '-0.03469', '0.00030', '-0.00028', '0.00062', '1.00000']
  '004.1333': ['2.530', '-0.239', '0.080', '-0.15383', '-0.98810', '0.00059', '0.98810',
    '-0.15383', '0.00033', '-0.00024', '0.00063', '1.00000']
  '004.2000': ['2.508', '-0.198', '0.080', '-0.23775', '-0.97133', '0.00056', '0.97133',
    '-0.23775', '0.00034', '-0.00020', '0.00062', '1.00000']
  '004.2667': ['2.439', '-0.115', '0.080', '-0.24501', '-0.96952', '0.00026', '0.96952',
    '-0.24501', '0.00014', '-0.00007', '0.00029', '1.00000']
  '004.3333': ['2.405', '-0.064', '0.080', '-0.20278', '-0.97922', '0.00024', '0.97922',
    '-0.20278', '0.00011', '-0.00006', '0.00025', '1.00000']
  '004.4000': ['2.375', '-0.019', '0.080', '-0.11740', '-0.99308', '0.00023', '0.99308',
    '-0.11740', '0.00009', '-0.00006', '0.00024', '1.00000']
  '004.4667': ['2.348', '0.023', '0.080', '0.01498', '-0.99989', '0.00023', '0.99989',
    '0.01498', '0.00005', '-0.00006', '0.00023', '1.00000']
  '004.5333': ['2.323', '0.062', '0.080', '0.19793', '-0.98022', '0.00022', '0.98022',
    '0.19793', '-0.00001', '-0.00003', '0.00022', '1.00000']
  '004.6000': ['2.299', '0.100', '0.080', '0.41315', '-0.91066', '0.00006', '0.91066',
    '0.41315', '-0.00023', '0.00019', '0.00015', '1.00000']
  '004.6667': ['2.302', '0.117', '0.080', '0.53600', '-0.84422', '0.00001', '0.84422',
    '0.53600', '-0.00034', '0.00028', '0.00019', '1.00000']
  '004.7333': ['2.316', '0.125', '0.080', '0.62747', '-0.77864', '-0.00002', '0.77864',
    '0.62747', '-0.00040', '0.00032', '0.00024', '1.00000']
  '004.8000': ['2.335', '0.129', '0.080', '0.68772', '-0.72597', '-0.00004', '0.72597',
    '0.68772', '-0.00044', '0.00035', '0.00028', '1.00000']
  '004.8667': ['2.355', '0.134', '0.080', '0.78810', '-0.61555', '-0.00010', '0.61555',
    '0.78810', '-0.00048', '0.00038', '0.00032', '1.00000']
  '004.9333': ['2.376', '0.138', '0.080', '0.85696', '-0.51539', '-0.00015', '0.51539',
    '0.85696', '-0.00050', '0.00039', '0.00035', '1.00000']
  '005.0000': ['2.400', '0.143', '0.080', '0.90384', '-0.42787', '-0.00017', '0.42787',
    '0.90384', '-0.00056', '0.00039', '0.00043', '1.00000']
  '005.0667': ['2.426', '0.148', '0.080', '0.90061', '-0.43463', '-0.00017', '0.43463',
    '0.90061', '-0.00062', '0.00042', '0.00048', '1.00000']
  '005.1333': ['2.449', '0.154', '0.080', '0.88561', '-0.46443', '-0.00016', '0.46443',
    '0.88561', '-0.00065', '0.00045', '0.00050', '1.00000']
  '005.2000': ['2.471', '0.160', '0.080', '0.86397', '-0.50355', '-0.00015', '0.50355',
    '0.86397', '-0.00065', '0.00046', '0.00049', '1.00000']
  '005.2667': ['2.493', '0.168', '0.080', '0.83434', '-0.55125', '-0.00013', '0.55125',
    '0.83434', '-0.00072', '0.00051', '0.00053', '1.00000']
  '005.3333': ['2.514', '0.177', '0.080', '0.79513', '-0.60644', '-0.00011', '0.60644',
    '0.79513', '-0.00077', '0.00056', '0.00055', '1.00000']
  '005.4000': ['2.538', '0.190', '0.080', '0.75422', '-0.65663', '-0.00010', '0.65663',
    '0.75422', '-0.00081', '0.00061', '0.00054', '1.00000']
  '005.4667': ['2.557', '0.204', '0.080', '0.76525', '-0.64373', '-0.00012', '0.64373',
    '0.76525', '-0.00087', '0.00065', '0.00059', '1.00000']
  '005.5333': ['2.575', '0.218', '0.080', '0.77333', '-0.63400', '-0.00012', '0.63400',
    '0.77333', '-0.00090', '0.00067', '0.00062', '1.00000']
  '005.6000': ['2.595', '0.235', '0.080', '0.78087', '-0.62469', '-0.00011', '0.62469',
    '0.78087', '-0.00092', '0.00066', '0.00065', '1.00000']
  '005.6667': ['2.614', '0.251', '0.080', '0.72331', '-0.69053', '-0.00007', '0.69052',
    '0.72331', '-0.00092', '0.00069', '0.00062', '1.00000']
  '005.7333': ['2.631', '0.268', '0.080', '0.66176', '-0.74972', '-0.00001', '0.74972',
    '0.66176', '-0.00095', '0.00072', '0.00062', '1.00000']
  '005.8000': ['2.648', '0.286', '0.080', '0.59539', '-0.80344', '0.00006', '0.80344',
    '0.59539', '-0.00092', '0.00071', '0.00060', '1.00000']
  '005.8667': ['2.663', '0.308', '0.080', '0.60016', '-0.79988', '0.00013', '0.79988',
    '0.60016', '-0.00090', '0.00064', '0.00065', '1.00000']
  '005.9333': ['2.676', '0.326', '0.080', '0.58156', '-0.81350', '0.00021', '0.81350',
    '0.58156', '-0.00087', '0.00059', '0.00068', '1.00000']
  '006.0000': ['2.687', '0.342', '0.080', '0.51332', '-0.85820', '0.00030', '0.85820',
    '0.51332', '-0.00080', '0.00054', '0.00067', '1.00000']
  '006.0667': ['2.697', '0.359', '0.080', '0.44210', '-0.89697', '0.00044', '0.89697',
    '0.44210', '-0.00079', '0.00051', '0.00074', '1.00000']
  '006.1333': ['2.707', '0.378', '0.080', '0.36645', '-0.93044', '0.00056', '0.93044',
    '0.36645', '-0.00074', '0.00048', '0.00079', '1.00000']
  '006.2000': ['2.716', '0.399', '0.080', '0.28544', '-0.95840', '0.00079', '0.95840',
    '0.28544', '-0.00073', '0.00047', '0.00096', '1.00000']
  '006.2667': ['2.730', '0.421', '0.080', '0.18869', '-0.98204', '0.00030', '0.98204',
    '0.18869', '-0.00030', '0.00023', '0.00035', '1.00000']
  '006.3333': ['2.740', '0.445', '0.080', '0.09171', '-0.99579', '0.00008', '0.99579',
    '0.09171', '-0.00020', '0.00020', '0.00010', '1.00000']
  '006.4000': ['2.745', '0.467', '0.080', '0.07813', '-0.99694', '0.00000', '0.99694',
    '0.07813', '-0.00012', '0.00012', '0.00001', '1.00000']
  '006.4667': ['2.748', '0.493', '0.080', '0.06043', '-0.99817', '-0.00008', '0.99817',
    '0.06043', '-0.00006', '0.00007', '-0.00008', '1.00000']
  '006.5333': ['2.750', '0.516', '0.080', '0.04269', '-0.99909', '-0.00015', '0.99909',
    '0.04269', '-0.00004', '0.00004', '-0.00015', '1.00000']
  '006.6000': ['2.750', '0.537', '0.080', '0.02745', '-0.99962', '-0.00017', '0.99962',
    '0.02745', '-0.00005', '0.00006', '-0.00017', '1.00000']
  '006.6667': ['2.750', '0.560', '0.080', '0.01559', '-0.99988', '-0.00018', '0.99988',
    '0.01559', '-0.00007', '0.00007', '-0.00018', '1.00000']
  '006.7333': ['2.749', '0.586', '0.080', '0.00789', '-0.99997', '-0.00016', '0.99997',
    '0.00789', '-0.00011', '0.00011', '-0.00016', '1.00000']
  '006.8000': ['2.748', '0.609', '0.080', '0.00302', '-1.00000', '-0.00015', '1.00000',
    '0.00302', '-0.00010', '0.00011', '-0.00015', '1.00000']
  '006.8667': ['2.747', '0.634', '0.080', '0.00093', '-1.00000', '-0.00014', '1.00000',
    '0.00093', '-0.00014', '0.00014', '-0.00014', '1.00000']
  '006.9333': ['2.747', '0.660', '0.080', '0.00022', '-1.00000', '-0.00011', '1.00000',
    '0.00022', '-0.00010', '0.00010', '-0.00011', '1.00000']
  '007.0000': ['2.749', '0.683', '0.080', '-0.00274', '-1.00000', '-0.00007', '1.00000',
    '-0.00274', '-0.00004', '0.00004', '-0.00007', '1.00000']
  '007.0667': ['2.755', '0.706', '0.080', '-0.01656', '-0.99986', '0.00018', '0.99986',
    '-0.01656', '0.00006', '-0.00005', '0.00018', '1.00000']
  '007.1333': ['2.756', '0.732', '0.080', '-0.03082', '-0.99953', '0.00023', '0.99953',
    '-0.03082', '0.00008', '-0.00007', '0.00023', '1.00000']
  '007.2000': ['2.754', '0.756', '0.080', '-0.04270', '-0.99909', '0.00023', '0.99909',
    '-0.04270', '0.00005', '-0.00004', '0.00024', '1.00000']
  '007.2667': ['2.752', '0.781', '0.080', '0.03560', '-0.99937', '0.00024', '0.99937',
    '0.03560', '-0.00005', '0.00004', '0.00025', '1.00000']
  '007.3333': ['2.751', '0.804', '0.080', '0.09655', '-0.99533', '0.00024', '0.99533',
    '0.09655', '-0.00007', '0.00005', '0.00025', '1.00000']
  '007.4000': ['2.751', '0.830', '0.080', '0.10254', '-0.99473', '0.00026', '0.99473',
    '0.10253', '-0.00008', '0.00005', '0.00027', '1.00000']
  '007.4667': ['2.752', '0.853', '0.080', '0.11538', '-0.99332', '0.00024', '0.99332',
    '0.11538', '-0.00010', '0.00007', '0.00025', '1.00000']
  '007.5333': ['2.754', '0.876', '0.080', '0.13270', '-0.99116', '0.00026', '0.99116',
    '0.13270', '-0.00012', '0.00009', '0.00027', '1.00000']
  '007.6000': ['2.757', '0.903', '0.080', '0.15310', '-0.98821', '0.00026', '0.98821',
    '0.15310', '-0.00011', '0.00007', '0.00028', '1.00000']
  '007.6667': ['2.760', '0.927', '0.080', '0.08588', '-0.99631', '0.00031', '0.99631',
    '0.08588', '-0.00011', '0.00008', '0.00031', '1.00000']
  '007.7333': ['2.763', '0.948', '0.080', '0.00554', '-0.99998', '0.00030', '0.99998',
    '0.00554', '-0.00010', '0.00010', '0.00030', '1.00000']
  '007.8000': ['2.764', '0.971', '0.080', '-0.07961', '-0.99683', '0.00031', '0.99683',
    '-0.07961', '-0.00009', '0.00012', '0.00030', '1.00000']
  '007.8667': ['2.764', '1.000', '0.080', '-0.08465', '-0.99641', '0.00030', '0.99641',
    '-0.08465', '-0.00011', '0.00014', '0.00029', '1.00000']
  '007.9333': ['2.764', '1.023', '0.080', '-0.08367', '-0.99649', '0.00027', '0.99649',
    '-0.08367', '-0.00011', '0.00014', '0.00026', '1.00000']
  '008.0000': ['2.763', '1.047', '0.080', '-0.08590', '-0.99630', '0.00026', '0.99630',
    '-0.08590', '-0.00013', '0.00015', '0.00025', '1.00000']
  '008.0667': ['2.762', '1.068', '0.080', '-0.09028', '-0.99592', '0.00028', '0.99592',
    '-0.09028', '-0.00015', '0.00018', '0.00027', '1.00000']
  '008.1333': ['2.765', '1.090', '0.080', '-0.07227', '-0.99738', '0.00054', '0.99738',
    '-0.07227', '-0.00031', '0.00035', '0.00052', '1.00000']
  '008.2000': ['2.764', '1.116', '0.080', '0.01606', '-0.99987', '0.00059', '0.99987',
    '0.01606', '-0.00034', '0.00033', '0.00059', '1.00000']
  '008.2667': ['2.763', '1.138', '0.080', '0.04212', '-0.99911', '0.00062', '0.99911',
    '0.04212', '-0.00033', '0.00031', '0.00063', '1.00000']
  '008.3333': ['2.762', '1.160', '0.080', '0.03647', '-0.99933', '0.00064', '0.99933',
    '0.03647', '-0.00036', '0.00034', '0.00066', '1.00000']
  '008.4000': ['2.761', '1.185', '0.080', '0.03626', '-0.99934', '0.00067', '0.99934',
    '0.03626', '-0.00039', '0.00037', '0.00069', '1.00000']
  '008.4667': ['2.762', '1.206', '0.080', '0.03803', '-0.99928', '0.00067', '0.99928',
    '0.03803', '-0.00039', '0.00036', '0.00069', '1.00000']
  '008.5333': ['2.763', '1.228', '0.080', '0.03889', '-0.99924', '0.00066', '0.99924',
    '0.03889', '-0.00035', '0.00033', '0.00068', '1.00000']
  '008.6000': ['2.764', '1.252', '0.080', '0.03884', '-0.99925', '0.00066', '0.99925',
    '0.03884', '-0.00029', '0.00027', '0.00068', '1.00000']
  '008.6667': ['2.765', '1.276', '0.080', '-0.02321', '-0.99973', '0.00069', '0.99973',
    '-0.02321', '-0.00020', '0.00021', '0.00068', '1.00000']
  '008.7333': ['2.765', '1.301', '0.080', '-0.11560', '-0.99330', '0.00069', '0.99330',
    '-0.11560', '-0.00020', '0.00028', '0.00066', '1.00000']
  '008.8000': ['2.762', '1.326', '0.080', '-0.11560', '-0.99330', '0.00069', '0.99330',
    '-0.11560', '-0.00020', '0.00028', '0.00066', '1.00000']
  '008.8667': ['2.759', '1.351', '0.080', '-0.11560', '-0.99330', '0.00069', '0.99330',
    '-0.11560', '-0.00020', '0.00028', '0.00066', '1.00000']
  '008.9333': ['2.756', '1.377', '0.080', '-0.11560', '-0.99330', '0.00069', '0.99330',
    '-0.11560', '-0.00020', '0.00028', '0.00066', '1.00000']
  '009.0000': ['2.753', '1.402', '0.080', '-0.11560', '-0.99330', '0.00069', '0.99330',
    '-0.11560', '-0.00020', '0.00028', '0.00066', '1.00000']
  '009.0667': ['2.750', '1.427', '0.080', '-0.11560', '-0.99330', '0.00069', '0.99330',
    '-0.11560', '-0.00020', '0.00028', '0.00066', '1.00000']
  '009.1333': ['2.747', '1.452', '0.080', '-0.11560', '-0.99330', '0.00069', '0.99330',
    '-0.11560', '-0.00020', '0.00028', '0.00066', '1.00000']
  '009.2000': ['2.744', '1.477', '0.080', '-0.01717', '-0.99985', '0.00069', '0.99985',
    '-0.01717', '-0.00020', '0.00021', '0.00068', '1.00000']
  '009.2667': ['2.744', '1.502', '0.080', '0.02780', '-0.99961', '0.00069', '0.99961',
    '0.02780', '-0.00020', '0.00018', '0.00069', '1.00000']
  '009.3333': ['2.744', '1.527', '0.080', '0.02780', '-0.99961', '0.00069', '0.99961',
    '0.02780', '-0.00020', '0.00018', '0.00069', '1.00000']
  '009.4000': ['2.745', '1.552', '0.080', '0.02780', '-0.99961', '0.00069', '0.99961',
    '0.02780', '-0.00020', '0.00018', '0.00069', '1.00000']
  '009.4667': ['2.746', '1.577', '0.080', '0.02780', '-0.99961', '0.00069', '0.99961',
    '0.02780', '-0.00020', '0.00018', '0.00069', '1.00000']
