begin_time_stamp: 1574104094.733332
data_header:
  time_stamp: [x, y, z, R11, R12, R13, R21, R22, R23, R31, R32, R33]
trajectory_data:
  '000.0000': ['2.787', '1.932', '0.080', '0.20971', '-0.97776', '0.00057', '0.97776',
    '0.20971', '0.00012', '-0.00024', '0.00053', '1.00000']
  '000.0667': ['2.790', '1.959', '0.080', '0.21607', '-0.97638', '0.00057', '0.97638',
    '0.21607', '0.00010', '-0.00022', '0.00053', '1.00000']
  '000.1333': ['2.794', '1.982', '0.080', '0.19412', '-0.98098', '0.00059', '0.98098',
    '0.19412', '0.00009', '-0.00021', '0.00057', '1.00000']
  '000.2000': ['2.799', '2.006', '0.080', '0.10627', '-0.99434', '0.00059', '0.99434',
    '0.10627', '0.00009', '-0.00015', '0.00058', '1.00000']
  '000.2667': ['2.802', '2.033', '0.080', '0.10846', '-0.99410', '0.00059', '0.99410',
    '0.10846', '0.00007', '-0.00014', '0.00058', '1.00000']
  '000.3333': ['2.805', '2.059', '0.080', '0.11980', '-0.99280', '0.00061', '0.99280',
    '0.11980', '0.00004', '-0.00011', '0.00060', '1.00000']
  '000.4000': ['2.808', '2.084', '0.080', '0.13156', '-0.99131', '0.00063', '0.99131',
    '0.13156', '0.00002', '-0.00011', '0.00063', '1.00000']
  '000.4667': ['2.811', '2.109', '0.080', '0.14596', '-0.98929', '0.00065', '0.98929',
    '0.14596', '0.00000', '-0.00010', '0.00064', '1.00000']
  '000.5333': ['2.813', '2.134', '0.080', '0.12909', '-0.99163', '0.00064', '0.99163',
    '0.12909', '-0.00002', '-0.00007', '0.00064', '1.00000']
  '000.6000': ['2.816', '2.161', '0.080', '0.05020', '-0.99874', '0.00063', '0.99874',
    '0.05020', '0.00001', '-0.00004', '0.00063', '1.00000']
  '000.6667': ['2.818', '2.183', '0.080', '-0.03046', '-0.99954', '0.00064', '0.99954',
    '-0.03046', '0.00000', '0.00002', '0.00064', '1.00000']
  '000.7333': ['2.819', '2.204', '0.080', '-0.11624', '-0.99322', '0.00065', '0.99322',
    '-0.11624', '0.00002', '0.00005', '0.00065', '1.00000']
  '000.8000': ['2.818', '2.226', '0.080', '-0.20788', '-0.97816', '0.00066', '0.97816',
    '-0.20788', '0.00004', '0.00010', '0.00065', '1.00000']
  '000.8667': ['2.816', '2.255', '0.080', '-0.23016', '-0.97315', '0.00068', '0.97315',
    '-0.23016', '0.00004', '0.00011', '0.00067', '1.00000']
  '000.9333': ['2.813', '2.296', '0.080', '-0.25078', '-0.96804', '0.00096', '0.96804',
    '-0.25078', '-0.00005', '0.00029', '0.00092', '1.00000']
  '001.0000': ['2.809', '2.325', '0.080', '-0.28087', '-0.95975', '0.00095', '0.95975',
    '-0.28087', '0.00000', '0.00027', '0.00091', '1.00000']
  '001.0667': ['2.803', '2.353', '0.080', '-0.31594', '-0.94878', '0.00091', '0.94878',
    '-0.31594', '0.00004', '0.00025', '0.00088', '1.00000']
  '001.1333': ['2.790', '2.382', '0.080', '-0.31211', '-0.95004', '0.00120', '0.95005',
    '-0.31211', '-0.00044', '0.00079', '0.00101', '1.00000']
  '001.2000': ['2.786', '2.405', '0.080', '-0.23753', '-0.97138', '0.00096', '0.97138',
    '-0.23753', '-0.00008', '0.00031', '0.00091', '1.00000']
  '001.2667': ['2.780', '2.424', '0.080', '-0.23087', '-0.97299', '0.00084', '0.97299',
    '-0.23087', '0.00030', '-0.00010', '0.00088', '1.00000']
  '001.3333': ['2.774', '2.449', '0.080', '-0.24137', '-0.97043', '0.00076', '0.97043',
    '-0.24137', '0.00036', '-0.00016', '0.00083', '1.00000']
  '001.4000': ['2.769', '2.474', '0.080', '-0.25291', '-0.96749', '0.00067', '0.96749',
    '-0.25291', '0.00042', '-0.00024', '0.00076', '1.00000']
  '001.4667': ['2.762', '2.500', '0.080', '-0.18839', '-0.98209', '0.00064', '0.98209',
    '-0.18839', '0.00046', '-0.00033', '0.00072', '1.00000']
  '001.5333': ['2.757', '2.525', '0.080', '-0.09797', '-0.99519', '0.00060', '0.99519',
    '-0.09797', '0.00046', '-0.00040', '0.00065', '1.00000']
  '001.6000': ['2.754', '2.550', '0.080', '-0.00379', '-0.99999', '0.00054', '0.99999',
    '-0.00379', '0.00042', '-0.00042', '0.00054', '1.00000']
  '001.6667': ['2.753', '2.575', '0.080', '0.02328', '-0.99973', '0.00052', '0.99973',
    '0.02328', '0.00040', '-0.00041', '0.00051', '1.00000']
  '001.7333': ['2.752', '2.601', '0.080', '0.02776', '-0.99961', '0.00045', '0.99961',
    '0.02776', '0.00039', '-0.00040', '0.00044', '1.00000']
  '001.8000': ['2.752', '2.625', '0.080', '0.03547', '-0.99937', '0.00042', '0.99937',
    '0.03547', '0.00038', '-0.00039', '0.00041', '1.00000']
  '001.8667': ['2.752', '2.650', '0.080', '0.04645', '-0.99892', '0.00045', '0.99892',
    '0.04645', '0.00040', '-0.00042', '0.00043', '1.00000']
  '001.9333': ['2.752', '2.675', '0.080', '0.05989', '-0.99820', '0.00045', '0.99820',
    '0.05989', '0.00041', '-0.00044', '0.00043', '1.00000']
  '002.0000': ['2.754', '2.698', '0.080', '0.07346', '-0.99730', '0.00046', '0.99730',
    '0.07346', '0.00043', '-0.00046', '0.00043', '1.00000']
  '002.0667': ['2.755', '2.721', '0.080', '0.08750', '-0.99616', '0.00045', '0.99616',
    '0.08750', '0.00039', '-0.00043', '0.00042', '1.00000']
  '002.1333': ['2.757', '2.745', '0.080', '0.10274', '-0.99471', '0.00045', '0.99471',
    '0.10274', '0.00038', '-0.00043', '0.00040', '1.00000']
  '002.2000': ['2.758', '2.770', '0.080', '0.12035', '-0.99273', '0.00046', '0.99273',
    '0.12035', '0.00040', '-0.00045', '0.00041', '1.00000']
  '002.2667': ['2.761', '2.796', '0.080', '0.11911', '-0.99288', '0.00043', '0.99288',
    '0.11911', '0.00041', '-0.00046', '0.00038', '1.00000']
  '002.3333': ['2.764', '2.822', '0.080', '0.03704', '-0.99931', '0.00043', '0.99931',
    '0.03704', '0.00043', '-0.00044', '0.00041', '1.00000']
  '002.4000': ['2.765', '2.845', '0.080', '-0.04622', '-0.99893', '0.00041', '0.99893',
    '-0.04622', '0.00043', '-0.00041', '0.00043', '1.00000']
  '002.4667': ['2.766', '2.865', '0.080', '-0.12818', '-0.99175', '0.00039', '0.99175',
    '-0.12817', '0.00042', '-0.00036', '0.00044', '1.00000']
  '002.5333': ['2.764', '2.882', '0.080', '-0.11488', '-0.99338', '0.00036', '0.99338',
    '-0.11488', '0.00038', '-0.00034', '0.00041', '1.00000']
  '002.6000': ['2.762', '2.891', '0.080', '-0.10266', '-0.99472', '0.00032', '0.99472',
    '-0.10266', '0.00032', '-0.00028', '0.00035', '1.00000']
  '002.6667': ['2.760', '2.908', '0.080', '-0.09168', '-0.99579', '0.00030', '0.99579',
    '-0.09168', '0.00030', '-0.00027', '0.00033', '1.00000']
  '002.7333': ['2.757', '2.930', '0.080', '-0.07923', '-0.99686', '0.00029', '0.99686',
    '-0.07923', '0.00027', '-0.00025', '0.00031', '1.00000']
  '002.8000': ['2.755', '2.954', '0.080', '-0.06422', '-0.99794', '0.00029', '0.99794',
    '-0.06422', '0.00023', '-0.00022', '0.00030', '1.00000']
  '002.8667': ['2.752', '2.979', '0.080', '-0.04965', '-0.99877', '0.00029', '0.99877',
    '-0.04965', '0.00023', '-0.00021', '0.00030', '1.00000']
  '002.9333': ['2.749', '3.002', '0.080', '-0.12855', '-0.99170', '0.00028', '0.99170',
    '-0.12855', '0.00025', '-0.00021', '0.00031', '1.00000']
  '003.0000': ['2.746', '3.025', '0.080', '-0.20506', '-0.97875', '0.00027', '0.97875',
    '-0.20506', '0.00027', '-0.00021', '0.00032', '1.00000']
  '003.0667': ['2.741', '3.050', '0.080', '-0.28203', '-0.95940', '0.00025', '0.95940',
    '-0.28203', '0.00032', '-0.00023', '0.00033', '1.00000']
  '003.1333': ['2.734', '3.075', '0.080', '-0.35972', '-0.93306', '0.00023', '0.93306',
    '-0.35972', '0.00035', '-0.00025', '0.00034', '1.00000']
  '003.2000': ['2.726', '3.100', '0.080', '-0.43770', '-0.89912', '0.00023', '0.89912',
    '-0.43770', '0.00039', '-0.00025', '0.00037', '1.00000']
  '003.2667': ['2.715', '3.125', '0.080', '-0.50500', '-0.86312', '0.00022', '0.86312',
    '-0.50500', '0.00041', '-0.00025', '0.00040', '1.00000']
  '003.3333': ['2.703', '3.148', '0.080', '-0.49794', '-0.86721', '0.00022', '0.86721',
    '-0.49794', '0.00042', '-0.00026', '0.00040', '1.00000']
  '003.4000': ['2.690', '3.171', '0.080', '-0.54635', '-0.83756', '0.00022', '0.83756',
    '-0.54635', '0.00043', '-0.00024', '0.00041', '1.00000']
  '003.4667': ['2.673', '3.197', '0.080', '-0.62287', '-0.78233', '0.00022', '0.78233',
    '-0.62287', '0.00046', '-0.00022', '0.00046', '1.00000']
  '003.5333': ['2.655', '3.220', '0.080', '-0.69339', '-0.72056', '0.00022', '0.72056',
    '-0.69339', '0.00050', '-0.00021', '0.00050', '1.00000']
  '003.6000': ['2.635', '3.241', '0.080', '-0.75917', '-0.65089', '0.00022', '0.65089',
    '-0.75917', '0.00054', '-0.00019', '0.00055', '1.00000']
  '003.6667': ['2.617', '3.260', '0.080', '-0.81606', '-0.57797', '0.00020', '0.57797',
    '-0.81606', '0.00054', '-0.00015', '0.00056', '1.00000']
  '003.7333': ['2.596', '3.278', '0.080', '-0.81893', '-0.57390', '0.00020', '0.57390',
    '-0.81893', '0.00051', '-0.00013', '0.00054', '1.00000']
  '003.8000': ['2.575', '3.295', '0.080', '-0.82424', '-0.56624', '0.00019', '0.56624',
    '-0.82424', '0.00047', '-0.00011', '0.00049', '1.00000']
  '003.8667': ['2.555', '3.309', '0.080', '-0.82861', '-0.55983', '0.00019', '0.55983',
    '-0.82861', '0.00044', '-0.00009', '0.00047', '1.00000']
  '003.9333': ['2.536', '3.319', '0.080', '-0.82970', '-0.55821', '0.00019', '0.55821',
    '-0.82970', '0.00043', '-0.00008', '0.00046', '1.00000']
  '004.0000': ['2.523', '3.323', '0.080', '-0.82569', '-0.56412', '0.00020', '0.56412',
    '-0.82569', '0.00042', '-0.00007', '0.00046', '1.00000']
  '004.0667': ['2.520', '3.321', '0.080', '-0.82066', '-0.57142', '0.00024', '0.57142',
    '-0.82066', '0.00042', '-0.00004', '0.00048', '1.00000']
  '004.1333': ['2.509', '3.326', '0.080', '-0.86495', '-0.50186', '0.00026', '0.50186',
    '-0.86495', '0.00044', '0.00001', '0.00051', '1.00000']
  '004.2000': ['2.493', '3.334', '0.080', '-0.90191', '-0.43193', '0.00025', '0.43193',
    '-0.90191', '0.00044', '0.00004', '0.00051', '1.00000']
  '004.2667': ['2.473', '3.344', '0.080', '-0.93346', '-0.35869', '0.00026', '0.35869',
    '-0.93346', '0.00046', '0.00007', '0.00053', '1.00000']
  '004.3333': ['2.450', '3.354', '0.080', '-0.96028', '-0.27903', '0.00027', '0.27903',
    '-0.96028', '0.00049', '0.00012', '0.00054', '1.00000']
  '004.4000': ['2.425', '3.364', '0.080', '-0.98164', '-0.19076', '0.00029', '0.19076',
    '-0.98164', '0.00051', '0.00019', '0.00056', '1.00000']
  '004.4667': ['2.402', '3.370', '0.080', '-0.99432', '-0.10647', '0.00027', '0.10647',
    '-0.99432', '0.00052', '0.00022', '0.00055', '1.00000']
  '004.5333': ['2.378', '3.375', '0.080', '-0.99446', '-0.10513', '0.00028', '0.10513',
    '-0.99446', '0.00050', '0.00023', '0.00053', '1.00000']
  '004.6000': ['2.353', '3.378', '0.080', '-0.99507', '-0.09916', '0.00030', '0.09916',
    '-0.99507', '0.00051', '0.00025', '0.00053', '1.00000']
  '004.6667': ['2.330', '3.381', '0.080', '-0.99581', '-0.09149', '0.00032', '0.09149',
    '-0.99581', '0.00053', '0.00027', '0.00056', '1.00000']
  '004.7333': ['2.304', '3.384', '0.080', '-0.99652', '-0.08335', '0.00030', '0.08335',
    '-0.99652', '0.00053', '0.00026', '0.00055', '1.00000']
  '004.8000': ['2.278', '3.386', '0.080', '-0.99714', '-0.07554', '0.00028', '0.07554',
    '-0.99714', '0.00052', '0.00025', '0.00054', '1.00000']
  '004.8667': ['2.251', '3.387', '0.080', '-0.99762', '-0.06889', '0.00027', '0.06889',
    '-0.99762', '0.00053', '0.00024', '0.00055', '1.00000']
  '004.9333': ['2.227', '3.388', '0.080', '-0.99796', '-0.06383', '0.00027', '0.06383',
    '-0.99796', '0.00054', '0.00023', '0.00055', '1.00000']
  '005.0000': ['2.206', '3.389', '0.080', '-0.99823', '-0.05943', '0.00023', '0.05943',
    '-0.99823', '0.00050', '0.00020', '0.00051', '1.00000']
  '005.0667': ['2.186', '3.390', '0.080', '-0.99840', '-0.05655', '0.00024', '0.05655',
    '-0.99840', '0.00052', '0.00021', '0.00054', '1.00000']
  '005.1333': ['2.168', '3.391', '0.080', '-0.99850', '-0.05474', '0.00021', '0.05474',
    '-0.99850', '0.00060', '0.00018', '0.00061', '1.00000']
  '005.2000': ['2.159', '3.392', '0.080', '-0.99869', '-0.05125', '0.00024', '0.05125',
    '-0.99869', '0.00079', '0.00020', '0.00080', '1.00000']
  '005.2667': ['2.137', '3.393', '0.080', '-0.99891', '-0.04662', '0.00009', '0.04662',
    '-0.99891', '0.00089', '0.00005', '0.00089', '1.00000']
  '005.3333': ['2.109', '3.395', '0.080', '-0.99917', '-0.04077', '-0.00006', '0.04077',
    '-0.99917', '0.00086', '-0.00010', '0.00085', '1.00000']
  '005.4000': ['2.080', '3.395', '0.080', '-0.99929', '-0.03757', '-0.00001', '0.03757',
    '-0.99929', '0.00078', '-0.00004', '0.00077', '1.00000']
  '005.4667': ['2.044', '3.388', '0.080', '-0.99871', '-0.05072', '0.00038', '0.05072',
    '-0.99871', '0.00077', '0.00034', '0.00078', '1.00000']
  '005.5333': ['2.014', '3.387', '0.080', '-0.99770', '-0.06785', '0.00046', '0.06785',
    '-0.99770', '0.00079', '0.00040', '0.00082', '1.00000']
  '005.6000': ['1.984', '3.388', '0.080', '-0.99637', '-0.08511', '0.00047', '0.08511',
    '-0.99637', '0.00080', '0.00040', '0.00084', '1.00000']
  '005.6667': ['1.951', '3.390', '0.080', '-0.99459', '-0.10392', '0.00008', '0.10392',
    '-0.99459', '0.00065', '0.00001', '0.00065', '1.00000']
  '005.7333': ['1.927', '3.399', '0.080', '-0.99399', '-0.10944', '-0.00086', '0.10944',
    '-0.99399', '-0.00005', '-0.00085', '-0.00014', '1.00000']
  '005.8000': ['1.898', '3.399', '0.080', '-0.99239', '-0.12316', '-0.00011', '0.12316',
    '-0.99239', '0.00052', '-0.00017', '0.00051', '1.00000']
  '005.8667': ['1.867', '3.401', '0.080', '-0.99015', '-0.14003', '0.00014', '0.14003',
    '-0.99015', '0.00066', '0.00005', '0.00067', '1.00000']
  '005.9333': ['1.842', '3.406', '0.080', '-0.98785', '-0.15539', '0.00014', '0.15539',
    '-0.98785', '0.00062', '0.00004', '0.00064', '1.00000']
  '006.0000': ['1.816', '3.410', '0.080', '-0.98517', '-0.17158', '0.00012', '0.17158',
    '-0.98517', '0.00061', '0.00002', '0.00062', '1.00000']
  '006.0667': ['1.791', '3.415', '0.080', '-0.99471', '-0.10272', '0.00005', '0.10272',
    '-0.99471', '0.00058', '-0.00001', '0.00058', '1.00000']
  '006.1333': ['1.767', '3.420', '0.080', '-0.99994', '-0.01095', '0.00000', '0.01095',
    '-0.99994', '0.00054', '-0.00000', '0.00054', '1.00000']
  '006.2000': ['1.741', '3.421', '0.080', '-0.99622', '0.08685', '0.00000', '-0.08685',
    '-0.99622', '0.00053', '0.00005', '0.00052', '1.00000']
  '006.2667': ['1.717', '3.420', '0.080', '-0.99498', '0.10004', '0.00002', '-0.10004',
    '-0.99498', '0.00053', '0.00008', '0.00052', '1.00000']
  '006.3333': ['1.694', '3.418', '0.080', '-0.99406', '0.10883', '0.00005', '-0.10883',
    '-0.99406', '0.00053', '0.00011', '0.00052', '1.00000']
  '006.4000': ['1.670', '3.415', '0.080', '-0.99257', '0.12164', '0.00009', '-0.12164',
    '-0.99257', '0.00054', '0.00016', '0.00052', '1.00000']
  '006.4667': ['1.646', '3.412', '0.080', '-0.99081', '0.13523', '0.00014', '-0.13523',
    '-0.99081', '0.00052', '0.00021', '0.00050', '1.00000']
  '006.5333': ['1.621', '3.407', '0.080', '-0.98888', '0.14870', '0.00016', '-0.14870',
    '-0.98888', '0.00056', '0.00024', '0.00054', '1.00000']
  '006.6000': ['1.596', '3.403', '0.080', '-0.98669', '0.16263', '0.00016', '-0.16263',
    '-0.98669', '0.00059', '0.00025', '0.00055', '1.00000']
  '006.6667': ['1.570', '3.398', '0.080', '-0.98431', '0.17647', '0.00016', '-0.17647',
    '-0.98431', '0.00059', '0.00026', '0.00055', '1.00000']
  '006.7333': ['1.545', '3.393', '0.080', '-0.98868', '0.15002', '0.00014', '-0.15002',
    '-0.98868', '0.00062', '0.00023', '0.00059', '1.00000']
  '006.8000': ['1.519', '3.387', '0.080', '-0.99816', '0.06062', '0.00011', '-0.06062',
    '-0.99816', '0.00068', '0.00015', '0.00068', '1.00000']
  '006.8667': ['1.491', '3.384', '0.080', '-0.99823', '0.05939', '0.00004', '-0.05939',
    '-0.99823', '0.00071', '0.00009', '0.00071', '1.00000']
  '006.9333': ['1.461', '3.378', '0.080', '-0.99836', '0.05718', '0.00002', '-0.05718',
    '-0.99836', '0.00073', '0.00007', '0.00072', '1.00000']
  '007.0000': ['1.420', '3.369', '0.080', '-0.99917', '0.04081', '0.00013', '-0.04081',
    '-0.99917', '0.00081', '0.00016', '0.00080', '1.00000']
  '007.0667': ['1.392', '3.367', '0.080', '-0.99971', '0.02423', '0.00014', '-0.02423',
    '-0.99971', '0.00084', '0.00016', '0.00083', '1.00000']
  '007.1333': ['1.366', '3.367', '0.080', '-0.99995', '0.01001', '0.00012', '-0.01001',
    '-0.99995', '0.00085', '0.00013', '0.00085', '1.00000']
  '007.2000': ['1.340', '3.366', '0.080', '-1.00000', '-0.00298', '0.00011', '0.00298',
    '-1.00000', '0.00084', '0.00010', '0.00084', '1.00000']
  '007.2667': ['1.315', '3.368', '0.080', '-0.99993', '-0.01169', '0.00008', '0.01169',
    '-0.99993', '0.00082', '0.00007', '0.00082', '1.00000']
  '007.3333': ['1.291', '3.370', '0.080', '-0.99988', '-0.01547', '0.00003', '0.01547',
    '-0.99988', '0.00082', '0.00002', '0.00082', '1.00000']
  '007.4000': ['1.268', '3.373', '0.080', '-0.99993', '-0.01211', '-0.00001', '0.01211',
    '-0.99993', '0.00078', '-0.00002', '0.00078', '1.00000']
  '007.4667': ['1.246', '3.375', '0.080', '-0.99999', '-0.00374', '-0.00002', '0.00374',
    '-0.99999', '0.00075', '-0.00002', '0.00075', '1.00000']
  '007.5333': ['1.231', '3.375', '0.080', '-0.99997', '0.00718', '0.00021', '-0.00718',
    '-0.99997', '0.00085', '0.00021', '0.00085', '1.00000']
  '007.6000': ['1.210', '3.374', '0.080', '-0.99985', '0.01728', '0.00018', '-0.01728',
    '-0.99985', '0.00089', '0.00020', '0.00089', '1.00000']
  '007.6667': ['1.188', '3.370', '0.080', '-0.99976', '0.02169', '0.00010', '-0.02169',
    '-0.99976', '0.00078', '0.00012', '0.00078', '1.00000']
  '007.7333': ['1.164', '3.360', '0.080', '-0.99997', '0.00725', '-0.00009', '-0.00725',
    '-0.99997', '0.00052', '-0.00008', '0.00052', '1.00000']
  '007.8000': ['1.139', '3.357', '0.080', '-0.99992', '-0.01246', '-0.00014', '0.01246',
    '-0.99992', '0.00047', '-0.00014', '0.00047', '1.00000']
  '007.8667': ['1.114', '3.356', '0.080', '-0.99944', '-0.03338', '-0.00018', '0.03338',
    '-0.99944', '0.00048', '-0.00019', '0.00047', '1.00000']
  '007.9333': ['1.084', '3.358', '0.080', '-0.99979', '-0.02031', '-0.00022', '0.02031',
    '-0.99979', '0.00048', '-0.00023', '0.00048', '1.00000']
  '008.0000': ['1.057', '3.360', '0.080', '-0.99798', '0.06359', '-0.00029', '-0.06359',
    '-0.99798', '0.00046', '-0.00026', '0.00048', '1.00000']
  '008.0667': ['1.031', '3.360', '0.080', '-0.98846', '0.15150', '-0.00035', '-0.15150',
    '-0.98846', '0.00043', '-0.00028', '0.00047', '1.00000']
  '008.1333': ['1.004', '3.357', '0.080', '-0.96981', '0.24384', '-0.00035', '-0.24384',
    '-0.96981', '0.00038', '-0.00025', '0.00046', '1.00000']
  '008.2000': ['0.976', '3.346', '0.080', '-0.96859', '0.24866', '-0.00033', '-0.24866',
    '-0.96859', '0.00031', '-0.00025', '0.00038', '1.00000']
  '008.2667': ['0.952', '3.339', '0.080', '-0.97086', '0.23967', '-0.00031', '-0.23967',
    '-0.97086', '0.00032', '-0.00022', '0.00039', '1.00000']
  '008.3333': ['0.927', '3.334', '0.080', '-0.97206', '0.23472', '-0.00024', '-0.23472',
    '-0.97206', '0.00031', '-0.00016', '0.00036', '1.00000']
  '008.4000': ['0.899', '3.328', '0.080', '-0.97230', '0.23373', '-0.00023', '-0.23373',
    '-0.97230', '0.00033', '-0.00015', '0.00038', '1.00000']
  '008.4667': ['0.873', '3.324', '0.080', '-0.97173', '0.23610', '-0.00023', '-0.23610',
    '-0.97173', '0.00035', '-0.00014', '0.00039', '1.00000']
  '008.5333': ['0.847', '3.318', '0.080', '-0.97441', '0.22479', '-0.00023', '-0.22479',
    '-0.97441', '0.00035', '-0.00014', '0.00039', '1.00000']
  '008.6000': ['0.820', '3.313', '0.080', '-0.99154', '0.12980', '-0.00019', '-0.12980',
    '-0.99154', '0.00035', '-0.00014', '0.00037', '1.00000']
  '008.6667': ['0.794', '3.308', '0.080', '-0.99559', '0.09383', '-0.00018', '-0.09383',
    '-0.99559', '0.00035', '-0.00015', '0.00037', '1.00000']
  '008.7333': ['0.773', '3.306', '0.080', '-0.99541', '0.09573', '-0.00018', '-0.09573',
    '-0.99541', '0.00039', '-0.00014', '0.00040', '1.00000']
  '008.8000': ['0.759', '3.303', '0.080', '-0.99554', '0.09438', '-0.00027', '-0.09438',
    '-0.99554', '0.00054', '-0.00022', '0.00057', '1.00000']
  '008.8667': ['0.745', '3.300', '0.080', '-0.99587', '0.09075', '-0.00036', '-0.09075',
    '-0.99587', '0.00070', '-0.00030', '0.00073', '1.00000']
  '008.9333': ['0.731', '3.293', '0.080', '-0.99710', '0.07613', '-0.00076', '-0.07613',
    '-0.99710', '0.00053', '-0.00072', '0.00058', '1.00000']
  '009.0000': ['0.720', '3.277', '0.080', '-0.99935', '0.03611', '-0.00231', '-0.03610',
    '-0.99935', '-0.00028', '-0.00232', '-0.00020', '1.00000']
  '009.0667': ['0.690', '3.270', '0.080', '-0.99998', '-0.00525', '-0.00183', '0.00525',
    '-0.99999', '-0.00038', '-0.00183', '-0.00039', '1.00000']
  '009.1333': ['0.663', '3.282', '0.080', '-0.99989', '-0.01436', '-0.00223', '0.01436',
    '-0.99990', '-0.00014', '-0.00223', '-0.00017', '1.00000']
  '009.2000': ['0.624', '3.287', '0.080', '-0.99999', '-0.00406', '-0.00061', '0.00406',
    '-0.99999', '0.00063', '-0.00061', '0.00063', '1.00000']
  '009.2667': ['0.596', '3.284', '0.080', '-0.99914', '0.04143', '-0.00010', '-0.04143',
    '-0.99914', '0.00080', '-0.00007', '0.00081', '1.00000']
  '009.3333': ['0.569', '3.271', '0.080', '-0.99301', '0.11800', '0.00151', '-0.11800',
    '-0.99301', '0.00114', '0.00163', '0.00095', '1.00000']
  '009.4000': ['0.550', '3.278', '0.080', '-0.99471', '0.10268', '0.00001', '-0.10268',
    '-0.99471', '0.00096', '0.00011', '0.00096', '1.00000']
  '009.4667': ['0.526', '3.275', '0.080', '-0.99628', '0.08612', '-0.00076', '-0.08612',
    '-0.99628', '0.00123', '-0.00065', '0.00129', '1.00000']
  '009.5333': ['0.503', '3.277', '0.080', '-0.99657', '0.08273', '-0.00066', '-0.08273',
    '-0.99657', '0.00099', '-0.00058', '0.00104', '1.00000']
  '009.6000': ['0.476', '3.274', '0.080', '-0.98457', '0.17497', '-0.00052', '-0.17497',
    '-0.98457', '0.00081', '-0.00037', '0.00089', '1.00000']
  '009.6667': ['0.448', '3.270', '0.080', '-0.96167', '0.27420', '-0.00055', '-0.27420',
    '-0.96167', '0.00077', '-0.00032', '0.00089', '1.00000']
  '009.7333': ['0.423', '3.263', '0.080', '-0.92774', '0.37323', '-0.00055', '-0.37323',
    '-0.92774', '0.00077', '-0.00023', '0.00092', '1.00000']
