begin_time_stamp: 1574104124.999998
data_header:
  time_stamp: [x, y, z, R11, R12, R13, R21, R22, R23, R31, R32, R33]
trajectory_data:
  '000.0000': ['2.718', '2.591', '0.080', '-0.18550', '-0.98264', '0.00046', '0.98264',
    '-0.18550', '0.00050', '-0.00041', '0.00054', '1.00000']
  '000.0667': ['2.714', '2.615', '0.080', '-0.18768', '-0.98223', '0.00044', '0.98223',
    '-0.18768', '0.00048', '-0.00039', '0.00053', '1.00000']
  '000.1333': ['2.710', '2.639', '0.080', '-0.19163', '-0.98147', '0.00043', '0.98147',
    '-0.19162', '0.00049', '-0.00040', '0.00052', '1.00000']
  '000.2000': ['2.705', '2.664', '0.080', '-0.19685', '-0.98043', '0.00042', '0.98043',
    '-0.19685', '0.00050', '-0.00041', '0.00051', '1.00000']
  '000.2667': ['2.700', '2.689', '0.080', '-0.20265', '-0.97925', '0.00042', '0.97925',
    '-0.20265', '0.00051', '-0.00042', '0.00051', '1.00000']
  '000.3333': ['2.694', '2.708', '0.080', '-0.19191', '-0.98141', '0.00039', '0.98141',
    '-0.19191', '0.00048', '-0.00039', '0.00048', '1.00000']
  '000.4000': ['2.683', '2.714', '0.080', '-0.07543', '-0.99715', '0.00039', '0.99715',
    '-0.07543', '0.00040', '-0.00037', '0.00042', '1.00000']
  '000.4667': ['2.679', '2.731', '0.080', '-0.04770', '-0.99886', '0.00037', '0.99886',
    '-0.04770', '0.00040', '-0.00038', '0.00039', '1.00000']
  '000.5333': ['2.679', '2.752', '0.080', '-0.02920', '-0.99957', '0.00035', '0.99957',
    '-0.02920', '0.00041', '-0.00040', '0.00036', '1.00000']
  '000.6000': ['2.679', '2.777', '0.080', '-0.01179', '-0.99993', '0.00034', '0.99993',
    '-0.01179', '0.00040', '-0.00039', '0.00034', '1.00000']
  '000.6667': ['2.678', '2.806', '0.080', '0.00568', '-0.99998', '0.00035', '0.99998',
    '0.00568', '0.00040', '-0.00040', '0.00035', '1.00000']
  '000.7333': ['2.678', '2.831', '0.080', '0.02329', '-0.99973', '0.00035', '0.99973',
    '0.02329', '0.00036', '-0.00037', '0.00034', '1.00000']
  '000.8000': ['2.678', '2.856', '0.080', '0.04210', '-0.99911', '0.00036', '0.99911',
    '0.04210', '0.00033', '-0.00035', '0.00034', '1.00000']
  '000.8667': ['2.679', '2.881', '0.080', '0.06206', '-0.99807', '0.00036', '0.99807',
    '0.06206', '0.00035', '-0.00037', '0.00034', '1.00000']
  '000.9333': ['2.680', '2.904', '0.080', '0.07603', '-0.99711', '0.00036', '0.99711',
    '0.07603', '0.00032', '-0.00035', '0.00034', '1.00000']
  '001.0000': ['2.681', '2.929', '0.080', '-0.00092', '-1.00000', '0.00033', '1.00000',
    '-0.00092', '0.00031', '-0.00031', '0.00033', '1.00000']
  '001.0667': ['2.681', '2.957', '0.080', '-0.07591', '-0.99711', '0.00031', '0.99711',
    '-0.07591', '0.00029', '-0.00026', '0.00033', '1.00000']
  '001.1333': ['2.680', '2.980', '0.080', '-0.15353', '-0.98814', '0.00031', '0.98814',
    '-0.15353', '0.00028', '-0.00023', '0.00035', '1.00000']
  '001.2000': ['2.677', '3.003', '0.080', '-0.23362', '-0.97233', '0.00029', '0.97233',
    '-0.23362', '0.00029', '-0.00021', '0.00035', '1.00000']
  '001.2667': ['2.673', '3.027', '0.080', '-0.31642', '-0.94862', '0.00028', '0.94862',
    '-0.31642', '0.00032', '-0.00022', '0.00037', '1.00000']
  '001.3333': ['2.665', '3.053', '0.080', '-0.40167', '-0.91579', '0.00027', '0.91579',
    '-0.40167', '0.00036', '-0.00023', '0.00039', '1.00000']
  '001.4000': ['2.656', '3.076', '0.080', '-0.48639', '-0.87374', '0.00025', '0.87374',
    '-0.48639', '0.00038', '-0.00021', '0.00041', '1.00000']
  '001.4667': ['2.644', '3.099', '0.080', '-0.56958', '-0.82194', '0.00023', '0.82194',
    '-0.56958', '0.00039', '-0.00019', '0.00041', '1.00000']
  '001.5333': ['2.630', '3.120', '0.080', '-0.64957', '-0.76030', '0.00023', '0.76030',
    '-0.64957', '0.00041', '-0.00016', '0.00044', '1.00000']
  '001.6000': ['2.611', '3.145', '0.080', '-0.72639', '-0.68729', '0.00022', '0.68729',
    '-0.72639', '0.00042', '-0.00013', '0.00046', '1.00000']
  '001.6667': ['2.591', '3.167', '0.080', '-0.79778', '-0.60295', '0.00019', '0.60295',
    '-0.79778', '0.00043', '-0.00011', '0.00046', '1.00000']
  '001.7333': ['2.567', '3.190', '0.080', '-0.86344', '-0.50445', '0.00018', '0.50445',
    '-0.86344', '0.00045', '-0.00007', '0.00048', '1.00000']
  '001.8000': ['2.545', '3.205', '0.080', '-0.91977', '-0.39247', '0.00016', '0.39247',
    '-0.91977', '0.00047', '-0.00003', '0.00050', '1.00000']
  '001.8667': ['2.522', '3.218', '0.080', '-0.94530', '-0.32621', '0.00016', '0.32621',
    '-0.94530', '0.00048', '-0.00001', '0.00051', '1.00000']
  '001.9333': ['2.496', '3.229', '0.080', '-0.95636', '-0.29218', '0.00017', '0.29218',
    '-0.95636', '0.00045', '0.00003', '0.00048', '1.00000']
  '002.0000': ['2.470', '3.236', '0.080', '-0.96568', '-0.25973', '0.00017', '0.25973',
    '-0.96568', '0.00046', '0.00005', '0.00049', '1.00000']
  '002.0667': ['2.445', '3.241', '0.080', '-0.97313', '-0.23026', '0.00017', '0.23026',
    '-0.97313', '0.00046', '0.00006', '0.00049', '1.00000']
  '002.1333': ['2.422', '3.246', '0.080', '-0.97888', '-0.20444', '0.00016', '0.20444',
    '-0.97888', '0.00043', '0.00007', '0.00045', '1.00000']
  '002.2000': ['2.401', '3.250', '0.080', '-0.98370', '-0.17981', '0.00030', '0.17981',
    '-0.98370', '0.00016', '0.00026', '0.00021', '1.00000']
  '002.2667': ['2.386', '3.248', '0.080', '-0.98628', '-0.16508', '0.00018', '0.16508',
    '-0.98628', '0.00035', '0.00012', '0.00038', '1.00000']
  '002.3333': ['2.381', '3.238', '0.080', '-0.98567', '-0.16870', '0.00021', '0.16870',
    '-0.98567', '0.00049', '0.00012', '0.00052', '1.00000']
  '002.4000': ['2.367', '3.235', '0.080', '-0.98363', '-0.18019', '0.00024', '0.18019',
    '-0.98363', '0.00053', '0.00014', '0.00056', '1.00000']
  '002.4667': ['2.346', '3.238', '0.080', '-0.98096', '-0.19421', '0.00025', '0.19421',
    '-0.98096', '0.00056', '0.00014', '0.00060', '1.00000']
  '002.5333': ['2.324', '3.242', '0.080', '-0.97816', '-0.20786', '0.00028', '0.20786',
    '-0.97816', '0.00054', '0.00016', '0.00058', '1.00000']
  '002.6000': ['2.301', '3.247', '0.080', '-0.97536', '-0.22064', '0.00030', '0.22064',
    '-0.97536', '0.00052', '0.00017', '0.00058', '1.00000']
  '002.6667': ['2.276', '3.253', '0.080', '-0.97234', '-0.23357', '0.00028', '0.23357',
    '-0.97234', '0.00053', '0.00014', '0.00058', '1.00000']
  '002.7333': ['2.254', '3.258', '0.080', '-0.96895', '-0.24724', '0.00028', '0.24724',
    '-0.96895', '0.00052', '0.00014', '0.00058', '1.00000']
  '002.8000': ['2.231', '3.263', '0.080', '-0.96512', '-0.26179', '0.00030', '0.26179',
    '-0.96512', '0.00053', '0.00015', '0.00059', '1.00000']
  '002.8667': ['2.207', '3.270', '0.080', '-0.97503', '-0.22209', '0.00027', '0.22209',
    '-0.97503', '0.00055', '0.00014', '0.00060', '1.00000']
  '002.9333': ['2.185', '3.276', '0.080', '-0.99095', '-0.13425', '0.00023', '0.13425',
    '-0.99095', '0.00056', '0.00015', '0.00059', '1.00000']
  '003.0000': ['2.169', '3.281', '0.080', '-0.99922', '-0.03947', '0.00021', '0.03947',
    '-0.99922', '0.00056', '0.00019', '0.00057', '1.00000']
  '003.0667': ['2.162', '3.285', '0.080', '-0.99977', '0.02157', '0.00032', '-0.02157',
    '-0.99977', '0.00062', '0.00033', '0.00061', '1.00000']
  '003.1333': ['2.144', '3.287', '0.080', '-0.99953', '0.03070', '0.00029', '-0.03070',
    '-0.99953', '0.00066', '0.00031', '0.00065', '1.00000']
  '003.2000': ['2.119', '3.289', '0.080', '-0.99883', '0.04837', '0.00015', '-0.04837',
    '-0.99883', '0.00067', '0.00018', '0.00066', '1.00000']
  '003.2667': ['2.096', '3.288', '0.080', '-0.99762', '0.06893', '0.00009', '-0.06893',
    '-0.99762', '0.00067', '0.00013', '0.00066', '1.00000']
  '003.3333': ['2.068', '3.284', '0.080', '-0.99623', '0.08678', '0.00014', '-0.08678',
    '-0.99623', '0.00064', '0.00020', '0.00063', '1.00000']
  '003.4000': ['2.030', '3.274', '0.080', '-0.99579', '0.09161', '0.00060', '-0.09161',
    '-0.99579', '0.00054', '0.00065', '0.00048', '1.00000']
  '003.4667': ['2.000', '3.270', '0.080', '-0.99809', '0.06184', '0.00042', '-0.06184',
    '-0.99809', '0.00058', '0.00045', '0.00055', '1.00000']
  '003.5333': ['1.973', '3.268', '0.080', '-0.99943', '-0.03374', '0.00028', '0.03374',
    '-0.99943', '0.00045', '0.00027', '0.00046', '1.00000']
  '003.6000': ['1.941', '3.269', '0.080', '-0.99791', '-0.06455', '0.00035', '0.06455',
    '-0.99791', '0.00054', '0.00032', '0.00056', '1.00000']
  '003.6667': ['1.914', '3.270', '0.080', '-0.99801', '-0.06302', '0.00030', '0.06302',
    '-0.99801', '0.00056', '0.00027', '0.00058', '1.00000']
  '003.7333': ['1.884', '3.268', '0.080', '-0.99758', '-0.06960', '0.00014', '0.06960',
    '-0.99758', '0.00065', '0.00009', '0.00066', '1.00000']
  '003.8000': ['1.858', '3.270', '0.080', '-0.99710', '-0.07615', '0.00014', '0.07615',
    '-0.99710', '0.00063', '0.00009', '0.00064', '1.00000']
  '003.8667': ['1.835', '3.272', '0.080', '-0.99663', '-0.08209', '0.00012', '0.08209',
    '-0.99663', '0.00062', '0.00007', '0.00062', '1.00000']
  '003.9333': ['1.810', '3.274', '0.080', '-0.99626', '-0.08637', '0.00009', '0.08637',
    '-0.99626', '0.00065', '0.00003', '0.00065', '1.00000']
  '004.0000': ['1.786', '3.277', '0.080', '-0.99605', '-0.08880', '0.00004', '0.08880',
    '-0.99605', '0.00068', '-0.00002', '0.00068', '1.00000']
  '004.0667': ['1.762', '3.278', '0.080', '-0.99572', '-0.09243', '0.00005', '0.09243',
    '-0.99572', '0.00060', '-0.00001', '0.00061', '1.00000']
  '004.1333': ['1.738', '3.279', '0.080', '-0.99521', '-0.09777', '0.00007', '0.09777',
    '-0.99521', '0.00060', '0.00001', '0.00060', '1.00000']
  '004.2000': ['1.714', '3.281', '0.080', '-0.99460', '-0.10377', '0.00014', '0.10377',
    '-0.99460', '0.00061', '0.00008', '0.00062', '1.00000']
  '004.2667': ['1.690', '3.283', '0.080', '-0.99398', '-0.10959', '0.00015', '0.10959',
    '-0.99398', '0.00063', '0.00008', '0.00064', '1.00000']
  '004.3333': ['1.666', '3.284', '0.080', '-0.99318', '-0.11660', '0.00017', '0.11660',
    '-0.99318', '0.00063', '0.00009', '0.00064', '1.00000']
  '004.4000': ['1.642', '3.287', '0.080', '-0.99251', '-0.12217', '0.00019', '0.12217',
    '-0.99251', '0.00063', '0.00012', '0.00065', '1.00000']
  '004.4667': ['1.618', '3.289', '0.080', '-0.99184', '-0.12746', '0.00021', '0.12746',
    '-0.99184', '0.00062', '0.00013', '0.00064', '1.00000']
  '004.5333': ['1.595', '3.293', '0.080', '-0.99141', '-0.13081', '0.00021', '0.13081',
    '-0.99141', '0.00064', '0.00013', '0.00066', '1.00000']
  '004.6000': ['1.571', '3.297', '0.080', '-0.99140', '-0.13084', '0.00021', '0.13084',
    '-0.99140', '0.00065', '0.00012', '0.00067', '1.00000']
  '004.6667': ['1.550', '3.300', '0.080', '-0.99169', '-0.12867', '0.00018', '0.12867',
    '-0.99169', '0.00065', '0.00010', '0.00067', '1.00000']
  '004.7333': ['1.528', '3.303', '0.080', '-0.99212', '-0.12528', '0.00014', '0.12528',
    '-0.99212', '0.00068', '0.00006', '0.00069', '1.00000']
  '004.8000': ['1.506', '3.305', '0.080', '-0.99264', '-0.12112', '0.00010', '0.12112',
    '-0.99264', '0.00070', '0.00001', '0.00071', '1.00000']
  '004.8667': ['1.479', '3.308', '0.080', '-0.99325', '-0.11596', '0.00005', '0.11596',
    '-0.99325', '0.00071', '-0.00003', '0.00071', '1.00000']
  '004.9333': ['1.450', '3.308', '0.080', '-0.99994', '-0.01100', '-0.00006', '0.01100',
    '-0.99994', '0.00071', '-0.00007', '0.00071', '1.00000']
  '005.0000': ['1.413', '3.299', '0.080', '-0.99986', '0.01700', '0.00012', '-0.01700',
    '-0.99986', '0.00073', '0.00013', '0.00072', '1.00000']
  '005.0667': ['1.383', '3.297', '0.080', '-0.99999', '0.00490', '0.00015', '-0.00490',
    '-0.99999', '0.00074', '0.00015', '0.00074', '1.00000']
  '005.1333': ['1.358', '3.297', '0.080', '-0.99999', '-0.00325', '0.00014', '0.00325',
    '-0.99999', '0.00074', '0.00014', '0.00074', '1.00000']
  '005.2000': ['1.329', '3.298', '0.080', '-0.99997', '-0.00753', '0.00011', '0.00753',
    '-0.99997', '0.00073', '0.00011', '0.00073', '1.00000']
  '005.2667': ['1.303', '3.299', '0.080', '-0.99997', '-0.00804', '0.00007', '0.00804',
    '-0.99997', '0.00071', '0.00007', '0.00071', '1.00000']
  '005.3333': ['1.279', '3.301', '0.080', '-0.99999', '-0.00450', '0.00006', '0.00450',
    '-0.99999', '0.00069', '0.00006', '0.00069', '1.00000']
  '005.4000': ['1.254', '3.303', '0.080', '-1.00000', '0.00305', '0.00001', '-0.00305',
    '-1.00000', '0.00065', '0.00001', '0.00065', '1.00000']
  '005.4667': ['1.230', '3.303', '0.080', '-0.99992', '0.01243', '-0.00003', '-0.01243',
    '-0.99992', '0.00065', '-0.00002', '0.00065', '1.00000']
  '005.5333': ['1.202', '3.302', '0.080', '-0.99974', '0.02268', '-0.00006', '-0.02268',
    '-0.99974', '0.00069', '-0.00004', '0.00069', '1.00000']
  '005.6000': ['1.179', '3.302', '0.080', '-0.99937', '0.03560', '-0.00009', '-0.03560',
    '-0.99937', '0.00059', '-0.00007', '0.00059', '1.00000']
  '005.6667': ['1.158', '3.299', '0.080', '-0.99900', '0.04460', '-0.00015', '-0.04460',
    '-0.99900', '0.00055', '-0.00012', '0.00056', '1.00000']
  '005.7333': ['1.138', '3.288', '0.080', '-0.99934', '0.03636', '-0.00021', '-0.03636',
    '-0.99934', '0.00047', '-0.00019', '0.00048', '1.00000']
  '005.8000': ['1.113', '3.286', '0.080', '-0.99968', '0.02522', '-0.00024', '-0.02522',
    '-0.99968', '0.00045', '-0.00023', '0.00046', '1.00000']
  '005.8667': ['1.089', '3.285', '0.080', '-0.99988', '0.01543', '-0.00024', '-0.01543',
    '-0.99988', '0.00042', '-0.00024', '0.00043', '1.00000']
  '005.9333': ['1.061', '3.286', '0.080', '-0.99997', '0.00736', '-0.00031', '-0.00736',
    '-0.99997', '0.00047', '-0.00030', '0.00047', '1.00000']
  '006.0000': ['1.033', '3.286', '0.080', '-1.00000', '0.00058', '-0.00035', '-0.00058',
    '-1.00000', '0.00046', '-0.00035', '0.00046', '1.00000']
  '006.0667': ['1.006', '3.286', '0.080', '-0.99999', '-0.00501', '-0.00036', '0.00501',
    '-0.99999', '0.00045', '-0.00037', '0.00044', '1.00000']
  '006.1333': ['0.982', '3.286', '0.080', '-0.99995', '-0.00960', '-0.00036', '0.00960',
    '-0.99995', '0.00043', '-0.00037', '0.00043', '1.00000']
  '006.2000': ['0.956', '3.287', '0.080', '-0.99991', '-0.01324', '-0.00033', '0.01324',
    '-0.99991', '0.00044', '-0.00034', '0.00043', '1.00000']
  '006.2667': ['0.931', '3.287', '0.080', '-0.99986', '-0.01687', '-0.00032', '0.01687',
    '-0.99986', '0.00043', '-0.00033', '0.00042', '1.00000']
  '006.3333': ['0.908', '3.287', '0.080', '-0.99979', '-0.02044', '-0.00032', '0.02044',
    '-0.99979', '0.00042', '-0.00033', '0.00041', '1.00000']
  '006.4000': ['0.882', '3.288', '0.080', '-0.99971', '-0.02395', '-0.00033', '0.02395',
    '-0.99971', '0.00042', '-0.00034', '0.00041', '1.00000']
  '006.4667': ['0.856', '3.288', '0.080', '-0.99963', '-0.02717', '-0.00034', '0.02717',
    '-0.99963', '0.00043', '-0.00035', '0.00042', '1.00000']
  '006.5333': ['0.833', '3.288', '0.080', '-0.99947', '-0.03264', '-0.00033', '0.03264',
    '-0.99947', '0.00043', '-0.00035', '0.00042', '1.00000']
  '006.6000': ['0.811', '3.283', '0.080', '-0.99886', '-0.04763', '-0.00024', '0.04763',
    '-0.99886', '0.00053', '-0.00027', '0.00052', '1.00000']
  '006.6667': ['0.786', '3.283', '0.080', '-0.99784', '-0.06569', '-0.00024', '0.06569',
    '-0.99784', '0.00053', '-0.00027', '0.00052', '1.00000']
  '006.7333': ['0.760', '3.284', '0.080', '-0.99630', '-0.08596', '-0.00024', '0.08596',
    '-0.99630', '0.00056', '-0.00029', '0.00054', '1.00000']
  '006.8000': ['0.735', '3.285', '0.080', '-0.99767', '-0.06821', '-0.00026', '0.06821',
    '-0.99767', '0.00057', '-0.00030', '0.00055', '1.00000']
  '006.8667': ['0.710', '3.285', '0.080', '-0.99999', '0.00508', '-0.00049', '-0.00508',
    '-0.99999', '0.00063', '-0.00049', '0.00063', '1.00000']
  '006.9333': ['0.684', '3.285', '0.080', '-0.99996', '0.00889', '-0.00063', '-0.00889',
    '-0.99996', '0.00065', '-0.00063', '0.00066', '1.00000']
  '007.0000': ['0.658', '3.286', '0.080', '-1.00000', '0.00259', '-0.00037', '-0.00259',
    '-1.00000', '0.00054', '-0.00037', '0.00055', '1.00000']
  '007.0667': ['0.636', '3.286', '0.080', '-0.99999', '-0.00324', '-0.00083', '0.00324',
    '-0.99999', '0.00034', '-0.00083', '0.00034', '1.00000']
  '007.1333': ['0.607', '3.284', '0.080', '-0.99997', '-0.00814', '-0.00034', '0.00814',
    '-0.99997', '0.00052', '-0.00034', '0.00052', '1.00000']
  '007.2000': ['0.583', '3.282', '0.080', '-1.00000', '0.00037', '-0.00031', '-0.00038',
    '-1.00000', '0.00049', '-0.00031', '0.00049', '1.00000']
  '007.2667': ['0.562', '3.281', '0.080', '-0.99650', '0.08356', '-0.00032', '-0.08356',
    '-0.99650', '0.00051', '-0.00028', '0.00053', '1.00000']
  '007.3333': ['0.537', '3.278', '0.080', '-0.98685', '0.16166', '-0.00035', '-0.16166',
    '-0.98685', '0.00051', '-0.00026', '0.00056', '1.00000']
  '007.4000': ['0.516', '3.276', '0.080', '-0.96980', '0.24389', '-0.00040', '-0.24389',
    '-0.96980', '0.00048', '-0.00027', '0.00057', '1.00000']
  '007.4667': ['0.490', '3.269', '0.080', '-0.94535', '0.32606', '-0.00046', '-0.32606',
    '-0.94535', '0.00050', '-0.00027', '0.00062', '1.00000']
  '007.5333': ['0.466', '3.260', '0.080', '-0.91259', '0.40888', '-0.00052', '-0.40888',
    '-0.91259', '0.00054', '-0.00025', '0.00070', '1.00000']
  '007.6000': ['0.444', '3.249', '0.080', '-0.88159', '0.47202', '-0.00057', '-0.47202',
    '-0.88159', '0.00057', '-0.00023', '0.00077', '1.00000']
  '007.6667': ['0.422', '3.240', '0.080', '-0.88263', '0.47007', '-0.00054', '-0.47007',
    '-0.88263', '0.00039', '-0.00029', '0.00060', '1.00000']
  '007.7333': ['0.401', '3.227', '0.080', '-0.88366', '0.46813', '-0.00054', '-0.46813',
    '-0.88366', '0.00039', '-0.00030', '0.00060', '1.00000']
  '007.8000': ['0.376', '3.213', '0.080', '-0.87566', '0.48293', '-0.00056', '-0.48293',
    '-0.87566', '0.00033', '-0.00034', '0.00056', '1.00000']
  '007.8667': ['0.354', '3.197', '0.080', '-0.83272', '0.55369', '-0.00056', '-0.55369',
    '-0.83272', '0.00025', '-0.00033', '0.00052', '1.00000']
  '007.9333': ['0.334', '3.182', '0.080', '-0.78791', '0.61578', '-0.00055', '-0.61578',
    '-0.78791', '0.00022', '-0.00030', '0.00051', '1.00000']
  '008.0000': ['0.318', '3.168', '0.080', '-0.74034', '0.67223', '-0.00056', '-0.67223',
    '-0.74034', '0.00021', '-0.00027', '0.00053', '1.00000']
  '008.0667': ['0.302', '3.150', '0.080', '-0.69142', '0.72245', '-0.00054', '-0.72245',
    '-0.69142', '0.00031', '-0.00015', '0.00060', '1.00000']
  '008.1333': ['0.284', '3.132', '0.080', '-0.63846', '0.76966', '-0.00053', '-0.76966',
    '-0.63846', '0.00025', '-0.00015', '0.00057', '1.00000']
  '008.2000': ['0.267', '3.113', '0.080', '-0.58036', '0.81436', '-0.00055', '-0.81436',
    '-0.58036', '0.00023', '-0.00014', '0.00058', '1.00000']
  '008.2667': ['0.245', '3.091', '0.080', '-0.50929', '0.86059', '-0.00060', '-0.86059',
    '-0.50929', '0.00023', '-0.00011', '0.00063', '1.00000']
  '008.3333': ['0.229', '3.069', '0.080', '-0.42865', '0.90347', '-0.00062', '-0.90347',
    '-0.42865', '0.00021', '-0.00007', '0.00065', '1.00000']
  '008.4000': ['0.215', '3.045', '0.080', '-0.33953', '0.94059', '-0.00064', '-0.94059',
    '-0.33953', '0.00020', '-0.00003', '0.00067', '1.00000']
  '008.4667': ['0.205', '3.023', '0.080', '-0.24402', '0.96977', '-0.00064', '-0.96977',
    '-0.24402', '0.00018', '0.00002', '0.00067', '1.00000']
  '008.5333': ['0.198', '2.999', '0.080', '-0.19793', '0.98022', '-0.00064', '-0.98022',
    '-0.19793', '0.00017', '0.00004', '0.00066', '1.00000']
  '008.6000': ['0.193', '2.978', '0.080', '-0.19624', '0.98056', '-0.00065', '-0.98056',
    '-0.19624', '0.00018', '0.00005', '0.00067', '1.00000']
  '008.6667': ['0.190', '2.957', '0.080', '-0.19433', '0.98094', '-0.00062', '-0.98094',
    '-0.19433', '0.00018', '0.00005', '0.00065', '1.00000']
  '008.7333': ['0.186', '2.931', '0.080', '-0.19562', '0.98068', '-0.00069', '-0.98068',
    '-0.19562', '0.00020', '0.00006', '0.00071', '1.00000']
  '008.8000': ['0.182', '2.905', '0.080', '-0.19587', '0.98063', '-0.00070', '-0.98063',
    '-0.19587', '0.00017', '0.00003', '0.00072', '1.00000']
  '008.8667': ['0.179', '2.881', '0.080', '-0.10364', '0.99461', '-0.00072', '-0.99461',
    '-0.10364', '0.00013', '0.00006', '0.00073', '1.00000']
  '008.9333': ['0.176', '2.855', '0.080', '-0.01208', '0.99993', '-0.00072', '-0.99993',
    '-0.01208', '0.00009', '0.00009', '0.00072', '1.00000']
  '009.0000': ['0.175', '2.832', '0.080', '0.08211', '0.99662', '-0.00075', '-0.99662',
    '0.08211', '0.00007', '0.00013', '0.00074', '1.00000']
  '009.0667': ['0.176', '2.809', '0.080', '0.17939', '0.98378', '-0.00080', '-0.98378',
    '0.17939', '0.00003', '0.00017', '0.00078', '1.00000']
  '009.1333': ['0.179', '2.786', '0.080', '0.21884', '0.97576', '-0.00086', '-0.97576',
    '0.21884', '-0.00003', '0.00016', '0.00084', '1.00000']
  '009.2000': ['0.182', '2.765', '0.080', '0.22264', '0.97490', '-0.00081', '-0.97490',
    '0.22264', '-0.00008', '0.00010', '0.00081', '1.00000']
  '009.2667': ['0.188', '2.741', '0.080', '0.22736', '0.97381', '-0.00075', '-0.97381',
    '0.22736', '-0.00016', '0.00001', '0.00077', '1.00000']
  '009.3333': ['0.195', '2.720', '0.080', '0.22890', '0.97345', '-0.00098', '-0.97345',
    '0.22890', '-0.00030', '-0.00007', '0.00102', '1.00000']
  '009.4000': ['0.205', '2.699', '0.080', '0.22097', '0.97528', '-0.00199', '-0.97528',
    '0.22097', '-0.00097', '-0.00051', '0.00215', '1.00000']
  '009.4667': ['0.205', '2.673', '0.080', '0.22260', '0.97491', '-0.00099', '-0.97491',
    '0.22260', '-0.00042', '-0.00019', '0.00106', '1.00000']
  '009.5333': ['0.208', '2.651', '0.080', '0.18519', '0.98270', '-0.00073', '-0.98270',
    '0.18519', '-0.00040', '-0.00026', '0.00079', '1.00000']
  '009.6000': ['0.211', '2.629', '0.080', '0.10285', '0.99470', '-0.00062', '-0.99470',
    '0.10285', '-0.00047', '-0.00041', '0.00066', '1.00000']
  '009.6667': ['0.214', '2.606', '0.080', '0.10601', '0.99436', '-0.00056', '-0.99436',
    '0.10601', '-0.00055', '-0.00049', '0.00061', '1.00000']
  '009.7333': ['0.217', '2.576', '0.080', '0.22600', '0.97413', '-0.00041', '-0.97413',
    '0.22600', '-0.00059', '-0.00048', '0.00053', '1.00000']
