begin_time_stamp: 1574101362.6666658
data_header:
  time_stamp: [x, y, z, R11, R12, R13, R21, R22, R23, R31, R32, R33]
trajectory_data:
  '000.0000': ['0.432', '2.309', '0.080', '-0.67236', '-0.74023', '-0.00035', '0.74023',
    '-0.67236', '0.00049', '-0.00060', '0.00007', '1.00000']
  '000.8000': ['0.300', '2.481', '0.080', '-0.15931', '-0.98723', '-0.00004', '0.98723',
    '-0.15931', '-0.00017', '0.00016', '-0.00007', '1.00000']
  '001.2000': ['0.293', '2.627', '0.080', '0.05683', '-0.99838', '-0.00015', '0.99838',
    '0.05683', '0.00014', '-0.00013', '-0.00015', '1.00000']
  '001.5333': ['0.314', '2.756', '0.080', '0.19890', '-0.98002', '-0.00011', '0.98002',
    '0.19890', '0.00035', '-0.00032', '-0.00018', '1.00000']
  '001.6000': ['0.322', '2.785', '0.080', '0.25091', '-0.96801', '-0.00005', '0.96801',
    '0.25091', '0.00035', '-0.00033', '-0.00014', '1.00000']
  '001.8667': ['0.368', '2.898', '0.080', '0.30988', '-0.95078', '-0.00015', '0.95078',
    '0.30988', '-0.00011', '0.00015', '-0.00010', '1.00000']
  '002.0000': ['0.370', '2.925', '0.080', '0.42245', '-0.90639', '0.00000', '0.90639',
    '0.42245', '0.00030', '-0.00028', '-0.00012', '1.00000']
  '002.0667': ['0.386', '2.952', '0.080', '0.52072', '-0.85373', '0.00003', '0.85373',
    '0.52072', '0.00025', '-0.00023', '-0.00010', '1.00000']
  '002.1333': ['0.427', '3.005', '0.080', '0.63651', '-0.77127', '-0.00003', '0.77127',
    '0.63651', '0.00016', '-0.00010', '-0.00013', '1.00000']
  '002.2000': ['0.451', '3.030', '0.080', '0.73971', '-0.67293', '-0.00004', '0.67293',
    '0.73971', '0.00014', '-0.00006', '-0.00013', '1.00000']
  '002.2667': ['0.474', '3.048', '0.080', '0.80950', '-0.58713', '-0.00007', '0.58713',
    '0.80950', '0.00013', '-0.00002', '-0.00015', '1.00000']
  '002.3333': ['0.497', '3.063', '0.080', '0.86423', '-0.50309', '-0.00009', '0.50309',
    '0.86423', '0.00013', '0.00002', '-0.00015', '1.00000']
  '002.4000': ['0.547', '3.102', '0.080', '0.91908', '-0.39407', '-0.00021', '0.39407',
    '0.91908', '0.00013', '0.00014', '-0.00020', '1.00000']
  '002.4667': ['0.568', '3.107', '0.080', '0.94686', '-0.32164', '-0.00021', '0.32164',
    '0.94686', '0.00013', '0.00016', '-0.00020', '1.00000']
  '002.5333': ['0.593', '3.115', '0.080', '0.95867', '-0.28453', '-0.00020', '0.28453',
    '0.95867', '0.00015', '0.00015', '-0.00020', '1.00000']
  '002.7333': ['0.614', '3.085', '0.080', '0.97473', '-0.22339', '0.00010', '0.22339',
    '0.97473', '-0.00008', '-0.00008', '0.00010', '1.00000']
  '002.8000': ['0.663', '3.114', '0.080', '0.97695', '-0.21347', '-0.00001', '0.21347',
    '0.97695', '0.00006', '-0.00001', '-0.00006', '1.00000']
  '002.8667': ['0.664', '3.095', '0.080', '0.97957', '-0.20112', '0.00014', '0.20112',
    '0.97957', '-0.00005', '-0.00012', '0.00008', '1.00000']
  '002.9333': ['0.692', '3.101', '0.080', '0.98157', '-0.19110', '0.00013', '0.19110',
    '0.98157', '-0.00005', '-0.00012', '0.00007', '1.00000']
  '003.0000': ['0.722', '3.107', '0.080', '0.98329', '-0.18202', '0.00010', '0.18202',
    '0.98329', '0.00001', '-0.00010', '0.00001', '1.00000']
  '003.0667': ['0.743', '3.108', '0.080', '0.98300', '-0.18362', '0.00013', '0.18362',
    '0.98300', '-0.00000', '-0.00013', '0.00003', '1.00000']
  '003.1333': ['0.763', '3.111', '0.080', '0.98478', '-0.17381', '0.00015', '0.17381',
    '0.98478', '0.00002', '-0.00015', '0.00001', '1.00000']
  '003.2000': ['0.785', '3.114', '0.080', '0.98661', '-0.16311', '0.00017', '0.16311',
    '0.98661', '0.00004', '-0.00018', '-0.00001', '1.00000']
  '003.2667': ['0.813', '3.119', '0.080', '0.98690', '-0.16131', '0.00013', '0.16131',
    '0.98690', '0.00013', '-0.00015', '-0.00011', '1.00000']
  '003.4000': ['0.923', '3.184', '0.080', '0.99144', '-0.13055', '-0.00001', '0.13055',
    '0.99144', '0.00025', '-0.00003', '-0.00025', '1.00000']
  '003.4667': ['0.916', '3.154', '0.080', '0.99138', '-0.13100', '0.00008', '0.13100',
    '0.99138', '0.00010', '-0.00009', '-0.00009', '1.00000']
  '003.5333': ['0.974', '3.189', '0.080', '0.99377', '-0.11146', '0.00009', '0.11146',
    '0.99377', '0.00021', '-0.00012', '-0.00020', '1.00000']
  '003.6000': ['0.952', '3.280', '0.080', '0.99828', '0.05855', '-0.00056', '-0.05855',
    '0.99828', '0.00084', '0.00061', '-0.00081', '1.00000']
  '003.6667': ['0.973', '3.276', '0.080', '0.99805', '0.06237', '-0.00040', '-0.06237',
    '0.99805', '0.00082', '0.00045', '-0.00079', '1.00000']
  '003.7333': ['0.995', '3.272', '0.080', '0.99650', '0.08363', '-0.00022', '-0.08363',
    '0.99650', '0.00079', '0.00028', '-0.00077', '1.00000']
  '003.8000': ['1.046', '3.166', '0.080', '0.99848', '-0.05504', '0.00011', '0.05504',
    '0.99848', '0.00009', '-0.00012', '-0.00009', '1.00000']
  '003.8667': ['1.069', '3.167', '0.080', '0.99991', '-0.01332', '0.00011', '0.01332',
    '0.99991', '0.00009', '-0.00011', '-0.00008', '1.00000']
  '003.9333': ['1.097', '3.167', '0.080', '0.99979', '0.02058', '0.00008', '-0.02058',
    '0.99979', '0.00008', '-0.00008', '-0.00008', '1.00000']
  '004.0000': ['1.108', '3.143', '0.080', '0.99975', '0.02223', '-0.00008', '-0.02223',
    '0.99975', '0.00003', '0.00008', '-0.00003', '1.00000']
  '004.4000': ['1.295', '3.181', '0.080', '0.98533', '0.17067', '0.00068', '-0.17067',
    '0.98533', '0.00017', '-0.00064', '-0.00028', '1.00000']
  '004.4667': ['1.292', '3.202', '0.080', '0.97381', '0.22737', '0.00025', '-0.22737',
    '0.97381', '0.00049', '-0.00014', '-0.00053', '1.00000']
  '004.5333': ['1.318', '3.196', '0.080', '0.97367', '0.22796', '0.00038', '-0.22796',
    '0.97367', '0.00049', '-0.00026', '-0.00056', '1.00000']
  '004.6000': ['1.343', '3.191', '0.080', '0.97923', '0.20275', '0.00042', '-0.20275',
    '0.97923', '0.00046', '-0.00031', '-0.00054', '1.00000']
  '004.6667': ['1.367', '3.186', '0.080', '0.98589', '0.16741', '0.00048', '-0.16741',
    '0.98589', '0.00047', '-0.00040', '-0.00055', '1.00000']
  '004.7333': ['1.392', '3.184', '0.080', '0.98890', '0.14858', '0.00051', '-0.14858',
    '0.98890', '0.00047', '-0.00044', '-0.00055', '1.00000']
  '004.8000': ['1.481', '3.289', '0.080', '0.98841', '0.15181', '0.00001', '-0.15181',
    '0.98841', '0.00074', '0.00010', '-0.00073', '1.00000']
  '004.8667': ['1.542', '3.324', '0.080', '0.98598', '0.16686', '0.00016', '-0.16686',
    '0.98598', '0.00110', '0.00003', '-0.00111', '1.00000']
  '004.9333': ['1.569', '3.321', '0.080', '0.98075', '0.19528', '0.00037', '-0.19528',
    '0.98075', '0.00105', '-0.00016', '-0.00110', '1.00000']
  '005.0000': ['1.595', '3.318', '0.080', '0.97429', '0.22530', '0.00057', '-0.22530',
    '0.97429', '0.00099', '-0.00033', '-0.00109', '1.00000']
  '005.0667': ['1.621', '3.314', '0.080', '0.96669', '0.25593', '0.00075', '-0.25593',
    '0.96669', '0.00092', '-0.00049', '-0.00108', '1.00000']
  '005.1333': ['1.644', '3.308', '0.080', '0.95727', '0.28919', '0.00088', '-0.28919',
    '0.95727', '0.00087', '-0.00059', '-0.00109', '1.00000']
  '005.2000': ['1.665', '3.302', '0.080', '0.94608', '0.32393', '0.00096', '-0.32393',
    '0.94608', '0.00084', '-0.00064', '-0.00110', '1.00000']
  '005.5333': ['1.786', '3.233', '0.080', '0.83061', '0.55685', '0.00102', '-0.55685',
    '0.83061', '0.00079', '-0.00041', '-0.00122', '1.00000']
  '005.6000': ['1.807', '3.218', '0.080', '0.82543', '0.56451', '0.00100', '-0.56451',
    '0.82543', '0.00079', '-0.00038', '-0.00122', '1.00000']
  '005.6667': ['1.826', '3.204', '0.080', '0.82455', '0.56579', '0.00100', '-0.56579',
    '0.82455', '0.00079', '-0.00038', '-0.00122', '1.00000']
