begin_time_stamp: 1574101371.0666635
data_header:
  time_stamp: [x, y, z, R11, R12, R13, R21, R22, R23, R31, R32, R33]
trajectory_data:
  '000.0000': ['2.412', '3.035', '0.080', '0.73257', '0.68069', '0.00010', '-0.68069',
    '0.73257', '-0.00022', '-0.00022', '0.00009', '1.00000']
  '000.0667': ['2.418', '3.030', '0.080', '0.73011', '0.68333', '0.00009', '-0.68333',
    '0.73011', '-0.00020', '-0.00020', '0.00008', '1.00000']
  '000.1333': ['2.426', '3.024', '0.080', '0.72489', '0.68886', '0.00007', '-0.68886',
    '0.72489', '-0.00020', '-0.00019', '0.00009', '1.00000']
  '000.2000': ['2.433', '3.018', '0.080', '0.71646', '0.69762', '0.00007', '-0.69762',
    '0.71646', '-0.00020', '-0.00019', '0.00010', '1.00000']
  '000.2667': ['2.441', '3.012', '0.080', '0.70445', '0.70976', '0.00006', '-0.70976',
    '0.70445', '-0.00020', '-0.00019', '0.00009', '1.00000']
  '000.3333': ['2.454', '3.000', '0.080', '0.68793', '0.72577', '0.00009', '-0.72577',
    '0.68793', '-0.00017', '-0.00018', '0.00005', '1.00000']
  '000.4000': ['2.480', '2.977', '0.080', '0.66422', '0.74754', '0.00028', '-0.74754',
    '0.66422', '-0.00001', '-0.00019', '-0.00020', '1.00000']
  '000.4667': ['2.505', '2.954', '0.080', '0.63494', '0.77256', '0.00047', '-0.77256',
    '0.63494', '0.00013', '-0.00020', '-0.00045', '1.00000']
  '000.5333': ['2.518', '2.937', '0.080', '0.60507', '0.79617', '0.00045', '-0.79617',
    '0.60507', '0.00015', '-0.00015', '-0.00045', '1.00000']
  '000.6000': ['2.518', '2.936', '0.080', '0.57432', '0.81863', '0.00042', '-0.81863',
    '0.57432', '0.00018', '-0.00010', '-0.00045', '1.00000']
  '000.6667': ['2.519', '2.935', '0.080', '0.54275', '0.83989', '0.00040', '-0.83989',
    '0.54275', '0.00021', '-0.00004', '-0.00044', '1.00000']
  '000.7333': ['2.519', '2.933', '0.080', '0.51040', '0.85994', '0.00037', '-0.85994',
    '0.51040', '0.00023', '0.00001', '-0.00044', '1.00000']
  '000.8000': ['2.519', '2.932', '0.080', '0.48198', '0.87618', '0.00036', '-0.87618',
    '0.48198', '0.00023', '0.00003', '-0.00043', '1.00000']
  '000.8667': ['2.520', '2.931', '0.080', '0.45729', '0.88932', '0.00036', '-0.88932',
    '0.45729', '0.00022', '0.00003', '-0.00042', '1.00000']
  '000.9333': ['2.520', '2.929', '0.080', '0.43616', '0.89987', '0.00037', '-0.89987',
    '0.43616', '0.00024', '0.00006', '-0.00043', '1.00000']
  '001.0000': ['2.521', '2.926', '0.080', '0.41847', '0.90823', '0.00038', '-0.90823',
    '0.41847', '0.00024', '0.00006', '-0.00045', '1.00000']
  '001.0667': ['2.528', '2.912', '0.080', '0.40337', '0.91504', '0.00037', '-0.91504',
    '0.40337', '0.00025', '0.00008', '-0.00044', '1.00000']
  '001.1333': ['2.538', '2.897', '0.080', '0.38583', '0.92257', '0.00038', '-0.92257',
    '0.38583', '0.00027', '0.00010', '-0.00046', '1.00000']
  '001.2000': ['2.547', '2.881', '0.080', '0.36290', '0.93183', '0.00039', '-0.93183',
    '0.36290', '0.00030', '0.00014', '-0.00047', '1.00000']
  '001.2667': ['2.556', '2.866', '0.080', '0.33472', '0.94232', '0.00040', '-0.94232',
    '0.33472', '0.00034', '0.00018', '-0.00049', '1.00000']
  '001.3333': ['2.565', '2.850', '0.080', '0.30148', '0.95347', '0.00040', '-0.95347',
    '0.30148', '0.00038', '0.00024', '-0.00050', '1.00000']
  '001.4000': ['2.572', '2.834', '0.080', '0.26345', '0.96467', '0.00041', '-0.96467',
    '0.26345', '0.00042', '0.00030', '-0.00051', '1.00000']
  '001.4667': ['2.579', '2.818', '0.080', '0.22100', '0.97527', '0.00041', '-0.97527',
    '0.22100', '0.00048', '0.00037', '-0.00051', '1.00000']
  '001.5333': ['2.585', '2.802', '0.080', '0.17461', '0.98464', '0.00042', '-0.98464',
    '0.17461', '0.00053', '0.00045', '-0.00051', '1.00000']
  '001.6000': ['2.589', '2.785', '0.080', '0.12487', '0.99217', '0.00043', '-0.99217',
    '0.12487', '0.00059', '0.00053', '-0.00050', '1.00000']
  '001.6667': ['2.593', '2.769', '0.080', '0.07244', '0.99737', '0.00044', '-0.99737',
    '0.07244', '0.00065', '0.00062', '-0.00049', '1.00000']
  '001.7333': ['2.593', '2.745', '0.080', '0.02126', '0.99977', '0.00045', '-0.99977',
    '0.02126', '0.00065', '0.00064', '-0.00047', '1.00000']
  '001.8000': ['2.591', '2.718', '0.080', '-0.02587', '0.99967', '0.00045', '-0.99967',
    '-0.02587', '0.00063', '0.00064', '-0.00043', '1.00000']
  '001.8667': ['2.588', '2.690', '0.080', '-0.06747', '0.99772', '0.00043', '-0.99772',
    '-0.06747', '0.00059', '0.00062', '-0.00039', '1.00000']
  '001.9333': ['2.584', '2.659', '0.080', '-0.10324', '0.99466', '0.00037', '-0.99466',
    '-0.10324', '0.00045', '0.00049', '-0.00032', '1.00000']
  '002.0000': ['2.578', '2.628', '0.080', '-0.13405', '0.99097', '0.00030', '-0.99097',
    '-0.13405', '0.00033', '0.00036', '-0.00026', '1.00000']
  '002.0667': ['2.572', '2.598', '0.080', '-0.16023', '0.98708', '0.00023', '-0.98708',
    '-0.16023', '0.00022', '0.00025', '-0.00019', '1.00000']
  '002.1333': ['2.565', '2.567', '0.080', '-0.18208', '0.98328', '0.00016', '-0.98328',
    '-0.18208', '0.00013', '0.00015', '-0.00014', '1.00000']
  '002.2000': ['2.557', '2.536', '0.080', '-0.19988', '0.97982', '0.00009', '-0.97982',
    '-0.19988', '0.00005', '0.00007', '-0.00008', '1.00000']
  '002.2667': ['2.548', '2.506', '0.080', '-0.20775', '0.97818', '0.00003', '-0.97818',
    '-0.20775', '-0.00001', '-0.00001', '-0.00003', '1.00000']
  '002.3333': ['2.531', '2.485', '0.080', '-0.12023', '0.99275', '-0.00004', '-0.99275',
    '-0.12023', '-0.00007', '-0.00007', '0.00003', '1.00000']
  '002.4000': ['2.520', '2.460', '0.080', '-0.03850', '0.99926', '-0.00005', '-0.99926',
    '-0.03850', '-0.00011', '-0.00011', '0.00004', '1.00000']
  '002.4667': ['2.511', '2.437', '0.080', '0.03936', '0.99923', '-0.00007', '-0.99923',
    '0.03936', '-0.00012', '-0.00012', '0.00007', '1.00000']
  '002.5333': ['2.499', '2.419', '0.080', '0.12421', '0.99226', '-0.00013', '-0.99226',
    '0.12421', '-0.00003', '-0.00001', '0.00013', '1.00000']
  '002.6000': ['2.489', '2.400', '0.080', '0.21192', '0.97729', '-0.00018', '-0.97729',
    '0.21192', '0.00007', '0.00010', '0.00016', '1.00000']
  '002.6667': ['2.480', '2.380', '0.080', '0.30165', '0.95342', '-0.00023', '-0.95342',
    '0.30165', '0.00016', '0.00022', '0.00017', '1.00000']
  '002.7333': ['2.474', '2.360', '0.080', '0.39238', '0.91980', '-0.00029', '-0.91980',
    '0.39238', '0.00025', '0.00034', '0.00017', '1.00000']
  '002.8000': ['2.501', '2.334', '0.080', '0.43495', '0.90046', '-0.00018', '-0.90046',
    '0.43495', '0.00016', '0.00022', '0.00009', '1.00000']
  '002.8667': ['2.529', '2.308', '0.080', '0.42761', '0.90396', '-0.00007', '-0.90396',
    '0.42761', '0.00009', '0.00011', '0.00003', '1.00000']
  '002.9333': ['2.536', '2.284', '0.080', '0.41284', '0.91080', '-0.00002', '-0.91080',
    '0.41284', '-0.00001', '0.00000', '0.00002', '1.00000']
  '003.0000': ['2.529', '2.263', '0.080', '0.38978', '0.92091', '-0.00003', '-0.92091',
    '0.38978', '-0.00001', '0.00000', '0.00003', '1.00000']
  '003.0667': ['2.531', '2.240', '0.080', '0.30834', '0.95128', '-0.00005', '-0.95128',
    '0.30834', '-0.00001', '-0.00000', '0.00005', '1.00000']
  '003.1333': ['2.530', '2.216', '0.080', '0.23966', '0.97086', '-0.00006', '-0.97086',
    '0.23966', '-0.00002', '-0.00000', '0.00006', '1.00000']
  '003.2000': ['2.528', '2.192', '0.080', '0.18537', '0.98267', '-0.00008', '-0.98267',
    '0.18537', '-0.00002', '-0.00001', '0.00008', '1.00000']
  '003.2667': ['2.524', '2.168', '0.080', '0.14646', '0.98922', '-0.00009', '-0.98922',
    '0.14646', '-0.00002', '-0.00001', '0.00009', '1.00000']
  '003.3333': ['2.520', '2.143', '0.080', '0.12344', '0.99235', '-0.00011', '-0.99235',
    '0.12344', '-0.00003', '-0.00002', '0.00011', '1.00000']
  '003.4000': ['2.508', '2.121', '0.080', '0.12553', '0.99209', '-0.00024', '-0.99209',
    '0.12553', '-0.00002', '0.00001', '0.00024', '1.00000']
  '003.4667': ['2.497', '2.097', '0.080', '0.24140', '0.97043', '-0.00027', '-0.97043',
    '0.24140', '-0.00005', '0.00001', '0.00027', '1.00000']
  '003.5333': ['2.504', '2.071', '0.080', '0.23359', '0.97234', '-0.00027', '-0.97234',
    '0.23359', '-0.00006', '0.00000', '0.00027', '1.00000']
  '003.6000': ['2.510', '2.045', '0.080', '0.22576', '0.97418', '-0.00026', '-0.97418',
    '0.22576', '-0.00007', '-0.00001', '0.00027', '1.00000']
