begin_time_stamp: 1574101346.7999969
data_header:
  time_stamp: [x, y, z, R11, R12, R13, R21, R22, R23, R31, R32, R33]
trajectory_data:
  '000.0000': ['1.533', '0.139', '0.080', '0.99540', '-0.09578', '-0.00003', '0.09578',
    '0.99540', '-0.00029', '0.00006', '0.00029', '1.00000']
  '000.0667': ['1.559', '0.142', '0.080', '0.99567', '-0.09301', '-0.00003', '0.09301',
    '0.99567', '-0.00029', '0.00006', '0.00029', '1.00000']
  '000.1333': ['1.583', '0.144', '0.080', '0.99602', '-0.08918', '-0.00002', '0.08918',
    '0.99602', '-0.00029', '0.00004', '0.00029', '1.00000']
  '000.2000': ['1.608', '0.146', '0.080', '0.99630', '-0.08590', '-0.00000', '0.08590',
    '0.99630', '-0.00029', '0.00003', '0.00029', '1.00000']
  '000.2667': ['1.632', '0.148', '0.080', '0.99653', '-0.08318', '0.00001', '0.08318',
    '0.99653', '-0.00029', '0.00002', '0.00029', '1.00000']
  '000.3333': ['1.657', '0.149', '0.080', '0.99671', '-0.08103', '0.00001', '0.08103',
    '0.99671', '-0.00029', '0.00001', '0.00029', '1.00000']
  '000.4000': ['1.681', '0.151', '0.080', '0.99684', '-0.07944', '0.00002', '0.07944',
    '0.99684', '-0.00029', '0.00000', '0.00030', '1.00000']
  '000.4667': ['1.706', '0.153', '0.080', '0.99692', '-0.07842', '0.00003', '0.07842',
    '0.99692', '-0.00030', '-0.00000', '0.00030', '1.00000']
  '000.5333': ['1.730', '0.154', '0.080', '0.99696', '-0.07797', '0.00003', '0.07797',
    '0.99696', '-0.00030', '-0.00001', '0.00030', '1.00000']
  '000.6000': ['1.755', '0.156', '0.080', '0.99695', '-0.07810', '0.00003', '0.07810',
    '0.99695', '-0.00030', '-0.00001', '0.00030', '1.00000']
  '000.6667': ['1.780', '0.158', '0.080', '0.99689', '-0.07879', '0.00003', '0.07879',
    '0.99689', '-0.00030', '-0.00001', '0.00030', '1.00000']
  '000.7333': ['1.804', '0.159', '0.080', '0.99679', '-0.08004', '0.00003', '0.08004',
    '0.99679', '-0.00030', '-0.00001', '0.00030', '1.00000']
  '000.8000': ['1.829', '0.161', '0.080', '0.99664', '-0.08187', '0.00003', '0.08187',
    '0.99664', '-0.00030', '-0.00000', '0.00030', '1.00000']
  '000.8667': ['1.853', '0.163', '0.080', '0.99644', '-0.08426', '0.00002', '0.08426',
    '0.99644', '-0.00030', '0.00000', '0.00030', '1.00000']
  '000.9333': ['1.878', '0.165', '0.080', '0.99619', '-0.08722', '0.00002', '0.08722',
    '0.99619', '-0.00030', '0.00001', '0.00030', '1.00000']
  '001.0000': ['1.902', '0.166', '0.080', '0.99588', '-0.09073', '0.00001', '0.09073',
    '0.99588', '-0.00031', '0.00002', '0.00031', '1.00000']
  '001.0667': ['1.927', '0.168', '0.080', '0.99550', '-0.09480', '-0.00000', '0.09480',
    '0.99550', '-0.00031', '0.00003', '0.00031', '1.00000']
  '001.1333': ['1.952', '0.170', '0.080', '0.99505', '-0.09942', '-0.00001', '0.09942',
    '0.99505', '-0.00031', '0.00004', '0.00031', '1.00000']
  '001.2000': ['1.976', '0.173', '0.080', '0.99452', '-0.10459', '-0.00003', '0.10459',
    '0.99452', '-0.00031', '0.00006', '0.00031', '1.00000']
  '001.2667': ['2.001', '0.175', '0.080', '0.99390', '-0.11029', '-0.00004', '0.11029',
    '0.99390', '-0.00032', '0.00008', '0.00031', '1.00000']
  '001.3333': ['2.025', '0.177', '0.080', '0.99319', '-0.11653', '-0.00006', '0.11653',
    '0.99319', '-0.00032', '0.00009', '0.00031', '1.00000']
  '001.4000': ['2.050', '0.180', '0.080', '0.99237', '-0.12329', '-0.00007', '0.12329',
    '0.99237', '-0.00032', '0.00011', '0.00031', '1.00000']
  '001.4667': ['2.074', '0.183', '0.080', '0.99144', '-0.13057', '-0.00009', '0.13057',
    '0.99144', '-0.00033', '0.00014', '0.00031', '1.00000']
  '001.5333': ['2.098', '0.186', '0.080', '0.99038', '-0.13835', '-0.00011', '0.13835',
    '0.99038', '-0.00033', '0.00016', '0.00031', '1.00000']
  '001.6000': ['2.123', '0.189', '0.080', '0.98919', '-0.14664', '-0.00014', '0.14664',
    '0.98919', '-0.00033', '0.00018', '0.00031', '1.00000']
  '001.6667': ['2.147', '0.192', '0.080', '0.98785', '-0.15541', '-0.00016', '0.15541',
    '0.98785', '-0.00034', '0.00021', '0.00031', '1.00000']
  '001.7333': ['2.170', '0.195', '0.080', '0.98602', '-0.16660', '-0.00016', '0.16660',
    '0.98602', '-0.00036', '0.00021', '0.00032', '1.00000']
  '001.8000': ['2.193', '0.198', '0.080', '0.98362', '-0.18024', '-0.00016', '0.18024',
    '0.98362', '-0.00037', '0.00022', '0.00033', '1.00000']
  '001.8667': ['2.216', '0.202', '0.080', '0.98063', '-0.19585', '-0.00018', '0.19585',
    '0.98063', '-0.00037', '0.00025', '0.00033', '1.00000']
  '001.9333': ['2.243', '0.207', '0.080', '0.97695', '-0.21346', '-0.00018', '0.21346',
    '0.97695', '-0.00042', '0.00026', '0.00037', '1.00000']
  '002.0000': ['2.271', '0.214', '0.080', '0.97328', '-0.22964', '-0.00015', '0.22964',
    '0.97328', '-0.00045', '0.00025', '0.00040', '1.00000']
  '002.0667': ['2.298', '0.222', '0.080', '0.97004', '-0.24296', '-0.00013', '0.24296',
    '0.97004', '-0.00048', '0.00024', '0.00044', '1.00000']
  '002.1333': ['2.326', '0.230', '0.080', '0.96733', '-0.25354', '-0.00011', '0.25354',
    '0.96733', '-0.00052', '0.00024', '0.00048', '1.00000']
  '002.2000': ['2.353', '0.239', '0.080', '0.96522', '-0.26145', '-0.00010', '0.26145',
    '0.96522', '-0.00056', '0.00024', '0.00051', '1.00000']
  '002.2667': ['2.381', '0.248', '0.080', '0.96377', '-0.26675', '-0.00009', '0.26675',
    '0.96377', '-0.00060', '0.00025', '0.00055', '1.00000']
  '002.3333': ['2.401', '0.244', '0.080', '0.93565', '-0.35292', '-0.00009', '0.35292',
    '0.93565', '-0.00064', '0.00031', '0.00056', '1.00000']
  '002.4000': ['2.420', '0.240', '0.080', '0.89466', '-0.44675', '-0.00010', '0.44674',
    '0.89466', '-0.00067', '0.00039', '0.00056', '1.00000']
  '002.4667': ['2.440', '0.237', '0.080', '0.84624', '-0.53280', '-0.00011', '0.53280',
    '0.84624', '-0.00071', '0.00047', '0.00054', '1.00000']
  '002.5333': ['2.461', '0.237', '0.080', '0.79164', '-0.61099', '-0.00012', '0.61099',
    '0.79164', '-0.00074', '0.00055', '0.00051', '1.00000']
  '002.6000': ['2.483', '0.241', '0.080', '0.73007', '-0.68337', '-0.00009', '0.68337',
    '0.73007', '-0.00077', '0.00059', '0.00050', '1.00000']
  '002.6667': ['2.503', '0.249', '0.080', '0.66303', '-0.74859', '-0.00007', '0.74859',
    '0.66303', '-0.00077', '0.00062', '0.00046', '1.00000']
  '002.7333': ['2.522', '0.258', '0.080', '0.59144', '-0.80635', '-0.00004', '0.80635',
    '0.59144', '-0.00081', '0.00068', '0.00045', '1.00000']
  '002.8000': ['2.541', '0.270', '0.080', '0.51663', '-0.85621', '-0.00000', '0.85621',
    '0.51663', '-0.00085', '0.00073', '0.00044', '1.00000']
  '002.8667': ['2.559', '0.285', '0.080', '0.44046', '-0.89777', '0.00004', '0.89777',
    '0.44046', '-0.00082', '0.00072', '0.00040', '1.00000']
  '002.9333': ['2.576', '0.302', '0.080', '0.36477', '-0.93110', '0.00018', '0.93110',
    '0.36477', '-0.00078', '0.00067', '0.00045', '1.00000']
  '003.0000': ['2.591', '0.320', '0.080', '0.29794', '-0.95458', '0.00030', '0.95458',
    '0.29794', '-0.00076', '0.00064', '0.00051', '1.00000']
  '003.0667': ['2.607', '0.340', '0.080', '0.24073', '-0.97059', '0.00041', '0.97059',
    '0.24073', '-0.00075', '0.00062', '0.00058', '1.00000']
  '003.1333': ['2.621', '0.361', '0.080', '0.19351', '-0.98110', '0.00051', '0.98110',
    '0.19351', '-0.00074', '0.00063', '0.00065', '1.00000']
  '003.2000': ['2.631', '0.383', '0.080', '0.15462', '-0.98797', '0.00102', '0.98797',
    '0.15462', '-0.00073', '0.00057', '0.00112', '1.00000']
  '003.2667': ['2.642', '0.402', '0.080', '0.11865', '-0.99294', '0.00117', '0.99294',
    '0.11865', '-0.00066', '0.00052', '0.00124', '1.00000']
  '003.3333': ['2.652', '0.422', '0.080', '0.14318', '-0.98970', '0.00082', '0.98970',
    '0.14318', '-0.00055', '0.00042', '0.00089', '1.00000']
  '003.4000': ['2.662', '0.443', '0.080', '0.18207', '-0.98329', '0.00043', '0.98329',
    '0.18207', '-0.00042', '0.00034', '0.00050', '1.00000']
  '003.4667': ['2.670', '0.465', '0.080', '0.20991', '-0.97772', '0.00035', '0.97772',
    '0.20991', '-0.00036', '0.00028', '0.00041', '1.00000']
  '003.5333': ['2.680', '0.488', '0.080', '0.22931', '-0.97335', '0.00027', '0.97335',
    '0.22931', '-0.00030', '0.00023', '0.00033', '1.00000']
  '003.6000': ['2.689', '0.510', '0.080', '0.24033', '-0.97069', '0.00018', '0.97069',
    '0.24033', '-0.00024', '0.00019', '0.00024', '1.00000']
  '003.6667': ['2.699', '0.532', '0.080', '0.24302', '-0.97002', '0.00010', '0.97002',
    '0.24302', '-0.00020', '0.00017', '0.00015', '1.00000']
  '003.7333': ['2.709', '0.555', '0.080', '0.23737', '-0.97142', '0.00002', '0.97142',
    '0.23737', '-0.00016', '0.00015', '0.00005', '1.00000']
  '003.8000': ['2.718', '0.577', '0.080', '0.22511', '-0.97433', '0.00001', '0.97433',
    '0.22511', '-0.00014', '0.00014', '0.00004', '1.00000']
  '003.8667': ['2.726', '0.603', '0.080', '0.20774', '-0.97818', '-0.00002', '0.97818',
    '0.20774', '-0.00015', '0.00015', '0.00001', '1.00000']
  '003.9333': ['2.733', '0.630', '0.080', '0.18699', '-0.98236', '-0.00005', '0.98236',
    '0.18699', '-0.00014', '0.00015', '-0.00002', '1.00000']
  '004.0000': ['2.738', '0.653', '0.080', '0.16433', '-0.98641', '-0.00006', '0.98641',
    '0.16433', '-0.00008', '0.00009', '-0.00005', '1.00000']
  '004.0667': ['2.743', '0.675', '0.080', '0.13984', '-0.99017', '-0.00005', '0.99017',
    '0.13984', '-0.00002', '0.00003', '-0.00005', '1.00000']
  '004.1333': ['2.750', '0.698', '0.080', '0.10947', '-0.99399', '0.00013', '0.99399',
    '0.10947', '-0.00003', '0.00001', '0.00014', '1.00000']
  '004.2000': ['2.756', '0.722', '0.080', '0.07188', '-0.99741', '0.00032', '0.99741',
    '0.07188', '-0.00002', '0.00000', '0.00032', '1.00000']
  '004.2667': ['2.761', '0.745', '0.080', '0.02712', '-0.99963', '0.00050', '0.99963',
    '0.02712', '-0.00001', '0.00000', '0.00050', '1.00000']
  '004.3333': ['2.759', '0.770', '0.080', '-0.00747', '-0.99997', '0.00050', '0.99997',
    '-0.00747', '-0.00006', '0.00007', '0.00049', '1.00000']
  '004.4000': ['2.750', '0.796', '0.080', '-0.02169', '-0.99976', '0.00026', '0.99976',
    '-0.02169', '-0.00006', '0.00006', '0.00026', '1.00000']
  '004.4667': ['2.752', '0.818', '0.080', '-0.03468', '-0.99940', '0.00051', '0.99940',
    '-0.03468', '-0.00012', '0.00014', '0.00050', '1.00000']
  '004.5333': ['2.750', '0.843', '0.080', '-0.04313', '-0.99907', '0.00055', '0.99907',
    '-0.04313', '-0.00014', '0.00017', '0.00054', '1.00000']
  '004.6000': ['2.746', '0.870', '0.080', '-0.04446', '-0.99901', '0.00053', '0.99901',
    '-0.04446', '-0.00015', '0.00017', '0.00052', '1.00000']
  '004.6667': ['2.739', '0.898', '0.080', '-0.03363', '-0.99943', '0.00030', '0.99943',
    '-0.03363', '-0.00009', '0.00010', '0.00030', '1.00000']
  '004.7333': ['2.743', '0.920', '0.080', '-0.03076', '-0.99953', '0.00052', '0.99953',
    '-0.03076', '-0.00019', '0.00020', '0.00051', '1.00000']
  '004.8000': ['2.743', '0.944', '0.080', '-0.02818', '-0.99960', '0.00053', '0.99960',
    '-0.02818', '-0.00020', '0.00021', '0.00052', '1.00000']
  '004.8667': ['2.742', '0.968', '0.080', '-0.02640', '-0.99965', '0.00053', '0.99965',
    '-0.02640', '-0.00021', '0.00023', '0.00053', '1.00000']
  '004.9333': ['2.742', '0.992', '0.080', '-0.02544', '-0.99968', '0.00054', '0.99968',
    '-0.02544', '-0.00024', '0.00025', '0.00054', '1.00000']
  '005.0000': ['2.742', '1.016', '0.080', '-0.02528', '-0.99968', '0.00055', '0.99968',
    '-0.02528', '-0.00027', '0.00029', '0.00054', '1.00000']
  '005.0667': ['2.742', '1.040', '0.080', '-0.02593', '-0.99966', '0.00056', '0.99966',
    '-0.02593', '-0.00031', '0.00033', '0.00055', '1.00000']
  '005.1333': ['2.741', '1.065', '0.080', '-0.02593', '-0.99966', '0.00056', '0.99966',
    '-0.02593', '-0.00031', '0.00033', '0.00055', '1.00000']
  '005.2000': ['2.740', '1.090', '0.080', '-0.02593', '-0.99966', '0.00056', '0.99966',
    '-0.02593', '-0.00031', '0.00033', '0.00055', '1.00000']
  '005.2667': ['2.740', '1.115', '0.080', '-0.02593', '-0.99966', '0.00056', '0.99966',
    '-0.02593', '-0.00031', '0.00033', '0.00055', '1.00000']
  '005.3333': ['2.739', '1.140', '0.080', '-0.02593', '-0.99966', '0.00056', '0.99966',
    '-0.02593', '-0.00031', '0.00033', '0.00055', '1.00000']
  '005.4000': ['2.738', '1.166', '0.080', '-0.02593', '-0.99966', '0.00056', '0.99966',
    '-0.02593', '-0.00031', '0.00033', '0.00055', '1.00000']
  '005.4667': ['2.738', '1.191', '0.080', '-0.02593', '-0.99966', '0.00056', '0.99966',
    '-0.02593', '-0.00031', '0.00033', '0.00055', '1.00000']
  '005.5333': ['2.737', '1.216', '0.080', '-0.02593', '-0.99966', '0.00056', '0.99966',
    '-0.02593', '-0.00031', '0.00033', '0.00055', '1.00000']
  '005.6000': ['2.736', '1.241', '0.080', '-0.02593', '-0.99966', '0.00056', '0.99966',
    '-0.02593', '-0.00031', '0.00033', '0.00055', '1.00000']
  '005.6667': ['2.736', '1.267', '0.080', '-0.02593', '-0.99966', '0.00056', '0.99966',
    '-0.02593', '-0.00031', '0.00033', '0.00055', '1.00000']
  '005.7333': ['2.735', '1.292', '0.080', '-0.02593', '-0.99966', '0.00056', '0.99966',
    '-0.02593', '-0.00031', '0.00033', '0.00055', '1.00000']
  '005.8000': ['2.734', '1.317', '0.080', '-0.02593', '-0.99966', '0.00056', '0.99966',
    '-0.02593', '-0.00031', '0.00033', '0.00055', '1.00000']
  '005.8667': ['2.734', '1.342', '0.080', '-0.02593', '-0.99966', '0.00056', '0.99966',
    '-0.02593', '-0.00031', '0.00033', '0.00055', '1.00000']
  '005.9333': ['2.733', '1.367', '0.080', '-0.02593', '-0.99966', '0.00056', '0.99966',
    '-0.02593', '-0.00031', '0.00033', '0.00055', '1.00000']
  '006.0000': ['2.733', '1.393', '0.080', '-0.02593', '-0.99966', '0.00056', '0.99966',
    '-0.02593', '-0.00031', '0.00033', '0.00055', '1.00000']
