begin_time_stamp: 1574101337.7999992
data_header:
  time_stamp: [x, y, z, R11, R12, R13, R21, R22, R23, R31, R32, R33]
trajectory_data:
  '000.0000': ['0.317', '2.199', '0.080', '-0.99129', '-0.13169', '-0.00084', '0.13169',
    '-0.99129', '0.00047', '-0.00089', '0.00035', '1.00000']
  '000.0667': ['0.311', '2.194', '0.080', '-0.99941', '-0.03443', '-0.00087', '0.03443',
    '-0.99941', '0.00043', '-0.00088', '0.00040', '1.00000']
  '000.1333': ['0.302', '2.184', '0.080', '-0.99842', '0.05619', '-0.00084', '-0.05619',
    '-0.99842', '0.00034', '-0.00082', '0.00038', '1.00000']
  '000.2000': ['0.294', '2.162', '0.080', '-0.99030', '0.13893', '-0.00053', '-0.13893',
    '-0.99030', '0.00007', '-0.00051', '0.00014', '1.00000']
  '000.2667': ['0.280', '2.149', '0.080', '-0.97732', '0.21175', '-0.00057', '-0.21175',
    '-0.97732', '0.00005', '-0.00055', '0.00017', '1.00000']
  '000.3333': ['0.267', '2.140', '0.080', '-0.96051', '0.27826', '-0.00069', '-0.27826',
    '-0.96051', '0.00008', '-0.00064', '0.00027', '1.00000']
  '000.4000': ['0.258', '2.136', '0.080', '-0.93978', '0.34178', '-0.00071', '-0.34178',
    '-0.93978', '0.00009', '-0.00063', '0.00032', '1.00000']
  '000.4667': ['0.249', '2.133', '0.080', '-0.91481', '0.40387', '-0.00073', '-0.40387',
    '-0.91481', '0.00010', '-0.00063', '0.00038', '1.00000']
  '000.5333': ['0.240', '2.129', '0.080', '-0.88567', '0.46432', '-0.00075', '-0.46432',
    '-0.88567', '0.00011', '-0.00061', '0.00045', '1.00000']
  '000.6000': ['0.231', '2.125', '0.080', '-0.85240', '0.52289', '-0.00077', '-0.52289',
    '-0.85240', '0.00012', '-0.00059', '0.00051', '1.00000']
  '000.6667': ['0.222', '2.121', '0.080', '-0.81507', '0.57937', '-0.00079', '-0.57937',
    '-0.81507', '0.00014', '-0.00056', '0.00057', '1.00000']
  '000.7333': ['0.214', '2.117', '0.080', '-0.77375', '0.63349', '-0.00080', '-0.63349',
    '-0.77375', '0.00015', '-0.00053', '0.00063', '1.00000']
  '000.8000': ['0.205', '2.113', '0.080', '-0.72853', '0.68502', '-0.00082', '-0.68502',
    '-0.72853', '0.00016', '-0.00049', '0.00068', '1.00000']
  '000.8667': ['0.197', '2.109', '0.080', '-0.67951', '0.73367', '-0.00084', '-0.73367',
    '-0.67951', '0.00018', '-0.00044', '0.00074', '1.00000']
  '000.9333': ['0.188', '2.105', '0.080', '-0.62682', '0.77917', '-0.00085', '-0.77917',
    '-0.62682', '0.00019', '-0.00039', '0.00079', '1.00000']
  '001.0000': ['0.180', '2.100', '0.080', '-0.57060', '0.82122', '-0.00087', '-0.82122',
    '-0.57061', '0.00021', '-0.00033', '0.00083', '1.00000']
  '001.0667': ['0.172', '2.096', '0.080', '-0.51106', '0.85954', '-0.00088', '-0.85954',
    '-0.51106', '0.00022', '-0.00026', '0.00087', '1.00000']
  '001.1333': ['0.164', '2.092', '0.080', '-0.44841', '0.89383', '-0.00090', '-0.89383',
    '-0.44841', '0.00024', '-0.00019', '0.00091', '1.00000']
  '001.2000': ['0.157', '2.088', '0.080', '-0.38290', '0.92379', '-0.00091', '-0.92379',
    '-0.38290', '0.00025', '-0.00011', '0.00094', '1.00000']
  '001.2667': ['0.149', '2.084', '0.080', '-0.31484', '0.94914', '-0.00092', '-0.94915',
    '-0.31484', '0.00027', '-0.00003', '0.00096', '1.00000']
  '001.3333': ['0.143', '2.068', '0.080', '-0.24895', '0.96852', '-0.00083', '-0.96852',
    '-0.24895', '0.00018', '-0.00003', '0.00085', '1.00000']
  '001.4000': ['0.134', '2.035', '0.080', '-0.18403', '0.98292', '-0.00028', '-0.98292',
    '-0.18403', '-0.00026', '-0.00031', '0.00022', '1.00000']
  '001.4667': ['0.131', '2.018', '0.080', '-0.12736', '0.99186', '-0.00018', '-0.99186',
    '-0.12736', '-0.00035', '-0.00037', '0.00013', '1.00000']
  '001.5333': ['0.129', '2.010', '0.080', '-0.07848', '0.99692', '-0.00023', '-0.99692',
    '-0.07848', '-0.00031', '-0.00033', '0.00020', '1.00000']
  '001.6000': ['0.126', '2.002', '0.080', '-0.02909', '0.99958', '-0.00027', '-0.99958',
    '-0.02909', '-0.00027', '-0.00028', '0.00026', '1.00000']
  '001.6667': ['0.124', '1.994', '0.080', '0.02075', '0.99978', '-0.00032', '-0.99978',
    '0.02075', '-0.00023', '-0.00023', '0.00032', '1.00000']
  '001.7333': ['0.122', '1.986', '0.080', '0.07092', '0.99748', '-0.00036', '-0.99748',
    '0.07092', '-0.00019', '-0.00016', '0.00037', '1.00000']
  '001.8000': ['0.120', '1.978', '0.080', '0.12134', '0.99261', '-0.00040', '-0.99261',
    '0.12134', '-0.00014', '-0.00009', '0.00041', '1.00000']
  '001.8667': ['0.119', '1.964', '0.080', '0.14872', '0.98888', '-0.00043', '-0.98888',
    '0.14872', '-0.00009', '-0.00003', '0.00044', '1.00000']
  '001.9333': ['0.120', '1.931', '0.080', '0.10438', '0.99454', '-0.00046', '-0.99454',
    '0.10438', '-0.00004', '0.00001', '0.00047', '1.00000']
  '002.0000': ['0.121', '1.898', '0.080', '0.06639', '0.99779', '-0.00050', '-0.99779',
    '0.06639', '0.00001', '0.00004', '0.00049', '1.00000']
  '002.0667': ['0.120', '1.864', '0.080', '0.03436', '0.99941', '-0.00053', '-0.99941',
    '0.03436', '0.00006', '0.00008', '0.00052', '1.00000']
  '002.1333': ['0.119', '1.831', '0.080', '0.00791', '0.99997', '-0.00055', '-0.99997',
    '0.00791', '0.00012', '0.00012', '0.00055', '1.00000']
  '002.2000': ['0.117', '1.797', '0.080', '-0.01330', '0.99991', '-0.00058', '-0.99991',
    '-0.01330', '0.00017', '0.00016', '0.00058', '1.00000']
  '002.2667': ['0.114', '1.764', '0.080', '-0.02955', '0.99956', '-0.00061', '-0.99956',
    '-0.02955', '0.00023', '0.00021', '0.00061', '1.00000']
  '002.3333': ['0.111', '1.731', '0.080', '-0.04106', '0.99916', '-0.00063', '-0.99916',
    '-0.04106', '0.00030', '0.00027', '0.00064', '1.00000']
  '002.4000': ['0.107', '1.697', '0.080', '-0.04802', '0.99885', '-0.00065', '-0.99885',
    '-0.04802', '0.00036', '0.00033', '0.00067', '1.00000']
  '002.4667': ['0.106', '1.669', '0.080', '-0.05431', '0.99852', '-0.00070', '-0.99852',
    '-0.05431', '0.00041', '0.00037', '0.00072', '1.00000']
  '002.5333': ['0.104', '1.643', '0.080', '-0.06084', '0.99815', '-0.00075', '-0.99815',
    '-0.06084', '0.00041', '0.00036', '0.00077', '1.00000']
  '002.6000': ['0.103', '1.618', '0.080', '-0.06746', '0.99772', '-0.00080', '-0.99772',
    '-0.06746', '0.00042', '0.00037', '0.00083', '1.00000']
  '002.6667': ['0.101', '1.592', '0.080', '-0.07417', '0.99725', '-0.00086', '-0.99725',
    '-0.07417', '0.00045', '0.00038', '0.00089', '1.00000']
  '002.7333': ['0.099', '1.567', '0.080', '-0.08098', '0.99672', '-0.00091', '-0.99672',
    '-0.08098', '0.00049', '0.00042', '0.00095', '1.00000']
  '002.8000': ['0.097', '1.542', '0.080', '-0.08804', '0.99612', '-0.00094', '-0.99612',
    '-0.08804', '0.00045', '0.00037', '0.00098', '1.00000']
  '002.8667': ['0.095', '1.517', '0.080', '-0.09542', '0.99544', '-0.00098', '-0.99544',
    '-0.09542', '0.00043', '0.00033', '0.00101', '1.00000']
  '002.9333': ['0.093', '1.492', '0.080', '-0.10313', '0.99467', '-0.00101', '-0.99467',
    '-0.10313', '0.00041', '0.00031', '0.00104', '1.00000']
  '003.0000': ['0.091', '1.467', '0.080', '-0.11116', '0.99380', '-0.00104', '-0.99380',
    '-0.11116', '0.00042', '0.00030', '0.00108', '1.00000']
  '003.0667': ['0.088', '1.441', '0.080', '-0.11952', '0.99283', '-0.00105', '-0.99283',
    '-0.11952', '0.00040', '0.00027', '0.00109', '1.00000']
  '003.1333': ['0.085', '1.416', '0.080', '-0.12890', '0.99166', '-0.00109', '-0.99166',
    '-0.12890', '0.00033', '0.00018', '0.00112', '1.00000']
  '003.2000': ['0.083', '1.391', '0.080', '-0.13943', '0.99023', '-0.00116', '-0.99023',
    '-0.13943', '0.00024', '0.00008', '0.00118', '1.00000']
  '003.2667': ['0.079', '1.365', '0.080', '-0.15104', '0.98853', '-0.00122', '-0.98853',
    '-0.15104', '0.00014', '-0.00004', '0.00122', '1.00000']
  '003.3333': ['0.075', '1.339', '0.080', '-0.16298', '0.98663', '-0.00113', '-0.98663',
    '-0.16298', '0.00001', '-0.00018', '0.00112', '1.00000']
  '003.4000': ['0.068', '1.309', '0.080', '-0.17409', '0.98473', '-0.00094', '-0.98473',
    '-0.17409', '0.00005', '-0.00011', '0.00093', '1.00000']
  '003.4667': ['0.062', '1.278', '0.080', '-0.18221', '0.98326', '-0.00074', '-0.98326',
    '-0.18221', '0.00009', '-0.00005', '0.00074', '1.00000']
  '003.5333': ['0.054', '1.247', '0.080', '-0.18745', '0.98227', '-0.00054', '-0.98227',
    '-0.18745', '0.00012', '0.00002', '0.00055', '1.00000']
  '003.6000': ['0.047', '1.217', '0.080', '-0.18985', '0.98181', '-0.00034', '-0.98181',
    '-0.18985', '0.00015', '0.00008', '0.00036', '1.00000']
  '003.6667': ['0.040', '1.186', '0.080', '-0.18945', '0.98189', '-0.00015', '-0.98189',
    '-0.18945', '0.00018', '0.00015', '0.00018', '1.00000']
  '003.7333': ['0.034', '1.159', '0.080', '-0.18890', '0.98200', '-0.00010', '-0.98200',
    '-0.18890', '0.00016', '0.00014', '0.00013', '1.00000']
  '003.8000': ['0.029', '1.117', '0.080', '0.01942', '0.99981', '-0.00009', '-0.99981',
    '0.01942', '0.00013', '0.00013', '0.00009', '1.00000']
  '003.8667': ['0.030', '1.088', '0.080', '0.06770', '0.99771', '-0.00008', '-0.99771',
    '0.06770', '0.00011', '0.00012', '0.00007', '1.00000']
  '003.9333': ['0.037', '1.055', '0.080', '0.14975', '0.98872', '-0.00005', '-0.98872',
    '0.14975', '0.00011', '0.00012', '0.00003', '1.00000']
  '004.0000': ['0.039', '1.043', '0.080', '0.21894', '0.97574', '0.00003', '-0.97574',
    '0.21894', '-0.00007', '-0.00008', '-0.00002', '1.00000']
  '004.0667': ['0.041', '1.037', '0.080', '0.27621', '0.96110', '0.00017', '-0.96110',
    '0.27621', '-0.00037', '-0.00040', '-0.00006', '1.00000']
  '004.4667': ['0.156', '0.846', '0.080', '0.70372', '0.71048', '0.00001', '-0.71048',
    '0.70372', '0.00007', '0.00004', '-0.00006', '1.00000']
  '004.7333': ['0.239', '0.782', '0.080', '0.85981', '0.51061', '0.00000', '-0.51061',
    '0.85981', '0.00007', '0.00003', '-0.00006', '1.00000']
  '004.8000': ['0.289', '0.853', '0.080', '0.90859', '0.41769', '-0.00005', '-0.41769',
    '0.90859', '-0.00035', '-0.00010', '0.00034', '1.00000']
  '004.8667': ['0.317', '0.851', '0.080', '0.93107', '0.36485', '-0.00008', '-0.36485',
    '0.93107', '-0.00073', '-0.00019', '0.00071', '1.00000']
  '005.1333': ['0.376', '0.740', '0.080', '0.97609', '0.21735', '0.00002', '-0.21735',
    '0.97609', '0.00004', '-0.00001', '-0.00004', '1.00000']
  '005.2000': ['0.401', '0.735', '0.080', '0.97818', '0.20778', '0.00002', '-0.20778',
    '0.97818', '0.00004', '-0.00001', '-0.00004', '1.00000']
  '005.4000': ['0.479', '0.812', '0.080', '0.94334', '0.33183', '-0.00022', '-0.33183',
    '0.94334', '-0.00051', '0.00004', '0.00056', '1.00000']
  '005.4667': ['0.502', '0.802', '0.080', '0.92002', '0.39188', '-0.00028', '-0.39188',
    '0.92002', '-0.00054', '0.00005', '0.00061', '1.00000']
  '005.5333': ['0.526', '0.788', '0.080', '0.89784', '0.44032', '-0.00031', '-0.44032',
    '0.89784', '-0.00053', '0.00005', '0.00061', '1.00000']
  '005.6000': ['0.551', '0.771', '0.080', '0.88187', '0.47150', '-0.00032', '-0.47150',
    '0.88187', '-0.00050', '0.00005', '0.00060', '1.00000']
  '005.6667': ['0.577', '0.755', '0.080', '0.86900', '0.49482', '-0.00035', '-0.49482',
    '0.86899', '-0.00049', '0.00006', '0.00060', '1.00000']
  '006.1333': ['0.716', '0.632', '0.080', '0.62192', '0.78308', '-0.00039', '-0.78308',
    '0.62192', '-0.00035', '-0.00003', '0.00052', '1.00000']
  '006.2000': ['0.731', '0.607', '0.080', '0.54870', '0.83602', '-0.00039', '-0.83602',
    '0.54870', '-0.00038', '-0.00010', '0.00053', '1.00000']
