begin_time_stamp: 1574101387.333331
data_header:
  time_stamp: [x, y, z, R11, R12, R13, R21, R22, R23, R31, R32, R33]
trajectory_data:
  '000.0000': ['0.301', '1.271', '0.080', '0.08868', '-0.99606', '0.00015', '0.99606',
    '0.08868', '0.00028', '-0.00029', '0.00013', '1.00000']
  '000.0667': ['0.302', '1.298', '0.080', '0.09145', '-0.99581', '0.00016', '0.99581',
    '0.09145', '0.00029', '-0.00030', '0.00013', '1.00000']
  '000.1333': ['0.303', '1.327', '0.080', '0.09792', '-0.99519', '0.00016', '0.99519',
    '0.09792', '0.00031', '-0.00032', '0.00013', '1.00000']
  '000.2000': ['0.305', '1.360', '0.080', '0.10720', '-0.99424', '0.00016', '0.99424',
    '0.10720', '0.00033', '-0.00034', '0.00012', '1.00000']
  '000.2667': ['0.310', '1.397', '0.080', '0.11571', '-0.99328', '0.00010', '0.99328',
    '0.11571', '0.00031', '-0.00031', '0.00006', '1.00000']
  '000.3333': ['0.315', '1.433', '0.080', '0.12272', '-0.99244', '0.00004', '0.99244',
    '0.12272', '0.00030', '-0.00031', '0.00000', '1.00000']
  '000.4000': ['0.320', '1.469', '0.080', '0.12837', '-0.99173', '-0.00001', '0.99173',
    '0.12837', '0.00032', '-0.00032', '-0.00006', '1.00000']
  '000.4667': ['0.325', '1.506', '0.080', '0.13279', '-0.99114', '-0.00007', '0.99114',
    '0.13279', '0.00036', '-0.00035', '-0.00011', '1.00000']
  '000.5333': ['0.331', '1.542', '0.080', '0.13606', '-0.99070', '-0.00012', '0.99070',
    '0.13606', '0.00042', '-0.00040', '-0.00017', '1.00000']
  '000.6000': ['0.336', '1.578', '0.080', '0.13826', '-0.99040', '-0.00016', '0.99040',
    '0.13826', '0.00050', '-0.00047', '-0.00023', '1.00000']
  '000.6667': ['0.342', '1.614', '0.080', '0.13942', '-0.99023', '-0.00021', '0.99023',
    '0.13942', '0.00060', '-0.00057', '-0.00029', '1.00000']
  '000.7333': ['0.346', '1.641', '0.080', '0.14062', '-0.99006', '-0.00021', '0.99006',
    '0.14062', '0.00062', '-0.00058', '-0.00029', '1.00000']
  '000.8000': ['0.349', '1.665', '0.080', '0.14045', '-0.99009', '-0.00017', '0.99009',
    '0.14045', '0.00059', '-0.00056', '-0.00025', '1.00000']
  '000.8667': ['0.354', '1.688', '0.080', '0.13689', '-0.99059', '-0.00019', '0.99059',
    '0.13689', '0.00053', '-0.00050', '-0.00026', '1.00000']
  '000.9333': ['0.358', '1.710', '0.080', '0.13107', '-0.99137', '-0.00020', '0.99137',
    '0.13107', '0.00049', '-0.00046', '-0.00027', '1.00000']
  '001.0000': ['0.362', '1.733', '0.080', '0.12300', '-0.99241', '-0.00022', '0.99241',
    '0.12300', '0.00047', '-0.00044', '-0.00027', '1.00000']
  '001.0667': ['0.366', '1.756', '0.080', '0.11269', '-0.99363', '-0.00023', '0.99363',
    '0.11269', '0.00046', '-0.00043', '-0.00028', '1.00000']
  '001.1333': ['0.370', '1.779', '0.080', '0.10018', '-0.99497', '-0.00024', '0.99497',
    '0.10018', '0.00047', '-0.00045', '-0.00028', '1.00000']
  '001.2000': ['0.374', '1.802', '0.080', '0.08339', '-0.99652', '-0.00025', '0.99652',
    '0.08339', '0.00043', '-0.00041', '-0.00028', '1.00000']
  '001.2667': ['0.377', '1.823', '0.080', '0.06385', '-0.99796', '-0.00025', '0.99796',
    '0.06385', '0.00039', '-0.00037', '-0.00027', '1.00000']
  '001.3333': ['0.377', '1.842', '0.080', '0.04384', '-0.99904', '-0.00023', '0.99904',
    '0.04384', '0.00036', '-0.00035', '-0.00024', '1.00000']
  '001.4000': ['0.376', '1.854', '0.080', '0.02501', '-0.99969', '-0.00018', '0.99969',
    '0.02501', '0.00032', '-0.00032', '-0.00019', '1.00000']
  '001.4667': ['0.371', '1.850', '0.080', '0.01210', '-0.99993', '0.00004', '0.99993',
    '0.01210', '-0.00009', '0.00009', '0.00005', '1.00000']
  '001.5333': ['0.367', '1.873', '0.080', '0.00808', '-0.99997', '-0.00015', '0.99997',
    '0.00808', '-0.00010', '0.00010', '-0.00014', '1.00000']
  '001.6000': ['0.370', '1.880', '0.080', '-0.00126', '-1.00000', '0.00008', '1.00000',
    '-0.00126', '-0.00015', '0.00015', '0.00008', '1.00000']
  '001.6667': ['0.370', '1.897', '0.080', '-0.01203', '-0.99993', '0.00011', '0.99993',
    '-0.01203', '-0.00017', '0.00017', '0.00011', '1.00000']
  '001.7333': ['0.370', '1.917', '0.080', '-0.02202', '-0.99976', '0.00012', '0.99976',
    '-0.02202', '-0.00020', '0.00020', '0.00012', '1.00000']
  '001.8000': ['0.368', '1.940', '0.080', '-0.02976', '-0.99956', '0.00012', '0.99956',
    '-0.02976', '-0.00021', '0.00022', '0.00011', '1.00000']
  '001.8667': ['0.366', '1.963', '0.080', '-0.03441', '-0.99941', '0.00012', '0.99941',
    '-0.03441', '-0.00023', '0.00023', '0.00011', '1.00000']
  '001.9333': ['0.365', '1.988', '0.080', '-0.03600', '-0.99935', '0.00012', '0.99935',
    '-0.03600', '-0.00024', '0.00024', '0.00011', '1.00000']
  '002.0000': ['0.364', '2.017', '0.080', '-0.03643', '-0.99934', '0.00010', '0.99934',
    '-0.03643', '-0.00022', '0.00023', '0.00009', '1.00000']
  '002.0667': ['0.365', '2.057', '0.080', '-0.04084', '-0.99917', '0.00001', '0.99917',
    '-0.04084', '-0.00013', '0.00013', '0.00000', '1.00000']
  '002.1333': ['0.359', '2.093', '0.080', '0.02844', '-0.99960', '-0.00009', '0.99960',
    '0.02844', '-0.00004', '0.00004', '-0.00008', '1.00000']
  '002.2000': ['0.352', '2.129', '0.080', '0.10411', '-0.99457', '-0.00018', '0.99457',
    '0.10411', '0.00005', '-0.00003', '-0.00018', '1.00000']
  '002.2667': ['0.348', '2.165', '0.080', '0.16890', '-0.98563', '-0.00028', '0.98563',
    '0.16890', '0.00013', '-0.00008', '-0.00030', '1.00000']
  '002.3333': ['0.345', '2.202', '0.080', '0.22425', '-0.97453', '-0.00038', '0.97453',
    '0.22425', '0.00021', '-0.00012', '-0.00042', '1.00000']
  '002.4000': ['0.347', '2.224', '0.080', '0.26966', '-0.96295', '-0.00035', '0.96295',
    '0.26966', '0.00019', '-0.00008', '-0.00039', '1.00000']
  '002.4667': ['0.350', '2.231', '0.080', '0.30766', '-0.95150', '-0.00020', '0.95150',
    '0.30766', '0.00003', '0.00003', '-0.00020', '1.00000']
  '002.5333': ['0.354', '2.238', '0.080', '0.33714', '-0.94145', '-0.00004', '0.94145',
    '0.33714', '-0.00011', '0.00012', '-0.00000', '1.00000']
  '002.6000': ['0.359', '2.245', '0.080', '0.35756', '-0.93389', '0.00013', '0.93389',
    '0.35756', '-0.00024', '0.00018', '0.00020', '1.00000']
  '002.6667': ['0.361', '2.265', '0.080', '0.37493', '-0.92705', '0.00016', '0.92705',
    '0.37493', '-0.00024', '0.00017', '0.00024', '1.00000']
  '002.7333': ['0.368', '2.289', '0.080', '0.28119', '-0.95965', '0.00014', '0.95965',
    '0.28119', '-0.00019', '0.00015', '0.00019', '1.00000']
  '002.8000': ['0.377', '2.324', '0.080', '0.14372', '-0.98962', '-0.00001', '0.98962',
    '0.14372', '-0.00001', '0.00001', '-0.00001', '1.00000']
  '002.8667': ['0.382', '2.352', '0.080', '0.02776', '-0.99961', '-0.00003', '0.99961',
    '0.02776', '0.00003', '-0.00003', '-0.00003', '1.00000']
  '002.9333': ['0.383', '2.376', '0.080', '-0.06961', '-0.99757', '-0.00005', '0.99757',
    '-0.06961', '0.00005', '-0.00006', '-0.00005', '1.00000']
  '003.0000': ['0.383', '2.398', '0.080', '-0.15075', '-0.98857', '-0.00005', '0.98857',
    '-0.15075', '0.00006', '-0.00006', '-0.00004', '1.00000']
  '003.0667': ['0.382', '2.412', '0.080', '-0.22250', '-0.97493', '0.00013', '0.97493',
    '-0.22250', '-0.00003', '0.00006', '0.00012', '1.00000']
  '003.1333': ['0.384', '2.437', '0.080', '-0.28461', '-0.95864', '0.00003', '0.95864',
    '-0.28461', '0.00008', '-0.00007', '0.00005', '1.00000']
  '003.2000': ['0.385', '2.463', '0.080', '-0.33511', '-0.94218', '-0.00007', '0.94218',
    '-0.33511', '0.00020', '-0.00021', '0.00000', '1.00000']
  '003.2667': ['0.385', '2.489', '0.080', '-0.37472', '-0.92714', '-0.00016', '0.92714',
    '-0.37472', '0.00033', '-0.00036', '-0.00002', '1.00000']
  '003.3333': ['0.384', '2.515', '0.080', '-0.41057', '-0.91183', '-0.00017', '0.91183',
    '-0.41057', '0.00032', '-0.00036', '-0.00002', '1.00000']
  '003.4000': ['0.384', '2.542', '0.080', '-0.44552', '-0.89527', '-0.00018', '0.89527',
    '-0.44552', '0.00029', '-0.00034', '-0.00003', '1.00000']
  '003.4667': ['0.385', '2.568', '0.080', '-0.48288', '-0.87568', '-0.00020', '0.87568',
    '-0.48288', '0.00026', '-0.00032', '-0.00005', '1.00000']
  '003.5333': ['0.388', '2.594', '0.080', '-0.52663', '-0.85010', '-0.00022', '0.85010',
    '-0.52663', '0.00022', '-0.00030', '-0.00007', '1.00000']
  '003.6000': ['0.389', '2.618', '0.080', '-0.55645', '-0.83088', '-0.00021', '0.83088',
    '-0.55645', '0.00018', '-0.00027', '-0.00007', '1.00000']
  '003.6667': ['0.381', '2.641', '0.080', '-0.54667', '-0.83735', '-0.00021', '0.83735',
    '-0.54667', '0.00016', '-0.00025', '-0.00009', '1.00000']
  '003.7333': ['0.367', '2.662', '0.080', '-0.54667', '-0.83735', '-0.00021', '0.83735',
    '-0.54667', '0.00016', '-0.00025', '-0.00009', '1.00000']
  '003.8000': ['0.354', '2.683', '0.080', '-0.54667', '-0.83735', '-0.00021', '0.83735',
    '-0.54667', '0.00016', '-0.00025', '-0.00009', '1.00000']
  '003.8667': ['0.340', '2.705', '0.080', '-0.54667', '-0.83735', '-0.00021', '0.83735',
    '-0.54667', '0.00016', '-0.00025', '-0.00009', '1.00000']
  '003.9333': ['0.326', '2.726', '0.080', '-0.54667', '-0.83735', '-0.00021', '0.83735',
    '-0.54667', '0.00016', '-0.00025', '-0.00009', '1.00000']
  '004.0000': ['0.312', '2.747', '0.080', '-0.54667', '-0.83735', '-0.00021', '0.83735',
    '-0.54667', '0.00016', '-0.00025', '-0.00009', '1.00000']
  '004.0667': ['0.298', '2.768', '0.080', '-0.54667', '-0.83735', '-0.00021', '0.83735',
    '-0.54667', '0.00016', '-0.00025', '-0.00009', '1.00000']
  '004.1333': ['0.285', '2.789', '0.080', '-0.54667', '-0.83735', '-0.00021', '0.83735',
    '-0.54667', '0.00016', '-0.00025', '-0.00009', '1.00000']
  '004.2000': ['0.271', '2.810', '0.080', '-0.54667', '-0.83735', '-0.00021', '0.83735',
    '-0.54667', '0.00016', '-0.00025', '-0.00009', '1.00000']
  '004.2667': ['0.257', '2.831', '0.080', '-0.54667', '-0.83735', '-0.00021', '0.83735',
    '-0.54667', '0.00016', '-0.00025', '-0.00009', '1.00000']
  '004.3333': ['0.243', '2.852', '0.080', '-0.54667', '-0.83735', '-0.00021', '0.83735',
    '-0.54667', '0.00016', '-0.00025', '-0.00009', '1.00000']
  '004.4000': ['0.229', '2.874', '0.080', '-0.54667', '-0.83735', '-0.00021', '0.83735',
    '-0.54667', '0.00016', '-0.00025', '-0.00009', '1.00000']
  '004.4667': ['0.216', '2.895', '0.080', '-0.54667', '-0.83735', '-0.00021', '0.83735',
    '-0.54667', '0.00016', '-0.00025', '-0.00009', '1.00000']
  '004.5333': ['0.202', '2.916', '0.080', '-0.54667', '-0.83735', '-0.00021', '0.83735',
    '-0.54667', '0.00016', '-0.00025', '-0.00009', '1.00000']
  '004.6000': ['0.188', '2.937', '0.080', '-0.54667', '-0.83735', '-0.00021', '0.83735',
    '-0.54667', '0.00016', '-0.00025', '-0.00009', '1.00000']
  '004.6667': ['0.174', '2.958', '0.080', '-0.54667', '-0.83735', '-0.00021', '0.83735',
    '-0.54667', '0.00016', '-0.00025', '-0.00009', '1.00000']
  '004.7333': ['0.160', '2.979', '0.080', '-0.49638', '-0.86811', '-0.00021', '0.86811',
    '-0.49638', '0.00016', '-0.00025', '-0.00010', '1.00000']
