begin_time_stamp: 1574101355.1999972
data_header:
  time_stamp: [x, y, z, R11, R12, R13, R21, R22, R23, R31, R32, R33]
trajectory_data:
  '000.0000': ['2.439', '2.154', '0.080', '-0.98870', '-0.14988', '-0.00009', '0.14988',
    '-0.98870', '0.00019', '-0.00012', '0.00017', '1.00000']
  '000.0667': ['2.413', '2.170', '0.080', '-0.99846', '-0.05556', '-0.00009', '0.05556',
    '-0.99846', '0.00025', '-0.00010', '0.00025', '1.00000']
  '000.1333': ['2.387', '2.184', '0.080', '-0.99959', '0.02878', '-0.00009', '-0.02878',
    '-0.99959', '0.00032', '-0.00008', '0.00032', '1.00000']
  '000.2000': ['2.375', '2.187', '0.080', '-0.99423', '0.10729', '-0.00014', '-0.10729',
    '-0.99423', '0.00031', '-0.00011', '0.00033', '1.00000']
  '000.2667': ['2.363', '2.189', '0.080', '-0.98424', '0.17682', '-0.00019', '-0.17682',
    '-0.98424', '0.00031', '-0.00013', '0.00034', '1.00000']
  '000.3333': ['2.350', '2.190', '0.080', '-0.97159', '0.23669', '-0.00024', '-0.23669',
    '-0.97159', '0.00031', '-0.00016', '0.00035', '1.00000']
  '000.4000': ['2.329', '2.187', '0.080', '-0.95929', '0.28241', '-0.00025', '-0.28241',
    '-0.95929', '0.00031', '-0.00015', '0.00037', '1.00000']
  '000.4667': ['2.300', '2.177', '0.080', '-0.95308', '0.30273', '-0.00026', '-0.30273',
    '-0.95308', '0.00027', '-0.00017', '0.00033', '1.00000']
  '000.5333': ['2.276', '2.181', '0.080', '-0.94668', '0.32217', '-0.00045', '-0.32217',
    '-0.94668', '0.00040', '-0.00029', '0.00053', '1.00000']
  '000.6000': ['2.244', '2.183', '0.080', '-0.94257', '0.33402', '-0.00053', '-0.33402',
    '-0.94257', '0.00044', '-0.00035', '0.00060', '1.00000']
  '000.6667': ['2.198', '2.185', '0.080', '-0.94103', '0.33833', '-0.00040', '-0.33834',
    '-0.94103', '0.00043', '-0.00023', '0.00054', '1.00000']
  '000.7333': ['2.150', '2.188', '0.080', '-0.93937', '0.34290', '-0.00021', '-0.34290',
    '-0.93937', '0.00043', '-0.00005', '0.00048', '1.00000']
  '000.8000': ['2.116', '2.193', '0.080', '-0.93822', '0.34604', '-0.00019', '-0.34604',
    '-0.93822', '0.00041', '-0.00004', '0.00045', '1.00000']
  '000.8667': ['2.089', '2.199', '0.080', '-0.93621', '0.35143', '-0.00019', '-0.35143',
    '-0.93621', '0.00040', '-0.00004', '0.00044', '1.00000']
  '000.9333': ['2.068', '2.208', '0.080', '-0.93157', '0.36355', '-0.00020', '-0.36355',
    '-0.93157', '0.00038', '-0.00004', '0.00043', '1.00000']
  '001.0000': ['2.055', '2.213', '0.080', '-0.92080', '0.39004', '-0.00018', '-0.39004',
    '-0.92080', '0.00034', '-0.00003', '0.00039', '1.00000']
  '001.0667': ['2.039', '2.213', '0.080', '-0.90645', '0.42231', '-0.00018', '-0.42231',
    '-0.90645', '0.00030', '-0.00004', '0.00035', '1.00000']
  '001.1333': ['2.023', '2.213', '0.080', '-0.88810', '0.45964', '-0.00019', '-0.45964',
    '-0.88810', '0.00025', '-0.00005', '0.00031', '1.00000']
  '001.2000': ['2.007', '2.212', '0.080', '-0.86535', '0.50117', '-0.00020', '-0.50117',
    '-0.86535', '0.00021', '-0.00007', '0.00028', '1.00000']
  '001.2667': ['1.991', '2.209', '0.080', '-0.84720', '0.53128', '-0.00022', '-0.53128',
    '-0.84720', '0.00016', '-0.00011', '0.00025', '1.00000']
  '001.3333': ['1.978', '2.201', '0.080', '-0.87312', '0.48750', '-0.00025', '-0.48750',
    '-0.87312', '0.00011', '-0.00017', '0.00022', '1.00000']
  '001.4000': ['1.963', '2.195', '0.080', '-0.89562', '0.44483', '-0.00029', '-0.44483',
    '-0.89562', '0.00006', '-0.00023', '0.00018', '1.00000']
  '001.4667': ['1.948', '2.190', '0.080', '-0.91469', '0.40415', '-0.00033', '-0.40415',
    '-0.91469', '0.00001', '-0.00030', '0.00014', '1.00000']
  '001.5333': ['1.933', '2.185', '0.080', '-0.93049', '0.36633', '-0.00038', '-0.36633',
    '-0.93049', '-0.00004', '-0.00037', '0.00010', '1.00000']
  '001.6000': ['1.927', '2.185', '0.080', '-0.94393', '0.33016', '-0.00043', '-0.33016',
    '-0.94393', '-0.00008', '-0.00043', '0.00006', '1.00000']
  '001.6667': ['1.919', '2.188', '0.080', '-0.95408', '0.29955', '-0.00045', '-0.29955',
    '-0.95408', '-0.00010', '-0.00046', '0.00004', '1.00000']
  '001.7333': ['1.907', '2.190', '0.080', '-0.96157', '0.27456', '-0.00047', '-0.27456',
    '-0.96157', '-0.00011', '-0.00049', '0.00002', '1.00000']
  '001.8000': ['1.901', '2.191', '0.080', '-0.96719', '0.25407', '-0.00047', '-0.25407',
    '-0.96719', '-0.00011', '-0.00048', '0.00002', '1.00000']
  '001.8667': ['1.896', '2.191', '0.080', '-0.97137', '0.23757', '-0.00045', '-0.23757',
    '-0.97137', '-0.00009', '-0.00046', '0.00001', '1.00000']
  '001.9333': ['1.888', '2.191', '0.080', '-0.97436', '0.22499', '-0.00033', '-0.22499',
    '-0.97436', '-0.00008', '-0.00034', '-0.00001', '1.00000']
  '002.0000': ['1.880', '2.191', '0.080', '-0.97714', '0.21262', '-0.00021', '-0.21262',
    '-0.97714', '-0.00007', '-0.00022', '-0.00002', '1.00000']
  '002.0667': ['1.871', '2.191', '0.080', '-0.97970', '0.20046', '-0.00010', '-0.20046',
    '-0.97970', '-0.00006', '-0.00011', '-0.00004', '1.00000']
  '002.1333': ['1.863', '2.192', '0.080', '-0.98207', '0.18851', '0.00002', '-0.18851',
    '-0.98207', '-0.00005', '0.00001', '-0.00006', '1.00000']
  '002.2000': ['1.855', '2.192', '0.080', '-0.98425', '0.17676', '0.00014', '-0.17676',
    '-0.98425', '-0.00005', '0.00013', '-0.00007', '1.00000']
  '002.2667': ['1.844', '2.191', '0.080', '-0.98573', '0.16835', '0.00016', '-0.16835',
    '-0.98573', '-0.00004', '0.00015', '-0.00006', '1.00000']
  '002.3333': ['1.837', '2.191', '0.080', '-0.98660', '0.16316', '0.00015', '-0.16316',
    '-0.98660', '-0.00003', '0.00014', '-0.00006', '1.00000']
  '002.4000': ['1.829', '2.191', '0.080', '-0.98742', '0.15810', '0.00014', '-0.15810',
    '-0.98742', '-0.00003', '0.00013', '-0.00005', '1.00000']
  '002.4667': ['1.822', '2.191', '0.080', '-0.98820', '0.15318', '0.00012', '-0.15318',
    '-0.98820', '-0.00003', '0.00012', '-0.00005', '1.00000']
  '002.5333': ['1.814', '2.191', '0.080', '-0.98893', '0.14839', '0.00011', '-0.14839',
    '-0.98893', '-0.00003', '0.00011', '-0.00004', '1.00000']
  '002.6000': ['1.807', '2.191', '0.080', '-0.98962', '0.14374', '0.00010', '-0.14374',
    '-0.98962', '-0.00003', '0.00009', '-0.00004', '1.00000']
  '002.6667': ['1.799', '2.191', '0.080', '-0.99026', '0.13920', '0.00009', '-0.13920',
    '-0.99026', '-0.00002', '0.00008', '-0.00003', '1.00000']
  '002.7333': ['1.791', '2.191', '0.080', '-0.99087', '0.13480', '0.00007', '-0.13480',
    '-0.99087', '-0.00002', '0.00007', '-0.00003', '1.00000']
  '002.8000': ['1.784', '2.191', '0.080', '-0.99145', '0.13051', '0.00006', '-0.13051',
    '-0.99145', '-0.00002', '0.00006', '-0.00003', '1.00000']
  '002.8667': ['1.776', '2.191', '0.080', '-0.99199', '0.12634', '0.00005', '-0.12634',
    '-0.99199', '-0.00001', '0.00005', '-0.00002', '1.00000']
  '002.9333': ['1.769', '2.191', '0.080', '-0.99249', '0.12229', '0.00004', '-0.12229',
    '-0.99249', '-0.00001', '0.00004', '-0.00002', '1.00000']
  '003.0000': ['1.766', '2.192', '0.080', '-0.99274', '0.12029', '0.00005', '-0.12029',
    '-0.99274', '-0.00002', '0.00004', '-0.00002', '1.00000']
  '003.0667': ['1.766', '2.192', '0.080', '-0.99274', '0.12029', '0.00005', '-0.12029',
    '-0.99274', '-0.00002', '0.00004', '-0.00002', '1.00000']
