begin_time_stamp: 1574101359.333331
data_header:
  time_stamp: [x, y, z, R11, R12, R13, R21, R22, R23, R31, R32, R33]
trajectory_data:
  '000.0000': ['1.457', '2.224', '0.080', '-0.99874', '0.05012', '-0.00048', '-0.05012',
    '-0.99874', '0.00007', '-0.00047', '0.00010', '1.00000']
  '000.0667': ['1.431', '2.222', '0.080', '-0.99874', '0.05012', '-0.00048', '-0.05012',
    '-0.99874', '0.00007', '-0.00047', '0.00010', '1.00000']
  '000.1333': ['1.406', '2.221', '0.080', '-0.99874', '0.05012', '-0.00048', '-0.05012',
    '-0.99874', '0.00007', '-0.00047', '0.00010', '1.00000']
  '000.2000': ['1.381', '2.220', '0.080', '-0.99874', '0.05012', '-0.00048', '-0.05012',
    '-0.99874', '0.00007', '-0.00047', '0.00010', '1.00000']
  '000.2667': ['1.356', '2.219', '0.080', '-0.99874', '0.05012', '-0.00048', '-0.05012',
    '-0.99874', '0.00007', '-0.00047', '0.00010', '1.00000']
  '000.3333': ['1.331', '2.217', '0.080', '-0.99874', '0.05012', '-0.00048', '-0.05012',
    '-0.99874', '0.00007', '-0.00047', '0.00010', '1.00000']
  '000.4000': ['1.304', '2.216', '0.080', '-0.99888', '0.04741', '-0.00048', '-0.04741',
    '-0.99888', '0.00005', '-0.00048', '0.00007', '1.00000']
  '000.4667': ['1.273', '2.216', '0.080', '-0.99897', '0.04528', '-0.00051', '-0.04528',
    '-0.99897', '0.00001', '-0.00051', '0.00003', '1.00000']
  '000.5333': ['1.228', '2.223', '0.080', '-0.99821', '0.05985', '-0.00067', '-0.05985',
    '-0.99821', '-0.00011', '-0.00068', '-0.00006', '1.00000']
  '000.6000': ['1.205', '2.217', '0.080', '-0.99807', '0.06211', '-0.00055', '-0.06211',
    '-0.99807', '-0.00006', '-0.00056', '-0.00003', '1.00000']
  '000.6667': ['1.175', '2.219', '0.080', '-0.99782', '0.06602', '-0.00060', '-0.06602',
    '-0.99782', '-0.00011', '-0.00060', '-0.00007', '1.00000']
  '000.7333': ['1.145', '2.220', '0.080', '-0.99702', '0.07713', '-0.00067', '-0.07713',
    '-0.99702', '-0.00017', '-0.00068', '-0.00012', '1.00000']
  '000.8000': ['1.116', '2.222', '0.080', '-0.99543', '0.09549', '-0.00078', '-0.09549',
    '-0.99543', '-0.00023', '-0.00080', '-0.00016', '1.00000']
  '000.8667': ['1.086', '2.222', '0.080', '-0.99263', '0.12117', '-0.00091', '-0.12117',
    '-0.99263', '-0.00030', '-0.00094', '-0.00019', '1.00000']
  '000.9333': ['1.069', '2.214', '0.080', '-0.99085', '0.13495', '-0.00078', '-0.13495',
    '-0.99085', '-0.00021', '-0.00080', '-0.00011', '1.00000']
  '001.0000': ['1.051', '2.206', '0.080', '-0.99050', '0.13748', '-0.00066', '-0.13748',
    '-0.99050', '-0.00013', '-0.00067', '-0.00004', '1.00000']
  '001.0667': ['1.034', '2.198', '0.080', '-0.99168', '0.12875', '-0.00056', '-0.12875',
    '-0.99168', '-0.00004', '-0.00056', '0.00003', '1.00000']
  '001.1333': ['1.017', '2.189', '0.080', '-0.99406', '0.10881', '-0.00047', '-0.10881',
    '-0.99406', '0.00004', '-0.00047', '0.00009', '1.00000']
  '001.2000': ['0.999', '2.182', '0.080', '-0.99697', '0.07782', '-0.00041', '-0.07782',
    '-0.99697', '0.00012', '-0.00040', '0.00015', '1.00000']
  '001.2667': ['0.982', '2.175', '0.080', '-0.99935', '0.03608', '-0.00035', '-0.03608',
    '-0.99935', '0.00019', '-0.00035', '0.00020', '1.00000']
  '001.3333': ['0.964', '2.169', '0.080', '-0.99987', '-0.01592', '-0.00031', '0.01592',
    '-0.99987', '0.00027', '-0.00032', '0.00026', '1.00000']
  '001.4000': ['0.941', '2.173', '0.080', '-0.99845', '-0.05568', '-0.00031', '0.05568',
    '-0.99845', '0.00028', '-0.00032', '0.00026', '1.00000']
  '001.4667': ['0.911', '2.185', '0.080', '-0.99761', '-0.06908', '-0.00020', '0.06908',
    '-0.99761', '0.00048', '-0.00024', '0.00046', '1.00000']
  '001.5333': ['0.877', '2.204', '0.080', '-0.99902', '-0.04434', '-0.00051', '0.04434',
    '-0.99902', '0.00019', '-0.00052', '0.00017', '1.00000']
  '001.6000': ['0.854', '2.208', '0.080', '-0.99994', '-0.01066', '-0.00061', '0.01066',
    '-0.99994', '0.00019', '-0.00061', '0.00018', '1.00000']
  '001.6667': ['0.840', '2.196', '0.080', '-0.99999', '0.00358', '-0.00033', '-0.00358',
    '-0.99999', '0.00050', '-0.00033', '0.00050', '1.00000']
  '001.7333': ['0.821', '2.190', '0.080', '-0.99997', '0.00800', '-0.00033', '-0.00800',
    '-0.99997', '0.00047', '-0.00032', '0.00048', '1.00000']
  '001.8000': ['0.802', '2.183', '0.080', '-1.00000', '0.00022', '-0.00051', '-0.00022',
    '-1.00000', '0.00002', '-0.00051', '0.00002', '1.00000']
  '001.8667': ['0.780', '2.180', '0.080', '-0.99992', '-0.01290', '-0.00053', '0.01290',
    '-0.99992', '-0.00006', '-0.00053', '-0.00006', '1.00000']
  '001.9333': ['0.757', '2.180', '0.080', '-0.99961', '-0.02805', '-0.00051', '0.02805',
    '-0.99961', '-0.00007', '-0.00051', '-0.00008', '1.00000']
  '002.0000': ['0.731', '2.182', '0.080', '-0.99915', '-0.04133', '-0.00049', '0.04133',
    '-0.99915', '-0.00006', '-0.00048', '-0.00008', '1.00000']
  '002.0667': ['0.703', '2.186', '0.080', '-0.99880', '-0.04893', '-0.00046', '0.04893',
    '-0.99880', '0.00014', '-0.00046', '0.00011', '1.00000']
  '002.1333': ['0.678', '2.189', '0.080', '-0.99845', '-0.05570', '-0.00046', '0.05570',
    '-0.99845', '0.00014', '-0.00047', '0.00012', '1.00000']
  '002.2000': ['0.653', '2.190', '0.080', '-0.99792', '-0.06445', '-0.00049', '0.06445',
    '-0.99792', '0.00011', '-0.00050', '0.00008', '1.00000']
  '002.2667': ['0.630', '2.189', '0.080', '-0.99663', '-0.08207', '-0.00060', '0.08207',
    '-0.99663', '-0.00011', '-0.00059', '-0.00016', '1.00000']
  '002.3333': ['0.604', '2.192', '0.080', '-0.99501', '-0.09976', '-0.00066', '0.09976',
    '-0.99501', '-0.00018', '-0.00063', '-0.00025', '1.00000']
  '002.4000': ['0.584', '2.195', '0.080', '-0.99319', '-0.11650', '-0.00060', '0.11650',
    '-0.99319', '-0.00009', '-0.00058', '-0.00016', '1.00000']
  '002.4667': ['0.563', '2.199', '0.080', '-0.99144', '-0.13055', '-0.00056', '0.13055',
    '-0.99144', '0.00000', '-0.00056', '-0.00007', '1.00000']
  '002.5333': ['0.543', '2.203', '0.080', '-0.98989', '-0.14181', '-0.00054', '0.14181',
    '-0.98989', '0.00010', '-0.00055', '0.00002', '1.00000']
  '002.6000': ['0.522', '2.208', '0.080', '-0.98865', '-0.15022', '-0.00054', '0.15022',
    '-0.98865', '0.00020', '-0.00056', '0.00011', '1.00000']
  '002.6667': ['0.501', '2.212', '0.080', '-0.98780', '-0.15574', '-0.00055', '0.15574',
    '-0.98780', '0.00030', '-0.00059', '0.00021', '1.00000']
  '002.7333': ['0.477', '2.216', '0.080', '-0.98780', '-0.15574', '-0.00055', '0.15574',
    '-0.98780', '0.00030', '-0.00059', '0.00021', '1.00000']
  '002.8667': ['0.492', '2.204', '0.080', '-0.70896', '-0.70525', '-0.00037', '0.70525',
    '-0.70896', '-0.00023', '-0.00010', '-0.00042', '1.00000']
  '002.9333': ['0.492', '2.205', '0.080', '-0.69751', '-0.71657', '-0.00038', '0.71657',
    '-0.69751', '-0.00024', '-0.00010', '-0.00044', '1.00000']
  '003.0000': ['0.504', '2.186', '0.080', '-0.71766', '-0.69640', '0.00008', '0.69640',
    '-0.71766', '-0.00022', '0.00021', '-0.00010', '1.00000']
  '003.0667': ['0.499', '2.191', '0.080', '-0.71417', '-0.69997', '0.00007', '0.69997',
    '-0.71417', '-0.00023', '0.00021', '-0.00012', '1.00000']
  '003.1333': ['0.491', '2.199', '0.080', '-0.72199', '-0.69191', '0.00004', '0.69191',
    '-0.72199', '-0.00025', '0.00021', '-0.00015', '1.00000']
