begin_time_stamp: 1573489024.9999967
data_header:
  time_stamp: [x, y, z, R11, R12, R13, R21, R22, R23, R31, R32, R33]
trajectory_data:
  '000.0000': ['0.685', '-0.517', '0.083', '-0.97907', '0.20331', '-0.00901', '-0.20316',
    '-0.97902', '-0.01545', '-0.01196', '-0.01330', '0.99984']
  '000.0667': ['0.685', '-0.517', '0.083', '-0.97908', '0.20328', '-0.00901', '-0.20312',
    '-0.97903', '-0.01545', '-0.01196', '-0.01330', '0.99984']
  '000.1333': ['0.685', '-0.517', '0.083', '-0.97909', '0.20321', '-0.00901', '-0.20305',
    '-0.97905', '-0.01545', '-0.01196', '-0.01330', '0.99984']
  '000.2000': ['0.685', '-0.517', '0.083', '-0.97912', '0.20310', '-0.00901', '-0.20295',
    '-0.97907', '-0.01545', '-0.01196', '-0.01330', '0.99984']
  '000.2667': ['0.684', '-0.517', '0.083', '-0.97915', '0.20296', '-0.00902', '-0.20281',
    '-0.97910', '-0.01545', '-0.01196', '-0.01330', '0.99984']
  '000.3333': ['0.659', '-0.522', '0.083', '-0.97918', '0.20277', '-0.00902', '-0.20262',
    '-0.97914', '-0.01545', '-0.01196', '-0.01330', '0.99984']
  '000.4000': ['0.634', '-0.527', '0.083', '-0.97923', '0.20254', '-0.00902', '-0.20239',
    '-0.97918', '-0.01545', '-0.01196', '-0.01331', '0.99984']
  '000.4667': ['0.610', '-0.532', '0.082', '-0.97929', '0.20226', '-0.00902', '-0.20211',
    '-0.97924', '-0.01545', '-0.01196', '-0.01331', '0.99984']
  '000.5333': ['0.603', '-0.534', '0.082', '-0.97936', '0.20194', '-0.00903', '-0.20178',
    '-0.97931', '-0.01545', '-0.01196', '-0.01331', '0.99984']
  '000.6000': ['0.603', '-0.534', '0.082', '-0.97943', '0.20158', '-0.00903', '-0.20143',
    '-0.97938', '-0.01545', '-0.01196', '-0.01332', '0.99984']
  '000.6667': ['0.603', '-0.534', '0.082', '-0.97951', '0.20119', '-0.00904', '-0.20103',
    '-0.97946', '-0.01545', '-0.01196', '-0.01332', '0.99984']
  '000.7333': ['0.603', '-0.534', '0.082', '-0.97960', '0.20076', '-0.00904', '-0.20061',
    '-0.97955', '-0.01545', '-0.01196', '-0.01332', '0.99984']
  '000.8000': ['0.603', '-0.534', '0.082', '-0.97969', '0.20030', '-0.00905', '-0.20015',
    '-0.97964', '-0.01545', '-0.01196', '-0.01333', '0.99984']
  '000.8667': ['0.602', '-0.534', '0.082', '-0.97979', '0.19981', '-0.00905', '-0.19966',
    '-0.97974', '-0.01545', '-0.01196', '-0.01333', '0.99984']
  '000.9333': ['0.602', '-0.534', '0.082', '-0.97990', '0.19928', '-0.00906', '-0.19913',
    '-0.97985', '-0.01545', '-0.01195', '-0.01334', '0.99984']
  '001.0000': ['0.602', '-0.534', '0.082', '-0.98001', '0.19873', '-0.00906', '-0.19857',
    '-0.97996', '-0.01545', '-0.01195', '-0.01335', '0.99984']
  '001.0667': ['0.602', '-0.534', '0.082', '-0.98013', '0.19813', '-0.00907', '-0.19798',
    '-0.98008', '-0.01545', '-0.01195', '-0.01335', '0.99984']
  '001.1333': ['0.602', '-0.534', '0.082', '-0.98026', '0.19751', '-0.00908', '-0.19736',
    '-0.98021', '-0.01545', '-0.01195', '-0.01336', '0.99984']
  '001.2000': ['0.601', '-0.534', '0.082', '-0.98039', '0.19685', '-0.00908', '-0.19670',
    '-0.98034', '-0.01545', '-0.01195', '-0.01336', '0.99984']
  '001.2667': ['0.576', '-0.539', '0.082', '-0.98054', '0.19612', '-0.00909', '-0.19597',
    '-0.98049', '-0.01545', '-0.01194', '-0.01337', '0.99984']
  '001.3333': ['0.551', '-0.544', '0.082', '-0.98070', '0.19532', '-0.00910', '-0.19517',
    '-0.98065', '-0.01545', '-0.01194', '-0.01338', '0.99984']
  '001.4000': ['0.526', '-0.549', '0.081', '-0.98087', '0.19444', '-0.00911', '-0.19429',
    '-0.98082', '-0.01545', '-0.01194', '-0.01339', '0.99984']
  '001.4667': ['0.502', '-0.554', '0.081', '-0.98106', '0.19350', '-0.00913', '-0.19334',
    '-0.98101', '-0.01545', '-0.01194', '-0.01340', '0.99984']
  '001.5333': ['0.477', '-0.559', '0.081', '-0.98126', '0.19247', '-0.00914', '-0.19232',
    '-0.98121', '-0.01546', '-0.01194', '-0.01341', '0.99984']
  '001.6000': ['0.452', '-0.564', '0.080', '-0.98148', '0.19137', '-0.00916', '-0.19121',
    '-0.98143', '-0.01546', '-0.01194', '-0.01342', '0.99984']
  '001.6667': ['0.427', '-0.569', '0.080', '-0.98170', '0.19019', '-0.00918', '-0.19003',
    '-0.98166', '-0.01546', '-0.01195', '-0.01343', '0.99984']
  '001.7333': ['0.417', '-0.571', '0.080', '-0.98194', '0.18896', '-0.00919', '-0.18880',
    '-0.98189', '-0.01546', '-0.01195', '-0.01344', '0.99984']
  '001.8000': ['0.417', '-0.571', '0.080', '-0.98218', '0.18770', '-0.00921', '-0.18754',
    '-0.98213', '-0.01546', '-0.01195', '-0.01346', '0.99984']
  '001.8667': ['0.417', '-0.571', '0.080', '-0.98243', '0.18641', '-0.00923', '-0.18626',
    '-0.98238', '-0.01546', '-0.01195', '-0.01347', '0.99984']
  '001.9333': ['0.417', '-0.571', '0.080', '-0.98268', '0.18510', '-0.00925', '-0.18494',
    '-0.98263', '-0.01546', '-0.01196', '-0.01348', '0.99984']
  '002.0000': ['0.417', '-0.571', '0.080', '-0.98293', '0.18375', '-0.00927', '-0.18360',
    '-0.98288', '-0.01546', '-0.01196', '-0.01350', '0.99984']
  '002.0667': ['0.417', '-0.571', '0.080', '-0.98318', '0.18238', '-0.00930', '-0.18223',
    '-0.98313', '-0.01546', '-0.01196', '-0.01351', '0.99984']
  '002.1333': ['0.417', '-0.571', '0.080', '-0.98344', '0.18098', '-0.00932', '-0.18083',
    '-0.98339', '-0.01547', '-0.01196', '-0.01352', '0.99984']
  '002.2000': ['0.417', '-0.571', '0.080', '-0.98370', '0.17956', '-0.00934', '-0.17941',
    '-0.98365', '-0.01547', '-0.01196', '-0.01354', '0.99984']
  '002.2667': ['0.417', '-0.571', '0.080', '-0.98397', '0.17811', '-0.00936', '-0.17796',
    '-0.98392', '-0.01547', '-0.01196', '-0.01355', '0.99984']
  '002.3333': ['0.417', '-0.571', '0.080', '-0.98423', '0.17664', '-0.00938', '-0.17648',
    '-0.98418', '-0.01547', '-0.01197', '-0.01357', '0.99984']
  '002.4000': ['0.417', '-0.571', '0.080', '-0.98450', '0.17514', '-0.00940', '-0.17499',
    '-0.98445', '-0.01547', '-0.01197', '-0.01358', '0.99984']
  '002.4667': ['0.417', '-0.571', '0.080', '-0.98477', '0.17362', '-0.00943', '-0.17346',
    '-0.98472', '-0.01547', '-0.01197', '-0.01360', '0.99984']
  '002.5333': ['0.417', '-0.571', '0.080', '-0.98504', '0.17208', '-0.00945', '-0.17192',
    '-0.98499', '-0.01547', '-0.01197', '-0.01361', '0.99984']
  '002.6000': ['0.416', '-0.571', '0.080', '-0.98531', '0.17051', '-0.00947', '-0.17035',
    '-0.98526', '-0.01547', '-0.01197', '-0.01363', '0.99984']
  '002.6667': ['0.416', '-0.571', '0.080', '-0.98558', '0.16892', '-0.00949', '-0.16876',
    '-0.98554', '-0.01547', '-0.01197', '-0.01364', '0.99984']
  '002.7333': ['0.416', '-0.571', '0.080', '-0.98586', '0.16731', '-0.00952', '-0.16715',
    '-0.98581', '-0.01547', '-0.01197', '-0.01366', '0.99984']
  '002.8000': ['0.416', '-0.571', '0.080', '-0.98613', '0.16567', '-0.00954', '-0.16552',
    '-0.98609', '-0.01547', '-0.01197', '-0.01367', '0.99983']
  '002.8667': ['0.416', '-0.571', '0.080', '-0.98641', '0.16402', '-0.00957', '-0.16386',
    '-0.98636', '-0.01546', '-0.01197', '-0.01369', '0.99983']
  '002.9333': ['0.416', '-0.571', '0.080', '-0.98669', '0.16235', '-0.00959', '-0.16219',
    '-0.98664', '-0.01546', '-0.01197', '-0.01370', '0.99983']
  '003.0000': ['0.416', '-0.571', '0.080', '-0.98696', '0.16066', '-0.00962', '-0.16050',
    '-0.98691', '-0.01546', '-0.01197', '-0.01372', '0.99983']
  '003.0667': ['0.416', '-0.571', '0.080', '-0.98724', '0.15895', '-0.00964', '-0.15879',
    '-0.98719', '-0.01546', '-0.01197', '-0.01373', '0.99983']
  '003.1333': ['0.416', '-0.572', '0.080', '-0.98752', '0.15722', '-0.00966', '-0.15706',
    '-0.98747', '-0.01546', '-0.01197', '-0.01375', '0.99983']
  '003.2000': ['0.416', '-0.572', '0.080', '-0.98779', '0.15548', '-0.00969', '-0.15532',
    '-0.98774', '-0.01546', '-0.01197', '-0.01376', '0.99983']
  '003.2667': ['0.416', '-0.572', '0.080', '-0.98807', '0.15372', '-0.00972', '-0.15356',
    '-0.98802', '-0.01546', '-0.01197', '-0.01378', '0.99983']
  '003.3333': ['0.416', '-0.572', '0.080', '-0.98834', '0.15194', '-0.00974', '-0.15178',
    '-0.98829', '-0.01545', '-0.01198', '-0.01379', '0.99983']
  '003.4000': ['0.417', '-0.571', '0.080', '-0.98527', '0.17102', '-0.00166', '-0.17101',
    '-0.98526', '-0.00272', '-0.00211', '-0.00240', '0.99999']
  '003.4667': ['0.420', '-0.570', '0.080', '-0.98169', '0.19047', '-0.00031', '-0.19047',
    '-0.98169', '-0.00053', '-0.00040', '-0.00046', '1.00000']
  '003.5333': ['0.421', '-0.570', '0.080', '-0.97756', '0.21065', '-0.00008', '-0.21065',
    '-0.97756', '-0.00015', '-0.00011', '-0.00013', '1.00000']
  '003.6000': ['0.412', '-0.572', '0.080', '-0.97267', '0.23221', '-0.00003', '-0.23221',
    '-0.97267', '-0.00007', '-0.00004', '-0.00006', '1.00000']
  '003.6667': ['0.401', '-0.573', '0.080', '-0.96634', '0.25727', '-0.00002', '-0.25727',
    '-0.96634', '-0.00006', '-0.00003', '-0.00006', '1.00000']
  '003.7333': ['0.386', '-0.575', '0.080', '-0.95779', '0.28747', '-0.00002', '-0.28747',
    '-0.95779', '-0.00007', '-0.00004', '-0.00006', '1.00000']
  '003.8000': ['0.367', '-0.577', '0.080', '-0.94547', '0.32572', '-0.00001', '-0.32572',
    '-0.94547', '-0.00008', '-0.00004', '-0.00007', '1.00000']
  '003.8667': ['0.347', '-0.579', '0.080', '-0.92707', '0.37490', '-0.00000', '-0.37490',
    '-0.92707', '-0.00008', '-0.00003', '-0.00007', '1.00000']
  '003.9333': ['0.324', '-0.582', '0.080', '-0.89908', '0.43779', '0.00001', '-0.43779',
    '-0.89908', '-0.00008', '-0.00003', '-0.00008', '1.00000']
  '004.0000': ['0.300', '-0.584', '0.080', '-0.85622', '0.51660', '0.00003', '-0.51660',
    '-0.85622', '-0.00008', '-0.00001', '-0.00008', '1.00000']
  '004.0667': ['0.276', '-0.588', '0.080', '-0.79101', '0.61181', '0.00003', '-0.61181',
    '-0.79101', '-0.00008', '-0.00002', '-0.00008', '1.00000']
  '004.1333': ['0.250', '-0.593', '0.080', '-0.69285', '0.72108', '0.00003', '-0.72108',
    '-0.69285', '-0.00010', '-0.00005', '-0.00009', '1.00000']
  '004.2000': ['0.224', '-0.600', '0.080', '-0.54894', '0.83586', '0.00002', '-0.83586',
    '-0.54894', '-0.00012', '-0.00009', '-0.00008', '1.00000']
  '004.2667': ['0.203', '-0.606', '0.080', '-0.35718', '0.93404', '0.00001', '-0.93404',
    '-0.35718', '-0.00011', '-0.00010', '-0.00005', '1.00000']
  '004.3333': ['0.188', '-0.605', '0.080', '-0.13286', '0.99114', '0.00003', '-0.99114',
    '-0.13286', '-0.00016', '-0.00015', '-0.00005', '1.00000']
  '004.4000': ['0.178', '-0.604', '0.080', '0.11577', '0.99328', '0.00006', '-0.99328',
    '0.11577', '-0.00012', '-0.00013', '-0.00005', '1.00000']
  '004.4667': ['0.172', '-0.604', '0.080', '0.37412', '0.92738', '0.00009', '-0.92738',
    '0.37412', '-0.00008', '-0.00011', '-0.00005', '1.00000']
  '004.5333': ['0.170', '-0.604', '0.080', '0.62029', '0.78437', '0.00008', '-0.78437',
    '0.62029', '-0.00005', '-0.00009', '-0.00003', '1.00000']
  '004.6000': ['0.169', '-0.604', '0.080', '0.82582', '0.56394', '0.00007', '-0.56394',
    '0.82582', '-0.00003', '-0.00007', '-0.00001', '1.00000']
  '004.6667': ['0.169', '-0.604', '0.080', '0.96031', '0.27895', '0.00004', '-0.27895',
    '0.96031', '-0.00001', '-0.00005', '-0.00000', '1.00000']
  '004.7333': ['0.168', '-0.604', '0.080', '0.99907', '-0.04312', '0.00002', '0.04312',
    '0.99907', '-0.00000', '-0.00002', '0.00000', '1.00000']
  '004.8000': ['0.168', '-0.604', '0.080', '0.93890', '-0.34419', '-0.00001', '0.34419',
    '0.93890', '-0.00000', '0.00001', '-0.00000', '1.00000']
  '004.8667': ['0.168', '-0.604', '0.080', '0.83576', '-0.54910', '-0.00003', '0.54910',
    '0.83576', '-0.00001', '0.00003', '-0.00001', '1.00000']
  '004.9333': ['0.168', '-0.605', '0.080', '0.61987', '-0.78471', '-0.00006', '0.78471',
    '0.61987', '-0.00003', '0.00006', '-0.00003', '1.00000']
  '005.0000': ['0.168', '-0.606', '0.080', '0.35255', '-0.93579', '-0.00008', '0.93579',
    '0.35255', '-0.00005', '0.00007', '-0.00006', '1.00000']
  '005.0667': ['0.168', '-0.607', '0.080', '0.06816', '-0.99767', '-0.00009', '0.99767',
    '0.06816', '-0.00008', '0.00008', '-0.00009', '1.00000']
  '005.1333': ['0.170', '-0.611', '0.080', '-0.20429', '-0.97891', '-0.00010', '0.97891',
    '-0.20429', '-0.00009', '0.00007', '-0.00011', '1.00000']
  '005.2000': ['0.171', '-0.614', '0.080', '-0.44533', '-0.89537', '-0.00009', '0.89537',
    '-0.44533', '-0.00011', '0.00006', '-0.00013', '1.00000']
  '005.2667': ['0.166', '-0.611', '0.080', '-0.64058', '-0.76789', '-0.00004', '0.76789',
    '-0.64058', '-0.00011', '0.00006', '-0.00010', '1.00000']
  '005.3333': ['0.158', '-0.615', '0.080', '-0.78212', '-0.62313', '-0.00001', '0.62313',
    '-0.78212', '0.00003', '-0.00003', '0.00002', '1.00000']
  '005.4000': ['0.145', '-0.617', '0.080', '-0.87706', '-0.48039', '-0.00002', '0.48039',
    '-0.87706', '-0.00002', '-0.00001', '-0.00003', '1.00000']
  '005.4667': ['0.126', '-0.618', '0.080', '-0.93627', '-0.35129', '-0.00004', '0.35129',
    '-0.93627', '-0.00009', '-0.00001', '-0.00010', '1.00000']
  '005.5333': ['0.106', '-0.619', '0.080', '-0.97087', '-0.23959', '-0.00007', '0.23959',
    '-0.97087', '-0.00012', '-0.00004', '-0.00014', '1.00000']
  '005.6000': ['0.084', '-0.620', '0.080', '-0.98960', '-0.14387', '-0.00008', '0.14387',
    '-0.98960', '-0.00017', '-0.00005', '-0.00018', '1.00000']
  '005.6667': ['0.061', '-0.621', '0.080', '-0.99811', '-0.06148', '-0.00009', '0.06148',
    '-0.99811', '-0.00021', '-0.00008', '-0.00021', '1.00000']
  '005.7333': ['0.038', '-0.623', '0.080', '-0.99995', '0.01018', '-0.00009', '-0.01018',
    '-0.99995', '-0.00021', '-0.00009', '-0.00021', '1.00000']
  '005.8000': ['0.014', '-0.625', '0.080', '-0.99719', '0.07492', '-0.00010', '-0.07492',
    '-0.99719', '-0.00023', '-0.00012', '-0.00023', '1.00000']
  '005.8667': ['-0.011', '-0.628', '0.080', '-0.99672', '0.08097', '-0.00011', '-0.08097',
    '-0.99672', '-0.00023', '-0.00012', '-0.00022', '1.00000']
  '005.9333': ['-0.035', '-0.631', '0.080', '-0.99942', '0.03420', '-0.00013', '-0.03420',
    '-0.99942', '-0.00025', '-0.00014', '-0.00024', '1.00000']
  '006.0000': ['-0.060', '-0.634', '0.080', '-0.99982', '-0.01875', '-0.00014', '0.01875',
    '-0.99982', '-0.00025', '-0.00013', '-0.00026', '1.00000']
  '006.0667': ['-0.086', '-0.637', '0.080', '-0.99834', '-0.05763', '-0.00011', '0.05763',
    '-0.99834', '-0.00024', '-0.00009', '-0.00024', '1.00000']
  '006.1333': ['-0.112', '-0.639', '0.080', '-0.99961', '-0.02776', '-0.00013', '0.02776',
    '-0.99961', '-0.00025', '-0.00012', '-0.00026', '1.00000']
  '006.2000': ['-0.137', '-0.643', '0.080', '-0.99996', '-0.00873', '-0.00013', '0.00873',
    '-0.99996', '-0.00024', '-0.00012', '-0.00024', '1.00000']
  '006.2667': ['-0.164', '-0.646', '0.080', '-0.99999', '0.00322', '-0.00015', '-0.00322',
    '-0.99999', '-0.00025', '-0.00015', '-0.00025', '1.00000']
  '006.3333': ['-0.191', '-0.649', '0.080', '-0.99996', '0.00942', '-0.00016', '-0.00942',
    '-0.99996', '-0.00024', '-0.00017', '-0.00024', '1.00000']
  '006.4000': ['-0.208', '-0.652', '0.080', '-0.99989', '0.01512', '-0.00020', '-0.01512',
    '-0.99989', '-0.00025', '-0.00020', '-0.00025', '1.00000']
  '006.4667': ['-0.223', '-0.653', '0.080', '-0.99979', '0.02068', '-0.00019', '-0.02068',
    '-0.99979', '-0.00027', '-0.00019', '-0.00026', '1.00000']
  '006.5333': ['-0.229', '-0.654', '0.080', '-0.99965', '0.02637', '-0.00018', '-0.02637',
    '-0.99965', '-0.00027', '-0.00019', '-0.00027', '1.00000']
  '006.6000': ['-0.229', '-0.654', '0.080', '-0.99948', '0.03231', '-0.00017', '-0.03231',
    '-0.99948', '-0.00027', '-0.00018', '-0.00027', '1.00000']
  '006.6667': ['-0.230', '-0.654', '0.080', '-0.99926', '0.03857', '-0.00016', '-0.03857',
    '-0.99926', '-0.00027', '-0.00017', '-0.00027', '1.00000']
  '006.7333': ['-0.237', '-0.654', '0.080', '-0.99899', '0.04491', '-0.00016', '-0.04491',
    '-0.99899', '-0.00027', '-0.00017', '-0.00027', '1.00000']
  '006.8000': ['-0.246', '-0.656', '0.080', '-0.99874', '0.05013', '-0.00016', '-0.05013',
    '-0.99874', '-0.00027', '-0.00018', '-0.00026', '1.00000']
  '006.8667': ['-0.261', '-0.658', '0.080', '-0.99858', '0.05329', '-0.00018', '-0.05329',
    '-0.99858', '-0.00027', '-0.00019', '-0.00026', '1.00000']
  '006.9333': ['-0.279', '-0.661', '0.080', '-0.99856', '0.05363', '-0.00018', '-0.05362',
    '-0.99856', '-0.00025', '-0.00019', '-0.00024', '1.00000']
  '007.0000': ['-0.302', '-0.665', '0.080', '-0.99868', '0.05127', '-0.00018', '-0.05127',
    '-0.99868', '-0.00024', '-0.00019', '-0.00023', '1.00000']
  '007.0667': ['-0.320', '-0.667', '0.080', '-0.99881', '0.04877', '-0.00020', '-0.04877',
    '-0.99881', '-0.00025', '-0.00021', '-0.00024', '1.00000']
  '007.1333': ['-0.332', '-0.668', '0.080', '-0.99889', '0.04703', '-0.00021', '-0.04703',
    '-0.99889', '-0.00026', '-0.00023', '-0.00024', '1.00000']
  '007.2000': ['-0.335', '-0.668', '0.080', '-0.99894', '0.04608', '-0.00020', '-0.04608',
    '-0.99894', '-0.00027', '-0.00021', '-0.00026', '1.00000']
  '007.2667': ['-0.340', '-0.668', '0.080', '-0.99896', '0.04561', '-0.00019', '-0.04561',
    '-0.99896', '-0.00026', '-0.00020', '-0.00025', '1.00000']
  '007.3333': ['-0.347', '-0.669', '0.080', '-0.99898', '0.04517', '-0.00018', '-0.04517',
    '-0.99898', '-0.00026', '-0.00020', '-0.00025', '1.00000']
  '007.4000': ['-0.355', '-0.671', '0.080', '-0.99911', '0.04221', '-0.00018', '-0.04221',
    '-0.99911', '-0.00026', '-0.00019', '-0.00025', '1.00000']
  '007.4667': ['-0.367', '-0.674', '0.080', '-0.99504', '0.09944', '-0.00015', '-0.09944',
    '-0.99504', '-0.00027', '-0.00018', '-0.00025', '1.00000']
  '007.5333': ['-0.379', '-0.683', '0.080', '-0.98310', '0.18305', '0.00005', '-0.18305',
    '-0.98310', '-0.00038', '-0.00002', '-0.00038', '1.00000']
  '007.6000': ['-0.394', '-0.690', '0.080', '-0.96650', '0.25666', '0.00009', '-0.25666',
    '-0.96650', '-0.00041', '-0.00001', '-0.00042', '1.00000']
  '007.6667': ['-0.416', '-0.698', '0.080', '-0.96249', '0.27131', '0.00009', '-0.27131',
    '-0.96249', '-0.00042', '-0.00003', '-0.00043', '1.00000']
  '007.7333': ['-0.436', '-0.703', '0.080', '-0.97098', '0.23915', '0.00007', '-0.23915',
    '-0.97098', '-0.00042', '-0.00003', '-0.00042', '1.00000']
  '007.8000': ['-0.460', '-0.707', '0.080', '-0.97762', '0.21038', '0.00005', '-0.21038',
    '-0.97762', '-0.00042', '-0.00004', '-0.00042', '1.00000']
  '007.8667': ['-0.484', '-0.709', '0.080', '-0.98259', '0.18578', '0.00003', '-0.18578',
    '-0.98259', '-0.00042', '-0.00005', '-0.00042', '1.00000']
  '007.9333': ['-0.501', '-0.707', '0.080', '-0.98674', '0.16233', '0.00002', '-0.16233',
    '-0.98674', '-0.00043', '-0.00005', '-0.00043', '1.00000']
  '008.0000': ['-0.516', '-0.704', '0.080', '-0.99013', '0.14018', '0.00001', '-0.14018',
    '-0.99013', '-0.00046', '-0.00006', '-0.00045', '1.00000']
  '008.0667': ['-0.526', '-0.700', '0.080', '-0.99294', '0.11864', '-0.00000', '-0.11864',
    '-0.99294', '-0.00050', '-0.00006', '-0.00049', '1.00000']
  '008.1333': ['-0.525', '-0.698', '0.080', '-0.99528', '0.09702', '-0.00001', '-0.09702',
    '-0.99528', '-0.00050', '-0.00006', '-0.00050', '1.00000']
  '008.2000': ['-0.533', '-0.698', '0.080', '-0.99706', '0.07664', '-0.00002', '-0.07664',
    '-0.99706', '-0.00051', '-0.00005', '-0.00051', '1.00000']
  '008.2667': ['-0.539', '-0.697', '0.080', '-0.99836', '0.05717', '-0.00002', '-0.05717',
    '-0.99836', '-0.00051', '-0.00005', '-0.00051', '1.00000']
  '008.3333': ['-0.545', '-0.698', '0.080', '-0.99928', '0.03792', '-0.00002', '-0.03792',
    '-0.99928', '-0.00050', '-0.00004', '-0.00050', '1.00000']
  '008.4000': ['-0.555', '-0.697', '0.080', '-0.99980', '0.01976', '-0.00003', '-0.01976',
    '-0.99980', '-0.00049', '-0.00004', '-0.00049', '1.00000']
  '008.4667': ['-0.572', '-0.697', '0.080', '-0.99999', '0.00390', '-0.00003', '-0.00390',
    '-0.99999', '-0.00048', '-0.00003', '-0.00048', '1.00000']
  '008.5333': ['-0.590', '-0.695', '0.080', '-0.99996', '-0.00875', '-0.00004', '0.00875',
    '-0.99996', '-0.00048', '-0.00003', '-0.00048', '1.00000']
  '008.6000': ['-0.609', '-0.693', '0.080', '-0.99984', '-0.01798', '-0.00004', '0.01798',
    '-0.99984', '-0.00047', '-0.00003', '-0.00047', '1.00000']
  '008.6667': ['-0.635', '-0.691', '0.080', '-0.99971', '-0.02419', '-0.00004', '0.02419',
    '-0.99971', '-0.00041', '-0.00003', '-0.00041', '1.00000']
  '008.7333': ['-0.660', '-0.690', '0.080', '-0.99957', '-0.02921', '-0.00003', '0.02921',
    '-0.99957', '-0.00037', '-0.00002', '-0.00037', '1.00000']
  '008.8000': ['-0.686', '-0.689', '0.080', '-0.99945', '-0.03327', '-0.00003', '0.03327',
    '-0.99945', '-0.00031', '-0.00002', '-0.00032', '1.00000']
  '008.8667': ['-0.706', '-0.690', '0.080', '-0.99914', '-0.04138', '0.00004', '0.04138',
    '-0.99914', '0.00024', '0.00003', '0.00025', '1.00000']
  '008.9333': ['-0.726', '-0.681', '0.080', '-0.99857', '-0.05347', '-0.00004', '0.05347',
    '-0.99857', '-0.00032', '-0.00002', '-0.00032', '1.00000']
  '009.0000': ['-0.752', '-0.675', '0.080', '-0.99846', '-0.05544', '-0.00005', '0.05544',
    '-0.99846', '-0.00039', '-0.00003', '-0.00039', '1.00000']
  '009.0667': ['-0.770', '-0.670', '0.080', '-0.99861', '-0.05266', '-0.00005', '0.05266',
    '-0.99861', '-0.00043', '-0.00003', '-0.00043', '1.00000']
  '009.1333': ['-0.780', '-0.667', '0.080', '-0.99878', '-0.04935', '-0.00005', '0.04935',
    '-0.99878', '-0.00043', '-0.00003', '-0.00043', '1.00000']
  '009.2000': ['-0.790', '-0.665', '0.080', '-0.99957', '0.02933', '-0.00004', '-0.02933',
    '-0.99957', '-0.00042', '-0.00005', '-0.00041', '1.00000']
  '009.2667': ['-0.793', '-0.664', '0.080', '-0.99528', '0.09706', '-0.00003', '-0.09706',
    '-0.99528', '-0.00042', '-0.00007', '-0.00041', '1.00000']
  '009.3333': ['-0.793', '-0.665', '0.080', '-0.99488', '0.10105', '-0.00004', '-0.10105',
    '-0.99488', '-0.00041', '-0.00008', '-0.00041', '1.00000']
  '009.4000': ['-0.792', '-0.665', '0.080', '-0.99446', '0.10514', '-0.00005', '-0.10514',
    '-0.99446', '-0.00041', '-0.00009', '-0.00040', '1.00000']
  '009.4667': ['-0.789', '-0.665', '0.080', '-0.99400', '0.10938', '-0.00005', '-0.10938',
    '-0.99400', '-0.00041', '-0.00009', '-0.00041', '1.00000']
  '009.5333': ['-0.795', '-0.665', '0.080', '-0.99347', '0.11408', '-0.00004', '-0.11408',
    '-0.99347', '-0.00041', '-0.00009', '-0.00040', '1.00000']
  '009.6000': ['-0.801', '-0.664', '0.080', '-0.99247', '0.12249', '-0.00004', '-0.12249',
    '-0.99247', '-0.00043', '-0.00010', '-0.00042', '1.00000']
  '009.6667': ['-0.813', '-0.660', '0.080', '-0.99005', '0.14073', '-0.00004', '-0.14073',
    '-0.99005', '-0.00043', '-0.00010', '-0.00042', '1.00000']
  '009.7333': ['-0.827', '-0.655', '0.080', '-0.98516', '0.17165', '-0.00003', '-0.17165',
    '-0.98516', '-0.00043', '-0.00010', '-0.00042', '1.00000']
  '009.8000': ['-0.844', '-0.650', '0.080', '-0.97623', '0.21675', '-0.00002', '-0.21675',
    '-0.97623', '-0.00041', '-0.00011', '-0.00040', '1.00000']
  '009.8667': ['-0.863', '-0.643', '0.080', '-0.95984', '0.28055', '-0.00001', '-0.28055',
    '-0.95984', '-0.00040', '-0.00012', '-0.00038', '1.00000']
  '009.9333': ['-0.885', '-0.636', '0.080', '-0.93055', '0.36617', '0.00001', '-0.36617',
    '-0.93055', '-0.00039', '-0.00013', '-0.00037', '1.00000']
  '010.0000': ['-0.907', '-0.628', '0.080', '-0.85994', '0.51039', '0.00004', '-0.51039',
    '-0.85994', '-0.00037', '-0.00016', '-0.00033', '1.00000']
  '010.0667': ['-0.930', '-0.621', '0.080', '-0.70214', '0.71204', '0.00006', '-0.71204',
    '-0.70214', '-0.00029', '-0.00016', '-0.00025', '1.00000']
  '010.1333': ['-0.955', '-0.613', '0.080', '-0.46246', '0.88664', '0.00007', '-0.88664',
    '-0.46246', '-0.00021', '-0.00015', '-0.00016', '1.00000']
  '010.2000': ['-0.977', '-0.607', '0.080', '-0.14482', '0.98946', '0.00007', '-0.98946',
    '-0.14482', '-0.00013', '-0.00012', '-0.00008', '1.00000']
  '010.2667': ['-0.996', '-0.602', '0.080', '0.21784', '0.97598', '0.00004', '-0.97598',
    '0.21784', '-0.00005', '-0.00006', '-0.00002', '1.00000']
  '010.3333': ['-1.014', '-0.585', '0.080', '0.54848', '0.83616', '-0.00001', '-0.83616',
    '0.54848', '0.00001', '0.00001', '0.00000', '1.00000']
  '010.4000': ['-1.031', '-0.572', '0.080', '0.77250', '0.63502', '-0.00008', '-0.63502',
    '0.77250', '0.00008', '0.00011', '-0.00001', '1.00000']
  '010.4667': ['-1.040', '-0.566', '0.080', '0.90726', '0.42056', '-0.00010', '-0.42056',
    '0.90726', '0.00008', '0.00012', '-0.00003', '1.00000']
  '010.5333': ['-1.048', '-0.563', '0.080', '0.98379', '0.17930', '-0.00012', '-0.17930',
    '0.98379', '0.00010', '0.00014', '-0.00008', '1.00000']
  '010.6000': ['-1.050', '-0.562', '0.080', '0.99730', '-0.07344', '-0.00018', '0.07344',
    '0.99730', '0.00012', '0.00017', '-0.00013', '1.00000']
  '010.6667': ['-1.048', '-0.560', '0.080', '0.94799', '-0.31829', '-0.00023', '0.31829',
    '0.94799', '0.00012', '0.00018', '-0.00019', '1.00000']
  '010.7333': ['-1.049', '-0.554', '0.080', '0.84555', '-0.53389', '-0.00030', '0.53389',
    '0.84555', '0.00011', '0.00020', '-0.00025', '1.00000']
  '010.8000': ['-1.053', '-0.542', '0.080', '0.70984', '-0.70436', '-0.00037', '0.70436',
    '0.70984', '0.00009', '0.00020', '-0.00032', '1.00000']
  '010.8667': ['-1.060', '-0.523', '0.080', '0.56736', '-0.82347', '-0.00041', '0.82347',
    '0.56736', '0.00005', '0.00019', '-0.00037', '1.00000']
  '010.9333': ['-1.067', '-0.503', '0.080', '0.43447', '-0.90069', '-0.00043', '0.90069',
    '0.43447', '0.00002', '0.00017', '-0.00040', '1.00000']
  '011.0000': ['-1.074', '-0.481', '0.080', '0.32047', '-0.94726', '-0.00046', '0.94726',
    '0.32047', '-0.00000', '0.00015', '-0.00044', '1.00000']
  '011.0667': ['-1.082', '-0.459', '0.080', '0.22896', '-0.97343', '-0.00047', '0.97343',
    '0.22896', '-0.00002', '0.00013', '-0.00045', '1.00000']
  '011.1333': ['-1.089', '-0.437', '0.080', '0.15788', '-0.98746', '-0.00046', '0.98746',
    '0.15788', '-0.00003', '0.00010', '-0.00045', '1.00000']
  '011.2000': ['-1.096', '-0.415', '0.080', '0.10593', '-0.99437', '-0.00047', '0.99437',
    '0.10593', '-0.00004', '0.00009', '-0.00046', '1.00000']
  '011.2667': ['-1.103', '-0.387', '0.080', '0.07480', '-0.99720', '-0.00048', '0.99720',
    '0.07480', '-0.00005', '0.00008', '-0.00047', '1.00000']
  '011.3333': ['-1.110', '-0.367', '0.080', '0.04978', '-0.99876', '-0.00048', '0.99876',
    '0.04978', '-0.00005', '0.00007', '-0.00048', '1.00000']
  '011.4000': ['-1.115', '-0.352', '0.080', '0.02637', '-0.99965', '-0.00049', '0.99965',
    '0.02637', '-0.00005', '0.00006', '-0.00049', '1.00000']
  '011.4667': ['-1.118', '-0.345', '0.080', '0.00333', '-0.99999', '-0.00049', '0.99999',
    '0.00333', '-0.00005', '0.00005', '-0.00049', '1.00000']
  '011.5333': ['-1.119', '-0.336', '0.080', '-0.01779', '-0.99984', '-0.00048', '0.99984',
    '-0.01779', '-0.00005', '0.00004', '-0.00048', '1.00000']
  '011.6000': ['-1.120', '-0.325', '0.080', '-0.03800', '-0.99928', '-0.00049', '0.99928',
    '-0.03800', '-0.00006', '0.00004', '-0.00049', '1.00000']
  '011.6667': ['-1.120', '-0.328', '0.080', '-0.05811', '-0.99831', '-0.00049', '0.99831',
    '-0.05811', '-0.00006', '0.00003', '-0.00049', '1.00000']
  '011.7333': ['-1.122', '-0.323', '0.080', '-0.07707', '-0.99703', '-0.00046', '0.99703',
    '-0.07707', '-0.00006', '0.00003', '-0.00047', '1.00000']
  '011.8000': ['-1.123', '-0.315', '0.080', '-0.09521', '-0.99546', '-0.00046', '0.99546',
    '-0.09521', '-0.00007', '0.00002', '-0.00047', '1.00000']
  '011.8667': ['-1.124', '-0.308', '0.080', '-0.11231', '-0.99367', '-0.00047', '0.99367',
    '-0.11231', '-0.00007', '0.00002', '-0.00047', '1.00000']
  '011.9333': ['-1.126', '-0.297', '0.080', '-0.12730', '-0.99186', '-0.00047', '0.99186',
    '-0.12730', '-0.00008', '0.00002', '-0.00048', '1.00000']
  '012.0000': ['-1.130', '-0.282', '0.080', '-0.13888', '-0.99031', '-0.00048', '0.99031',
    '-0.13888', '-0.00008', '0.00002', '-0.00049', '1.00000']
  '012.0667': ['-1.134', '-0.264', '0.080', '-0.14780', '-0.98902', '-0.00049', '0.98902',
    '-0.14780', '-0.00009', '0.00002', '-0.00050', '1.00000']
  '012.1333': ['-1.139', '-0.245', '0.080', '-0.15342', '-0.98816', '-0.00049', '0.98816',
    '-0.15342', '-0.00009', '0.00001', '-0.00050', '1.00000']
  '012.2000': ['-1.144', '-0.223', '0.080', '-0.15547', '-0.98784', '-0.00048', '0.98784',
    '-0.15547', '-0.00009', '0.00001', '-0.00049', '1.00000']
  '012.2667': ['-1.149', '-0.201', '0.080', '-0.15503', '-0.98791', '-0.00049', '0.98791',
    '-0.15503', '-0.00008', '0.00001', '-0.00049', '1.00000']
  '012.3333': ['-1.153', '-0.179', '0.080', '-0.15210', '-0.98836', '-0.00052', '0.98836',
    '-0.15210', '-0.00008', '0.00000', '-0.00052', '1.00000']
  '012.4000': ['-1.159', '-0.154', '0.080', '-0.14561', '-0.98934', '-0.00050', '0.98934',
    '-0.14561', '-0.00008', '0.00000', '-0.00050', '1.00000']
  '012.4667': ['-1.162', '-0.133', '0.080', '-0.13885', '-0.99031', '-0.00052', '0.99031',
    '-0.13885', '-0.00008', '0.00000', '-0.00053', '1.00000']
  '012.5333': ['-1.166', '-0.108', '0.080', '-0.13080', '-0.99141', '-0.00053', '0.99141',
    '-0.13080', '-0.00007', '0.00000', '-0.00053', '1.00000']
  '012.6000': ['-1.170', '-0.082', '0.080', '-0.12135', '-0.99261', '-0.00056', '0.99261',
    '-0.12135', '-0.00007', '0.00000', '-0.00056', '1.00000']
  '012.6667': ['-1.175', '-0.053', '0.080', '-0.10884', '-0.99406', '-0.00056', '0.99406',
    '-0.10884', '-0.00006', '0.00000', '-0.00056', '1.00000']
  '012.7333': ['-1.180', '-0.024', '0.080', '-0.09421', '-0.99555', '-0.00057', '0.99555',
    '-0.09421', '-0.00006', '0.00001', '-0.00057', '1.00000']
  '012.8000': ['-1.183', '0.001', '0.080', '-0.07777', '-0.99697', '-0.00060', '0.99697',
    '-0.07777', '-0.00005', '0.00001', '-0.00060', '1.00000']
  '012.8667': ['-1.187', '0.027', '0.080', '-0.05815', '-0.99831', '-0.00064', '0.99831',
    '-0.05815', '-0.00005', '0.00001', '-0.00064', '1.00000']
  '012.9333': ['-1.189', '0.049', '0.080', '-0.03744', '-0.99930', '-0.00068', '0.99930',
    '-0.03744', '-0.00004', '0.00002', '-0.00068', '1.00000']
  '013.0000': ['-1.189', '0.069', '0.080', '-0.01725', '-0.99985', '-0.00071', '0.99985',
    '-0.01725', '-0.00003', '0.00002', '-0.00071', '1.00000']
  '013.0667': ['-1.191', '0.092', '0.080', '0.00420', '-0.99999', '-0.00071', '0.99999',
    '0.00420', '-0.00002', '0.00002', '-0.00071', '1.00000']
  '013.1333': ['-1.191', '0.117', '0.080', '0.02540', '-0.99968', '-0.00071', '0.99968',
    '0.02540', '-0.00001', '0.00003', '-0.00071', '1.00000']
  '013.2000': ['-1.190', '0.146', '0.080', '0.04695', '-0.99890', '-0.00068', '0.99890',
    '0.04695', '0.00000', '0.00003', '-0.00068', '1.00000']
  '013.2667': ['-1.190', '0.171', '0.080', '0.06850', '-0.99765', '-0.00066', '0.99765',
    '0.06850', '0.00001', '0.00003', '-0.00066', '1.00000']
  '013.3333': ['-1.190', '0.194', '0.080', '0.09008', '-0.99593', '-0.00062', '0.99593',
    '0.09008', '0.00002', '0.00003', '-0.00062', '1.00000']
  '013.4000': ['-1.188', '0.223', '0.080', '0.11138', '-0.99378', '-0.00054', '0.99378',
    '0.11138', '0.00004', '0.00002', '-0.00054', '1.00000']
  '013.4667': ['-1.187', '0.236', '0.080', '0.13211', '-0.99124', '-0.00054', '0.99124',
    '0.13211', '0.00004', '0.00003', '-0.00054', '1.00000']
  '013.5333': ['-1.186', '0.240', '0.080', '0.15227', '-0.98834', '-0.00054', '0.98834',
    '0.15227', '0.00005', '0.00003', '-0.00054', '1.00000']
  '013.6000': ['-1.186', '0.241', '0.080', '0.17187', '-0.98512', '-0.00054', '0.98512',
    '0.17187', '0.00005', '0.00004', '-0.00054', '1.00000']
  '013.6667': ['-1.186', '0.240', '0.080', '0.19091', '-0.98161', '-0.00054', '0.98161',
    '0.19091', '0.00006', '0.00004', '-0.00055', '1.00000']
  '013.7333': ['-1.187', '0.235', '0.080', '0.20939', '-0.97783', '-0.00054', '0.97783',
    '0.20939', '0.00006', '0.00005', '-0.00054', '1.00000']
  '013.8000': ['-1.186', '0.241', '0.080', '0.22752', '-0.97377', '-0.00055', '0.97377',
    '0.22752', '0.00007', '0.00006', '-0.00055', '1.00000']
  '013.8667': ['-1.185', '0.245', '0.080', '0.24481', '-0.96957', '-0.00055', '0.96957',
    '0.24481', '0.00008', '0.00006', '-0.00055', '1.00000']
  '013.9333': ['-1.182', '0.254', '0.080', '0.26118', '-0.96529', '-0.00053', '0.96529',
    '0.26118', '0.00008', '0.00006', '-0.00053', '1.00000']
  '014.0000': ['-1.174', '0.279', '0.080', '0.27373', '-0.96181', '-0.00036', '0.96181',
    '0.27373', '0.00005', '0.00005', '-0.00036', '1.00000']
  '014.0667': ['-1.170', '0.301', '0.080', '0.29003', '-0.95702', '-0.00034', '0.95702',
    '0.29003', '0.00005', '0.00005', '-0.00034', '1.00000']
  '014.1333': ['-1.164', '0.334', '0.080', '0.31402', '-0.94942', '-0.00028', '0.94942',
    '0.31402', '0.00005', '0.00004', '-0.00028', '1.00000']
  '014.2000': ['-1.159', '0.365', '0.080', '0.34754', '-0.93766', '-0.00024', '0.93766',
    '0.34754', '0.00005', '0.00004', '-0.00024', '1.00000']
  '014.2667': ['-1.155', '0.392', '0.080', '0.39137', '-0.92023', '-0.00022', '0.92023',
    '0.39137', '0.00005', '0.00004', '-0.00023', '1.00000']
  '014.3333': ['-1.150', '0.420', '0.080', '0.44635', '-0.89486', '-0.00021', '0.89486',
    '0.44635', '0.00006', '0.00004', '-0.00022', '1.00000']
  '014.4000': ['-1.148', '0.443', '0.080', '0.45306', '-0.89148', '-0.00024', '0.89148',
    '0.45306', '0.00007', '0.00005', '-0.00025', '1.00000']
  '014.4667': ['-1.147', '0.461', '0.080', '0.42257', '-0.90633', '-0.00026', '0.90633',
    '0.42257', '0.00007', '0.00004', '-0.00027', '1.00000']
  '014.5333': ['-1.147', '0.478', '0.080', '0.39261', '-0.91971', '-0.00028', '0.91971',
    '0.39261', '0.00008', '0.00003', '-0.00029', '1.00000']
  '014.6000': ['-1.147', '0.488', '0.080', '0.41954', '-0.90774', '-0.00025', '0.90774',
    '0.41954', '0.00011', '0.00000', '-0.00028', '1.00000']
  '014.6667': ['-1.148', '0.494', '0.080', '0.48429', '-0.87491', '-0.00021', '0.87491',
    '0.48429', '0.00013', '-0.00001', '-0.00025', '1.00000']
  '014.7333': ['-1.147', '0.499', '0.080', '0.54663', '-0.83738', '-0.00020', '0.83738',
    '0.54663', '0.00016', '-0.00002', '-0.00025', '1.00000']
  '014.8000': ['-1.146', '0.502', '0.080', '0.55296', '-0.83321', '-0.00018', '0.83321',
    '0.55296', '0.00014', '-0.00002', '-0.00023', '1.00000']
  '014.8667': ['-1.146', '0.503', '0.080', '0.52619', '-0.85037', '-0.00018', '0.85037',
    '0.52619', '0.00014', '-0.00003', '-0.00023', '1.00000']
  '014.9333': ['-1.147', '0.503', '0.080', '0.52714', '-0.84978', '-0.00018', '0.84978',
    '0.52714', '0.00015', '-0.00003', '-0.00023', '1.00000']
  '015.0000': ['-1.148', '0.503', '0.080', '0.58775', '-0.80904', '-0.00017', '0.80904',
    '0.58775', '0.00016', '-0.00003', '-0.00023', '1.00000']
  '015.0667': ['-1.151', '0.502', '0.080', '0.64527', '-0.76395', '-0.00015', '0.76395',
    '0.64527', '0.00018', '-0.00004', '-0.00023', '1.00000']
  '015.1333': ['-1.153', '0.500', '0.080', '0.69960', '-0.71453', '-0.00015', '0.71453',
    '0.69960', '0.00018', '-0.00003', '-0.00023', '1.00000']
  '015.2000': ['-1.148', '0.506', '0.080', '0.75093', '-0.66038', '-0.00013', '0.66038',
    '0.75093', '0.00018', '-0.00002', '-0.00022', '1.00000']
  '015.2667': ['-1.142', '0.511', '0.080', '0.79796', '-0.60271', '-0.00012', '0.60271',
    '0.79796', '0.00018', '-0.00001', '-0.00021', '1.00000']
  '015.3333': ['-1.130', '0.519', '0.080', '0.83937', '-0.54356', '-0.00011', '0.54356',
    '0.83937', '0.00017', '-0.00000', '-0.00020', '1.00000']
  '015.4000': ['-1.125', '0.519', '0.080', '0.87642', '-0.48154', '-0.00010', '0.48154',
    '0.87642', '0.00018', '0.00000', '-0.00021', '1.00000']
  '015.4667': ['-1.113', '0.525', '0.080', '0.90883', '-0.41718', '-0.00010', '0.41718',
    '0.90883', '0.00019', '0.00001', '-0.00022', '1.00000']
  '015.5333': ['-1.099', '0.534', '0.080', '0.93775', '-0.34731', '-0.00008', '0.34731',
    '0.93775', '0.00018', '0.00001', '-0.00020', '1.00000']
  '015.6000': ['-1.088', '0.540', '0.080', '0.96260', '-0.27094', '-0.00007', '0.27094',
    '0.96260', '0.00016', '0.00002', '-0.00018', '1.00000']
  '015.6667': ['-1.076', '0.547', '0.080', '0.98236', '-0.18698', '-0.00005', '0.18698',
    '0.98236', '0.00015', '0.00003', '-0.00016', '1.00000']
  '015.7333': ['-1.060', '0.555', '0.080', '0.99584', '-0.09115', '-0.00004', '0.09115',
    '0.99584', '0.00014', '0.00003', '-0.00015', '1.00000']
  '015.8000': ['-1.044', '0.564', '0.080', '0.99981', '0.01940', '-0.00003', '-0.01940',
    '0.99981', '0.00014', '0.00004', '-0.00014', '1.00000']
  '015.8667': ['-1.026', '0.573', '0.080', '0.99619', '0.08717', '-0.00003', '-0.08717',
    '0.99619', '0.00014', '0.00004', '-0.00013', '1.00000']
  '015.9333': ['-1.006', '0.582', '0.080', '0.99072', '0.13593', '-0.00002', '-0.13593',
    '0.99072', '0.00013', '0.00004', '-0.00012', '1.00000']
  '016.0000': ['-0.981', '0.593', '0.080', '0.95932', '0.28231', '-0.00001', '-0.28231',
    '0.95932', '0.00012', '0.00004', '-0.00011', '1.00000']
  '016.0667': ['-0.962', '0.602', '0.080', '0.88502', '0.46556', '0.00000', '-0.46556',
    '0.88502', '0.00011', '0.00005', '-0.00010', '1.00000']
  '016.1333': ['-0.947', '0.609', '0.080', '0.77445', '0.63264', '0.00002', '-0.63264',
    '0.77445', '0.00010', '0.00005', '-0.00009', '1.00000']
  '016.2000': ['-0.935', '0.616', '0.080', '0.63167', '0.77524', '0.00003', '-0.77524',
    '0.63167', '0.00009', '0.00006', '-0.00008', '1.00000']
  '016.2667': ['-0.929', '0.620', '0.080', '0.46279', '0.88647', '0.00002', '-0.88647',
    '0.46279', '0.00004', '0.00003', '-0.00003', '1.00000']
  '016.3333': ['-0.926', '0.626', '0.080', '0.27502', '0.96144', '0.00000', '-0.96144',
    '0.27502', '0.00001', '0.00001', '-0.00001', '1.00000']
  '016.4000': ['-0.923', '0.626', '0.080', '0.07234', '0.99738', '-0.00001', '-0.99738',
    '0.07234', '-0.00001', '-0.00001', '0.00001', '1.00000']
  '016.4667': ['-0.920', '0.623', '0.080', '-0.13813', '0.99041', '-0.00003', '-0.99041',
    '-0.13813', '-0.00003', '-0.00004', '0.00002', '1.00000']
  '016.5333': ['-0.915', '0.622', '0.080', '-0.35093', '0.93640', '-0.00006', '-0.93640',
    '-0.35093', '-0.00006', '-0.00008', '0.00004', '1.00000']
  '016.6000': ['-0.907', '0.622', '0.080', '-0.55690', '0.83058', '-0.00009', '-0.83058',
    '-0.55690', '-0.00007', '-0.00011', '0.00004', '1.00000']
  '016.6667': ['-0.898', '0.621', '0.080', '-0.72588', '0.68782', '-0.00014', '-0.68782',
    '-0.72588', '-0.00009', '-0.00016', '0.00003', '1.00000']
  '016.7333': ['-0.891', '0.616', '0.080', '-0.82333', '0.56756', '-0.00029', '-0.56756',
    '-0.82333', '-0.00015', '-0.00032', '0.00004', '1.00000']
  '016.8000': ['-0.878', '0.619', '0.080', '-0.90841', '0.41809', '-0.00030', '-0.41809',
    '-0.90841', '-0.00012', '-0.00032', '0.00002', '1.00000']
  '016.8667': ['-0.853', '0.629', '0.080', '-0.99049', '0.13757', '-0.00024', '-0.13757',
    '-0.99049', '-0.00005', '-0.00025', '-0.00002', '1.00000']
  '016.9333': ['-0.832', '0.635', '0.080', '-0.98067', '-0.19566', '-0.00025', '0.19566',
    '-0.98067', '-0.00001', '-0.00024', '-0.00005', '1.00000']
  '017.0000': ['-0.811', '0.637', '0.080', '-0.87288', '-0.48793', '-0.00024', '0.48793',
    '-0.87288', '0.00004', '-0.00023', '-0.00008', '1.00000']
  '017.0667': ['-0.793', '0.650', '0.080', '-0.73879', '-0.67394', '-0.00036', '0.67394',
    '-0.73879', '0.00011', '-0.00034', '-0.00016', '1.00000']
  '017.1333': ['-0.769', '0.652', '0.080', '-0.56365', '-0.82602', '-0.00035', '0.82602',
    '-0.56365', '0.00016', '-0.00033', '-0.00020', '1.00000']
  '017.2000': ['-0.748', '0.648', '0.080', '-0.35413', '-0.93520', '-0.00022', '0.93520',
    '-0.35413', '0.00013', '-0.00020', '-0.00016', '1.00000']
  '017.2667': ['-0.731', '0.647', '0.080', '-0.12298', '-0.99241', '-0.00020', '0.99241',
    '-0.12298', '0.00016', '-0.00019', '-0.00018', '1.00000']
  '017.3333': ['-0.727', '0.650', '0.080', '0.10849', '-0.99410', '-0.00018', '0.99410',
    '0.10849', '0.00018', '-0.00016', '-0.00020', '1.00000']
  '017.4000': ['-0.722', '0.654', '0.080', '0.32653', '-0.94519', '-0.00017', '0.94519',
    '0.32653', '0.00021', '-0.00014', '-0.00023', '1.00000']
