begin_time_stamp: 1574101378.9333303
data_header:
  time_stamp: [x, y, z, R11, R12, R13, R21, R22, R23, R31, R32, R33]
trajectory_data:
  '000.0000': ['2.403', '0.430', '0.080', '-0.03128', '0.99951', '-0.00060', '-0.99951',
    '-0.03128', '-0.00047', '-0.00048', '0.00058', '1.00000']
  '000.0667': ['2.414', '0.415', '0.080', '-0.13559', '0.99076', '-0.00060', '-0.99076',
    '-0.13559', '-0.00047', '-0.00054', '0.00053', '1.00000']
  '000.1333': ['2.424', '0.399', '0.080', '-0.23842', '0.97116', '-0.00060', '-0.97116',
    '-0.23842', '-0.00047', '-0.00059', '0.00047', '1.00000']
  '000.2000': ['2.432', '0.382', '0.080', '-0.33863', '0.94092', '-0.00060', '-0.94092',
    '-0.33863', '-0.00047', '-0.00064', '0.00040', '1.00000']
  '000.2667': ['2.438', '0.364', '0.080', '-0.43513', '0.90037', '-0.00060', '-0.90037',
    '-0.43513', '-0.00047', '-0.00068', '0.00033', '1.00000']
  '000.3333': ['2.442', '0.345', '0.080', '-0.52687', '0.84995', '-0.00060', '-0.84995',
    '-0.52687', '-0.00047', '-0.00071', '0.00026', '1.00000']
  '000.4000': ['2.436', '0.327', '0.080', '-0.60253', '0.79810', '-0.00061', '-0.79810',
    '-0.60253', '-0.00044', '-0.00072', '0.00022', '1.00000']
  '000.4667': ['2.429', '0.311', '0.080', '-0.66407', '0.74767', '-0.00061', '-0.74767',
    '-0.66407', '-0.00042', '-0.00072', '0.00018', '1.00000']
  '000.5333': ['2.431', '0.298', '0.080', '-0.72177', '0.69213', '-0.00055', '-0.69213',
    '-0.72177', '-0.00039', '-0.00067', '0.00010', '1.00000']
  '000.6000': ['2.430', '0.286', '0.080', '-0.77572', '0.63108', '-0.00049', '-0.63108',
    '-0.77572', '-0.00037', '-0.00062', '0.00003', '1.00000']
  '000.6667': ['2.429', '0.273', '0.080', '-0.82490', '0.56528', '-0.00044', '-0.56528',
    '-0.82490', '-0.00034', '-0.00055', '-0.00004', '1.00000']
  '000.7333': ['2.425', '0.261', '0.080', '-0.86851', '0.49568', '-0.00038', '-0.49568',
    '-0.86851', '-0.00032', '-0.00049', '-0.00009', '1.00000']
  '000.8000': ['2.423', '0.256', '0.080', '-0.90614', '0.42297', '-0.00032', '-0.42297',
    '-0.90614', '-0.00029', '-0.00041', '-0.00013', '1.00000']
  '000.8667': ['2.426', '0.262', '0.080', '-0.93781', '0.34714', '-0.00027', '-0.34714',
    '-0.93781', '-0.00026', '-0.00034', '-0.00015', '1.00000']
  '000.9333': ['2.428', '0.267', '0.080', '-0.96323', '0.26869', '-0.00021', '-0.26869',
    '-0.96323', '-0.00023', '-0.00026', '-0.00017', '1.00000']
  '001.0000': ['2.430', '0.273', '0.080', '-0.98214', '0.18817', '-0.00015', '-0.18817',
    '-0.98214', '-0.00020', '-0.00019', '-0.00017', '1.00000']
  '001.0667': ['2.432', '0.279', '0.080', '-0.99435', '0.10615', '-0.00010', '-0.10615',
    '-0.99435', '-0.00017', '-0.00012', '-0.00016', '1.00000']
  '001.1333': ['2.412', '0.282', '0.080', '-0.99267', '0.12083', '-0.00005', '-0.12083',
    '-0.99267', '-0.00014', '-0.00007', '-0.00013', '1.00000']
  '001.2000': ['2.389', '0.285', '0.080', '-0.98683', '0.16178', '-0.00001', '-0.16178',
    '-0.98683', '-0.00011', '-0.00002', '-0.00011', '1.00000']
  '001.2667': ['2.367', '0.286', '0.080', '-0.97714', '0.21258', '0.00003', '-0.21258',
    '-0.97714', '-0.00007', '0.00002', '-0.00008', '1.00000']
  '001.3333': ['2.343', '0.294', '0.080', '-0.95576', '0.29414', '-0.00000', '-0.29414',
    '-0.95576', '-0.00008', '-0.00003', '-0.00007', '1.00000']
  '001.4000': ['2.312', '0.306', '0.080', '-0.90593', '0.42342', '-0.00034', '-0.42342',
    '-0.90593', '-0.00020', '-0.00039', '-0.00004', '1.00000']
  '001.4667': ['2.296', '0.308', '0.080', '-0.82360', '0.56717', '-0.00037', '-0.56717',
    '-0.82360', '-0.00023', '-0.00044', '0.00002', '1.00000']
  '001.5333': ['2.300', '0.292', '0.080', '-0.72671', '0.68694', '-0.00025', '-0.68694',
    '-0.72671', '-0.00022', '-0.00033', '0.00001', '1.00000']
  '001.6000': ['2.305', '0.273', '0.080', '-0.63667', '0.77113', '-0.00012', '-0.77113',
    '-0.63667', '-0.00018', '-0.00022', '-0.00002', '1.00000']
  '001.6667': ['2.312', '0.252', '0.080', '-0.56544', '0.82479', '0.00000', '-0.82479',
    '-0.56544', '-0.00013', '-0.00011', '-0.00008', '1.00000']
  '001.7333': ['2.320', '0.229', '0.080', '-0.52103', '0.85354', '0.00013', '-0.85354',
    '-0.52103', '-0.00007', '0.00001', '-0.00014', '1.00000']
  '001.8000': ['2.329', '0.205', '0.080', '-0.50778', '0.86148', '0.00024', '-0.86148',
    '-0.50778', '-0.00001', '0.00012', '-0.00021', '1.00000']
  '001.8667': ['2.339', '0.181', '0.080', '-0.52691', '0.84992', '0.00035', '-0.84992',
    '-0.52691', '0.00005', '0.00023', '-0.00027', '1.00000']
  '001.9333': ['2.348', '0.158', '0.080', '-0.57665', '0.81699', '0.00046', '-0.81699',
    '-0.57665', '0.00009', '0.00033', '-0.00032', '1.00000']
  '002.0000': ['2.356', '0.135', '0.080', '-0.65203', '0.75819', '0.00055', '-0.75819',
    '-0.65203', '0.00011', '0.00044', '-0.00034', '1.00000']
  '002.0667': ['2.362', '0.115', '0.080', '-0.74433', '0.66781', '0.00062', '-0.66781',
    '-0.74433', '0.00011', '0.00054', '-0.00034', '1.00000']
  '002.1333': ['2.356', '0.100', '0.080', '-0.83144', '0.55561', '0.00063', '-0.55561',
    '-0.83144', '0.00005', '0.00055', '-0.00031', '1.00000']
  '002.2000': ['2.340', '0.090', '0.080', '-0.90107', '0.43367', '0.00057', '-0.43367',
    '-0.90107', '-0.00002', '0.00051', '-0.00026', '1.00000']
  '002.2667': ['2.322', '0.083', '0.080', '-0.95192', '0.30634', '0.00052', '-0.30634',
    '-0.95192', '-0.00007', '0.00048', '-0.00022', '1.00000']
  '002.3333': ['2.302', '0.079', '0.080', '-0.98408', '0.17773', '0.00049', '-0.17773',
    '-0.98408', '-0.00010', '0.00046', '-0.00019', '1.00000']
  '002.4000': ['2.282', '0.079', '0.080', '-0.99867', '0.05164', '0.00046', '-0.05164',
    '-0.99867', '-0.00013', '0.00045', '-0.00016', '1.00000']
  '002.4667': ['2.261', '0.081', '0.080', '-0.99764', '-0.06868', '0.00045', '0.06868',
    '-0.99764', '-0.00016', '0.00046', '-0.00013', '1.00000']
  '002.5333': ['2.240', '0.086', '0.080', '-0.98355', '-0.18066', '0.00045', '0.18066',
    '-0.98355', '-0.00019', '0.00048', '-0.00010', '1.00000']
  '002.6000': ['2.207', '0.100', '0.080', '-0.96077', '-0.27734', '0.00042', '0.27734',
    '-0.96077', '-0.00021', '0.00046', '-0.00008', '1.00000']
  '002.6667': ['2.161', '0.123', '0.080', '-0.93642', '-0.35089', '0.00037', '0.35089',
    '-0.93642', '-0.00022', '0.00042', '-0.00007', '1.00000']
  '002.7333': ['2.098', '0.160', '0.080', '-0.91961', '-0.39283', '0.00024', '0.39283',
    '-0.91961', '-0.00020', '0.00030', '-0.00009', '1.00000']
  '002.8000': ['2.035', '0.199', '0.080', '-0.91363', '-0.40655', '0.00014', '0.40655',
    '-0.91363', '-0.00019', '0.00020', '-0.00012', '1.00000']
  '002.8667': ['1.973', '0.238', '0.080', '-0.91910', '-0.39401', '0.00006', '0.39401',
    '-0.91910', '-0.00018', '0.00013', '-0.00015', '1.00000']
  '002.9333': ['1.791', '0.363', '0.080', '-0.99181', '-0.12772', '-0.00018', '0.12772',
    '-0.99181', '-0.00020', '-0.00015', '-0.00022', '1.00000']
  '003.0000': ['1.751', '0.376', '0.080', '-0.99910', '-0.04233', '-0.00021', '0.04233',
    '-0.99910', '-0.00016', '-0.00021', '-0.00017', '1.00000']
  '003.0667': ['1.721', '0.382', '0.080', '-0.99854', '0.05396', '-0.00024', '-0.05396',
    '-0.99854', '-0.00013', '-0.00024', '-0.00012', '1.00000']
  '003.1333': ['1.695', '0.384', '0.080', '-0.98724', '0.15926', '-0.00023', '-0.15926',
    '-0.98724', '-0.00013', '-0.00025', '-0.00009', '1.00000']
  '003.2000': ['1.675', '0.382', '0.080', '-0.96316', '0.26893', '-0.00022', '-0.26893',
    '-0.96316', '-0.00013', '-0.00025', '-0.00007', '1.00000']
  '003.2667': ['1.666', '0.371', '0.080', '-0.92975', '0.36819', '-0.00020', '-0.36819',
    '-0.92975', '-0.00015', '-0.00024', '-0.00006', '1.00000']
  '003.3333': ['1.684', '0.342', '0.080', '-0.90489', '0.42565', '-0.00003', '-0.42565',
    '-0.90489', '-0.00017', '-0.00010', '-0.00014', '1.00000']
  '003.4000': ['1.702', '0.312', '0.080', '-0.90154', '0.43270', '0.00013', '-0.43270',
    '-0.90154', '-0.00020', '0.00003', '-0.00023', '1.00000']
  '003.4667': ['1.720', '0.281', '0.080', '-0.92105', '0.38944', '0.00027', '-0.38944',
    '-0.92105', '-0.00022', '0.00016', '-0.00031', '1.00000']
  '003.5333': ['1.786', '0.229', '0.080', '-0.97452', '0.22429', '0.00050', '-0.22429',
    '-0.97452', '-0.00029', '0.00042', '-0.00040', '1.00000']
  '003.6000': ['1.785', '0.215', '0.080', '-0.99264', '0.12109', '0.00054', '-0.12109',
    '-0.99264', '-0.00038', '0.00049', '-0.00044', '1.00000']
  '003.6667': ['1.770', '0.211', '0.080', '-0.99993', '0.01140', '0.00054', '-0.01140',
    '-0.99993', '-0.00047', '0.00053', '-0.00047', '1.00000']
  '003.7333': ['1.745', '0.215', '0.080', '-0.99578', '-0.09174', '0.00051', '0.09174',
    '-0.99578', '-0.00055', '0.00056', '-0.00050', '1.00000']
  '003.8000': ['1.714', '0.225', '0.080', '-0.98346', '-0.18115', '0.00046', '0.18115',
    '-0.98346', '-0.00063', '0.00057', '-0.00054', '1.00000']
  '003.8667': ['1.675', '0.241', '0.080', '-0.96762', '-0.25240', '0.00040', '0.25240',
    '-0.96762', '-0.00068', '0.00056', '-0.00056', '1.00000']
  '003.9333': ['1.627', '0.264', '0.080', '-0.95406', '-0.29963', '0.00035', '0.29963',
    '-0.95406', '-0.00071', '0.00055', '-0.00057', '1.00000']
  '004.0000': ['1.380', '0.425', '0.080', '-0.99507', '-0.09912', '0.00077', '0.09912',
    '-0.99507', '-0.00094', '0.00086', '-0.00086', '1.00000']
  '004.0667': ['1.337', '0.434', '0.080', '-0.99856', '-0.05364', '0.00072', '0.05364',
    '-0.99856', '-0.00090', '0.00077', '-0.00086', '1.00000']
  '004.1333': ['1.308', '0.431', '0.080', '-0.99982', '-0.01920', '0.00037', '0.01920',
    '-0.99982', '-0.00064', '0.00038', '-0.00063', '1.00000']
  '004.2000': ['1.279', '0.429', '0.080', '-0.99997', '0.00792', '0.00032', '-0.00792',
    '-0.99997', '-0.00059', '0.00031', '-0.00059', '1.00000']
  '004.2667': ['1.251', '0.426', '0.080', '-0.99958', '0.02890', '0.00024', '-0.02890',
    '-0.99958', '-0.00051', '0.00023', '-0.00052', '1.00000']
  '004.3333': ['1.223', '0.423', '0.080', '-0.99904', '0.04389', '0.00015', '-0.04389',
    '-0.99904', '-0.00044', '0.00014', '-0.00044', '1.00000']
  '004.4000': ['1.192', '0.419', '0.080', '-0.99856', '0.05360', '0.00012', '-0.05360',
    '-0.99856', '-0.00042', '0.00010', '-0.00042', '1.00000']
  '004.4667': ['1.149', '0.416', '0.080', '-0.99824', '0.05926', '0.00023', '-0.05926',
    '-0.99824', '-0.00049', '0.00020', '-0.00050', '1.00000']
  '004.5333': ['1.123', '0.406', '0.080', '-0.99885', '0.04789', '0.00019', '-0.04789',
    '-0.99885', '-0.00044', '0.00017', '-0.00045', '1.00000']
  '004.6000': ['1.116', '0.389', '0.080', '-0.99997', '0.00744', '0.00010', '-0.00744',
    '-0.99997', '-0.00034', '0.00009', '-0.00034', '1.00000']
  '004.6667': ['1.095', '0.382', '0.080', '-0.99890', '-0.04694', '0.00007', '0.04694',
    '-0.99890', '-0.00032', '0.00008', '-0.00031', '1.00000']
  '004.7333': ['1.060', '0.385', '0.080', '-0.99509', '-0.09902', '0.00005', '0.09902',
    '-0.99509', '-0.00031', '0.00008', '-0.00030', '1.00000']
  '004.8000': ['1.009', '0.400', '0.080', '-0.99158', '-0.12947', '0.00008', '0.12947',
    '-0.99158', '-0.00030', '0.00012', '-0.00029', '1.00000']
  '004.8667': ['0.976', '0.408', '0.080', '-0.98836', '-0.15215', '0.00007', '0.15215',
    '-0.98836', '-0.00028', '0.00011', '-0.00026', '1.00000']
  '004.9333': ['0.942', '0.416', '0.080', '-0.98587', '-0.16749', '0.00006', '0.16749',
    '-0.98587', '-0.00026', '0.00010', '-0.00024', '1.00000']
  '005.0000': ['0.909', '0.425', '0.080', '-0.98443', '-0.17576', '0.00006', '0.17576',
    '-0.98443', '-0.00024', '0.00010', '-0.00022', '1.00000']
  '005.0667': ['0.876', '0.434', '0.080', '-0.98419', '-0.17713', '0.00006', '0.17713',
    '-0.98419', '-0.00022', '0.00010', '-0.00020', '1.00000']
  '005.1333': ['0.956', '0.451', '0.080', '-0.83477', '-0.55060', '-0.00012', '0.55060',
    '-0.83477', '-0.00011', '-0.00004', '-0.00015', '1.00000']
  '005.2000': ['0.935', '0.467', '0.080', '-0.77346', '-0.63385', '-0.00013', '0.63385',
    '-0.77346', '-0.00009', '-0.00004', '-0.00015', '1.00000']
  '005.2667': ['0.782', '0.498', '0.080', '-0.71379', '-0.70036', '-0.00001', '0.70036',
    '-0.71379', '-0.00017', '0.00011', '-0.00013', '1.00000']
  '005.3333': ['0.766', '0.513', '0.080', '-0.64920', '-0.76061', '-0.00002', '0.76061',
    '-0.64920', '-0.00015', '0.00010', '-0.00011', '1.00000']
  '005.4000': ['0.752', '0.530', '0.080', '-0.57928', '-0.81513', '-0.00002', '0.81513',
    '-0.57928', '-0.00012', '0.00009', '-0.00009', '1.00000']
  '005.8000': ['0.702', '0.650', '0.080', '-0.13851', '-0.99036', '-0.00003', '0.99036',
    '-0.13851', '0.00003', '-0.00003', '-0.00003', '1.00000']
