begin_time_stamp: 1572419946.0666666
data_header:
  time_stamp: [x, y, z, R11, R12, R13, R21, R22, R23, R31, R32, R33]
trajectory_data:
  '000.0000': ['-0.330', '2.194', '0.080', '-0.61728', '0.78675', '-0.00046', '-0.78675',
    '-0.61728', '0.00033', '-0.00002', '0.00056', '1.00000']
  '000.0667': ['-0.333', '2.189', '0.080', '-0.61735', '0.78669', '-0.00046', '-0.78669',
    '-0.61735', '0.00033', '-0.00003', '0.00057', '1.00000']
  '000.1333': ['-0.334', '2.187', '0.080', '-0.62078', '0.78398', '-0.00047', '-0.78398',
    '-0.62078', '0.00033', '-0.00003', '0.00058', '1.00000']
  '000.2000': ['-0.335', '2.187', '0.080', '-0.62287', '0.78232', '-0.00047', '-0.78232',
    '-0.62287', '0.00032', '-0.00004', '0.00056', '1.00000']
  '000.2667': ['-0.335', '2.188', '0.080', '-0.62243', '0.78267', '-0.00046', '-0.78267',
    '-0.62243', '0.00032', '-0.00004', '0.00056', '1.00000']
  '000.3333': ['-0.336', '2.186', '0.080', '-0.62122', '0.78364', '-0.00045', '-0.78364',
    '-0.62122', '0.00034', '-0.00001', '0.00057', '1.00000']
  '000.4000': ['-0.341', '2.181', '0.080', '-0.61650', '0.78736', '-0.00043', '-0.78736',
    '-0.61650', '0.00033', '-0.00001', '0.00055', '1.00000']
  '000.4667': ['-0.351', '2.171', '0.080', '-0.62097', '0.78384', '-0.00043', '-0.78384',
    '-0.62097', '0.00034', '-0.00000', '0.00054', '1.00000']
  '000.5333': ['-0.362', '2.159', '0.080', '-0.62403', '0.78140', '-0.00042', '-0.78140',
    '-0.62403', '0.00033', '-0.00000', '0.00054', '1.00000']
  '000.6000': ['-0.373', '2.146', '0.080', '-0.62799', '0.77822', '-0.00044', '-0.77822',
    '-0.62799', '0.00032', '-0.00003', '0.00054', '1.00000']
  '000.6667': ['-0.387', '2.131', '0.080', '-0.63306', '0.77411', '-0.00043', '-0.77411',
    '-0.63306', '0.00032', '-0.00003', '0.00054', '1.00000']
  '000.7333': ['-0.401', '2.114', '0.080', '-0.63108', '0.77572', '-0.00045', '-0.77572',
    '-0.63108', '0.00031', '-0.00004', '0.00054', '1.00000']
  '000.8000': ['-0.415', '2.099', '0.080', '-0.60916', '0.79305', '-0.00046', '-0.79305',
    '-0.60916', '0.00032', '-0.00002', '0.00056', '1.00000']
  '000.8667': ['-0.427', '2.084', '0.080', '-0.57316', '0.81944', '-0.00047', '-0.81944',
    '-0.57316', '0.00033', '0.00000', '0.00057', '1.00000']
  '000.9333': ['-0.441', '2.065', '0.080', '-0.52389', '0.85179', '-0.00046', '-0.85179',
    '-0.52389', '0.00033', '0.00004', '0.00056', '1.00000']
  '001.0000': ['-0.455', '2.042', '0.080', '-0.48460', '0.87473', '-0.00047', '-0.87473',
    '-0.48460', '0.00031', '0.00004', '0.00056', '1.00000']
  '001.0667': ['-0.461', '2.022', '0.080', '-0.45805', '0.88893', '-0.00052', '-0.88893',
    '-0.45805', '0.00030', '0.00003', '0.00060', '1.00000']
  '001.1333': ['-0.463', '2.005', '0.080', '-0.44009', '0.89795', '-0.00059', '-0.89795',
    '-0.44009', '0.00031', '0.00002', '0.00067', '1.00000']
  '001.2000': ['-0.463', '2.002', '0.080', '-0.43236', '0.90170', '-0.00059', '-0.90170',
    '-0.43236', '0.00031', '0.00002', '0.00067', '1.00000']
  '001.2667': ['-0.464', '2.003', '0.080', '-0.43466', '0.90059', '-0.00059', '-0.90059',
    '-0.43466', '0.00031', '0.00002', '0.00066', '1.00000']
  '001.3333': ['-0.464', '2.002', '0.080', '-0.43466', '0.90060', '-0.00058', '-0.90060',
    '-0.43466', '0.00032', '0.00004', '0.00066', '1.00000']
  '001.4000': ['-0.467', '1.999', '0.080', '-0.43122', '0.90225', '-0.00057', '-0.90225',
    '-0.43122', '0.00034', '0.00006', '0.00066', '1.00000']
  '001.4667': ['-0.473', '1.992', '0.080', '-0.42761', '0.90396', '-0.00054', '-0.90396',
    '-0.42761', '0.00031', '0.00004', '0.00062', '1.00000']
  '001.5333': ['-0.476', '1.982', '0.080', '-0.42890', '0.90335', '-0.00057', '-0.90335',
    '-0.42890', '0.00030', '0.00003', '0.00065', '1.00000']
  '001.6000': ['-0.479', '1.971', '0.080', '-0.43026', '0.90270', '-0.00060', '-0.90270',
    '-0.43026', '0.00031', '0.00002', '0.00067', '1.00000']
  '001.6667': ['-0.481', '1.962', '0.080', '-0.43142', '0.90215', '-0.00063', '-0.90215',
    '-0.43142', '0.00030', '0.00000', '0.00070', '1.00000']
  '001.7333': ['-0.481', '1.963', '0.080', '-0.43088', '0.90241', '-0.00062', '-0.90241',
    '-0.43088', '0.00031', '0.00001', '0.00070', '1.00000']
  '001.8000': ['-0.481', '1.962', '0.080', '-0.43269', '0.90154', '-0.00062', '-0.90154',
    '-0.43269', '0.00033', '0.00003', '0.00070', '1.00000']
  '001.8667': ['-0.483', '1.961', '0.080', '-0.43976', '0.89811', '-0.00061', '-0.89811',
    '-0.43976', '0.00032', '0.00001', '0.00069', '1.00000']
  '001.9333': ['-0.490', '1.953', '0.080', '-0.44783', '0.89412', '-0.00058', '-0.89412',
    '-0.44783', '0.00031', '0.00002', '0.00066', '1.00000']
  '002.0000': ['-0.496', '1.942', '0.080', '-0.45492', '0.89053', '-0.00056', '-0.89053',
    '-0.45492', '0.00031', '0.00002', '0.00064', '1.00000']
  '002.0667': ['-0.506', '1.927', '0.080', '-0.46407', '0.88580', '-0.00055', '-0.88580',
    '-0.46407', '0.00028', '-0.00001', '0.00062', '1.00000']
  '002.1333': ['-0.517', '1.909', '0.080', '-0.47407', '0.88049', '-0.00056', '-0.88049',
    '-0.47407', '0.00025', '-0.00005', '0.00061', '1.00000']
  '002.2000': ['-0.528', '1.889', '0.080', '-0.48458', '0.87475', '-0.00057', '-0.87475',
    '-0.48458', '0.00023', '-0.00008', '0.00061', '1.00000']
  '002.2667': ['-0.539', '1.871', '0.080', '-0.49475', '0.86904', '-0.00059', '-0.86904',
    '-0.49475', '0.00021', '-0.00011', '0.00061', '1.00000']
  '002.3333': ['-0.546', '1.857', '0.080', '-0.50397', '0.86372', '-0.00059', '-0.86372',
    '-0.50397', '0.00021', '-0.00012', '0.00061', '1.00000']
  '002.4000': ['-0.560', '1.837', '0.080', '-0.52029', '0.85399', '-0.00058', '-0.85399',
    '-0.52029', '0.00016', '-0.00017', '0.00058', '1.00000']
  '002.4667': ['-0.571', '1.818', '0.080', '-0.52696', '0.84989', '-0.00059', '-0.84989',
    '-0.52696', '0.00014', '-0.00019', '0.00058', '1.00000']
  '002.5333': ['-0.587', '1.794', '0.080', '-0.52935', '0.84840', '-0.00060', '-0.84840',
    '-0.52935', '0.00014', '-0.00020', '0.00058', '1.00000']
  '002.6000': ['-0.598', '1.776', '0.080', '-0.52634', '0.85028', '-0.00061', '-0.85028',
    '-0.52634', '0.00012', '-0.00022', '0.00059', '1.00000']
  '002.6667': ['-0.611', '1.755', '0.080', '-0.51894', '0.85481', '-0.00063', '-0.85481',
    '-0.51894', '0.00010', '-0.00024', '0.00059', '1.00000']
  '002.7333': ['-0.624', '1.734', '0.080', '-0.50635', '0.86233', '-0.00064', '-0.86233',
    '-0.50635', '0.00008', '-0.00026', '0.00059', '1.00000']
  '002.8000': ['-0.642', '1.707', '0.080', '-0.43653', '0.89969', '-0.00064', '-0.89969',
    '-0.43653', '0.00008', '-0.00021', '0.00061', '1.00000']
  '002.8667': ['-0.652', '1.688', '0.080', '-0.38173', '0.92427', '-0.00063', '-0.92427',
    '-0.38173', '0.00005', '-0.00020', '0.00061', '1.00000']
  '002.9333': ['-0.660', '1.667', '0.080', '-0.32412', '0.94602', '-0.00063', '-0.94602',
    '-0.32412', '0.00002', '-0.00019', '0.00060', '1.00000']
  '003.0000': ['-0.670', '1.643', '0.080', '-0.24604', '0.96926', '-0.00062', '-0.96926',
    '-0.24604', '0.00003', '-0.00012', '0.00061', '1.00000']
  '003.0667': ['-0.677', '1.620', '0.080', '-0.14739', '0.98908', '-0.00065', '-0.98908',
    '-0.14739', '0.00004', '-0.00006', '0.00064', '1.00000']
  '003.1333': ['-0.682', '1.597', '0.080', '-0.04282', '0.99908', '-0.00064', '-0.99908',
    '-0.04282', '-0.00001', '-0.00003', '0.00064', '1.00000']
  '003.2000': ['-0.684', '1.573', '0.080', '0.06246', '0.99805', '-0.00063', '-0.99805',
    '0.06246', '-0.00005', '-0.00001', '0.00063', '1.00000']
  '003.2667': ['-0.686', '1.548', '0.080', '0.18402', '0.98292', '-0.00061', '-0.98292',
    '0.18402', '-0.00007', '0.00004', '0.00062', '1.00000']
  '003.3333': ['-0.680', '1.529', '0.080', '0.27172', '0.96238', '-0.00061', '-0.96238',
    '0.27172', '-0.00016', '0.00001', '0.00063', '1.00000']
  '003.4000': ['-0.672', '1.515', '0.080', '0.34471', '0.93871', '-0.00061', '-0.93871',
    '0.34471', '-0.00021', '0.00001', '0.00065', '1.00000']
  '003.4667': ['-0.665', '1.509', '0.080', '0.39706', '0.91779', '-0.00065', '-0.91779',
    '0.39706', '-0.00019', '0.00008', '0.00067', '1.00000']
  '003.5333': ['-0.666', '1.508', '0.080', '0.40026', '0.91640', '-0.00063', '-0.91640',
    '0.40026', '-0.00020', '0.00007', '0.00066', '1.00000']
  '003.6000': ['-0.664', '1.503', '0.080', '0.38772', '0.92178', '-0.00068', '-0.92178',
    '0.38772', '-0.00015', '0.00013', '0.00068', '1.00000']
  '003.6667': ['-0.660', '1.496', '0.080', '0.38394', '0.92336', '-0.00065', '-0.92336',
    '0.38394', '-0.00020', '0.00006', '0.00067', '1.00000']
  '003.7333': ['-0.657', '1.491', '0.080', '0.37972', '0.92510', '-0.00063', '-0.92510',
    '0.37972', '-0.00021', '0.00004', '0.00067', '1.00000']
  '003.8000': ['-0.657', '1.490', '0.080', '0.37771', '0.92592', '-0.00064', '-0.92592',
    '0.37771', '-0.00020', '0.00006', '0.00067', '1.00000']
  '003.8667': ['-0.657', '1.490', '0.080', '0.37137', '0.92849', '-0.00067', '-0.92849',
    '0.37137', '-0.00017', '0.00009', '0.00068', '1.00000']
  '003.9333': ['-0.657', '1.485', '0.080', '0.37754', '0.92599', '-0.00066', '-0.92599',
    '0.37754', '-0.00016', '0.00010', '0.00067', '1.00000']
  '004.0000': ['-0.654', '1.472', '0.080', '0.37909', '0.92536', '-0.00064', '-0.92536',
    '0.37909', '-0.00016', '0.00009', '0.00065', '1.00000']
  '004.0667': ['-0.651', '1.455', '0.080', '0.37675', '0.92631', '-0.00060', '-0.92631',
    '0.37675', '-0.00016', '0.00008', '0.00062', '1.00000']
  '004.1333': ['-0.644', '1.436', '0.080', '0.37259', '0.92799', '-0.00058', '-0.92799',
    '0.37259', '-0.00014', '0.00009', '0.00059', '1.00000']
  '004.2000': ['-0.635', '1.413', '0.080', '0.36643', '0.93045', '-0.00055', '-0.93045',
    '0.36643', '-0.00014', '0.00007', '0.00056', '1.00000']
  '004.2667': ['-0.626', '1.390', '0.080', '0.36025', '0.93286', '-0.00052', '-0.93286',
    '0.36025', '-0.00014', '0.00005', '0.00053', '1.00000']
  '004.3333': ['-0.620', '1.371', '0.080', '0.35930', '0.93322', '-0.00051', '-0.93322',
    '0.35930', '-0.00015', '0.00005', '0.00052', '1.00000']
  '004.4000': ['-0.614', '1.356', '0.080', '0.35576', '0.93458', '-0.00050', '-0.93458',
    '0.35576', '-0.00018', '0.00001', '0.00053', '1.00000']
  '004.4667': ['-0.603', '1.328', '0.080', '0.35822', '0.93364', '-0.00047', '-0.93364',
    '0.35822', '-0.00016', '0.00002', '0.00050', '1.00000']
  '004.5333': ['-0.589', '1.314', '0.080', '0.35422', '0.93516', '-0.00052', '-0.93516',
    '0.35422', '-0.00016', '0.00003', '0.00054', '1.00000']
  '004.6000': ['-0.580', '1.289', '0.080', '0.35011', '0.93671', '-0.00054', '-0.93671',
    '0.35011', '-0.00015', '0.00005', '0.00055', '1.00000']
  '004.6667': ['-0.573', '1.271', '0.080', '0.35150', '0.93619', '-0.00055', '-0.93619',
    '0.35150', '-0.00015', '0.00005', '0.00056', '1.00000']
  '004.7333': ['-0.565', '1.254', '0.080', '0.35384', '0.93531', '-0.00056', '-0.93531',
    '0.35384', '-0.00016', '0.00005', '0.00058', '1.00000']
  '004.8000': ['-0.562', '1.247', '0.080', '0.35389', '0.93529', '-0.00056', '-0.93529',
    '0.35389', '-0.00015', '0.00006', '0.00058', '1.00000']
  '004.8667': ['-0.561', '1.244', '0.080', '0.35092', '0.93640', '-0.00057', '-0.93640',
    '0.35092', '-0.00013', '0.00008', '0.00058', '1.00000']
  '004.9333': ['-0.559', '1.237', '0.080', '0.34771', '0.93760', '-0.00056', '-0.93760',
    '0.34771', '-0.00013', '0.00007', '0.00057', '1.00000']
  '005.0000': ['-0.555', '1.224', '0.080', '0.33830', '0.94104', '-0.00055', '-0.94104',
    '0.33830', '-0.00015', '0.00005', '0.00057', '1.00000']
  '005.0667': ['-0.550', '1.205', '0.080', '0.32582', '0.94543', '-0.00055', '-0.94543',
    '0.32582', '-0.00017', '0.00002', '0.00057', '1.00000']
  '005.1333': ['-0.541', '1.181', '0.080', '0.31458', '0.94923', '-0.00054', '-0.94923',
    '0.31458', '-0.00019', '-0.00001', '0.00057', '1.00000']
  '005.2000': ['-0.535', '1.160', '0.080', '0.34470', '0.93871', '-0.00052', '-0.93871',
    '0.34470', '-0.00024', '-0.00004', '0.00057', '1.00000']
  '005.2667': ['-0.529', '1.138', '0.080', '0.37681', '0.92629', '-0.00051', '-0.92629',
    '0.37681', '-0.00029', '-0.00008', '0.00058', '1.00000']
  '005.3333': ['-0.523', '1.118', '0.080', '0.42289', '0.90618', '-0.00052', '-0.90618',
    '0.42289', '-0.00037', '-0.00011', '0.00063', '1.00000']
  '005.4000': ['-0.514', '1.098', '0.080', '0.46220', '0.88678', '-0.00052', '-0.88678',
    '0.46220', '-0.00047', '-0.00017', '0.00068', '1.00000']
  '005.4667': ['-0.504', '1.079', '0.080', '0.48520', '0.87440', '-0.00051', '-0.87440',
    '0.48520', '-0.00060', '-0.00027', '0.00073', '1.00000']
  '005.5333': ['-0.492', '1.058', '0.080', '0.49518', '0.86879', '-0.00048', '-0.86879',
    '0.49518', '-0.00073', '-0.00039', '0.00078', '1.00000']
  '005.6000': ['-0.479', '1.034', '0.080', '0.49995', '0.86606', '-0.00046', '-0.86606',
    '0.49995', '-0.00082', '-0.00048', '0.00081', '1.00000']
  '005.6667': ['-0.465', '1.011', '0.080', '0.49958', '0.86627', '-0.00043', '-0.86627',
    '0.49958', '-0.00089', '-0.00056', '0.00082', '1.00000']
  '005.7333': ['-0.453', '0.994', '0.080', '0.50081', '0.86556', '-0.00040', '-0.86556',
    '0.50081', '-0.00096', '-0.00063', '0.00083', '1.00000']
  '005.8000': ['-0.442', '0.975', '0.080', '0.49613', '0.86825', '-0.00039', '-0.86825',
    '0.49613', '-0.00102', '-0.00070', '0.00084', '1.00000']
  '005.8667': ['-0.431', '0.957', '0.080', '0.49265', '0.87023', '-0.00036', '-0.87023',
    '0.49265', '-0.00108', '-0.00076', '0.00085', '1.00000']
  '005.9333': ['-0.420', '0.938', '0.080', '0.48966', '0.87191', '-0.00035', '-0.87191',
    '0.48966', '-0.00102', '-0.00072', '0.00080', '1.00000']
  '006.0000': ['-0.409', '0.917', '0.080', '0.50279', '0.86441', '-0.00033', '-0.86441',
    '0.50278', '-0.00090', '-0.00061', '0.00074', '1.00000']
  '006.0667': ['-0.397', '0.897', '0.080', '0.54881', '0.83595', '-0.00032', '-0.83595',
    '0.54881', '-0.00086', '-0.00054', '0.00074', '1.00000']
  '006.1333': ['-0.383', '0.878', '0.080', '0.60809', '0.79387', '-0.00032', '-0.79387',
    '0.60809', '-0.00087', '-0.00050', '0.00078', '1.00000']
  '006.2000': ['-0.361', '0.848', '0.080', '0.67900', '0.73414', '-0.00061', '-0.73414',
    '0.67900', '-0.00053', '0.00003', '0.00081', '1.00000']
  '006.2667': ['-0.348', '0.836', '0.080', '0.72719', '0.68644', '-0.00065', '-0.68644',
    '0.72719', '-0.00061', '0.00005', '0.00089', '1.00000']
  '006.3333': ['-0.335', '0.823', '0.080', '0.78734', '0.61652', '-0.00049', '-0.61652',
    '0.78734', '-0.00073', '-0.00007', '0.00088', '1.00000']
  '006.4000': ['-0.309', '0.801', '0.080', '0.85232', '0.52302', '-0.00035', '-0.52302',
    '0.85232', '-0.00080', '-0.00012', '0.00087', '1.00000']
  '006.4667': ['-0.291', '0.788', '0.080', '0.87226', '0.48903', '-0.00027', '-0.48903',
    '0.87226', '-0.00081', '-0.00016', '0.00083', '1.00000']
  '006.5333': ['-0.275', '0.777', '0.080', '0.88239', '0.47051', '-0.00018', '-0.47051',
    '0.88239', '-0.00079', '-0.00021', '0.00078', '1.00000']
  '006.6000': ['-0.256', '0.766', '0.080', '0.89091', '0.45417', '-0.00015', '-0.45417',
    '0.89091', '-0.00077', '-0.00021', '0.00075', '1.00000']
  '006.6667': ['-0.225', '0.750', '0.080', '0.89747', '0.44107', '-0.00012', '-0.44107',
    '0.89747', '-0.00082', '-0.00025', '0.00079', '1.00000']
  '006.7333': ['-0.204', '0.739', '0.080', '0.89768', '0.44065', '-0.00011', '-0.44065',
    '0.89768', '-0.00080', '-0.00025', '0.00077', '1.00000']
  '006.8000': ['-0.185', '0.730', '0.080', '0.89621', '0.44363', '-0.00012', '-0.44363',
    '0.89621', '-0.00075', '-0.00023', '0.00072', '1.00000']
  '006.8667': ['-0.175', '0.724', '0.080', '0.89408', '0.44791', '-0.00021', '-0.44791',
    '0.89408', '-0.00066', '-0.00010', '0.00068', '1.00000']
  '006.9333': ['-0.173', '0.723', '0.080', '0.89359', '0.44889', '-0.00022', '-0.44889',
    '0.89359', '-0.00064', '-0.00009', '0.00067', '1.00000']
  '007.0000': ['-0.173', '0.723', '0.080', '0.89280', '0.45046', '-0.00023', '-0.45046',
    '0.89280', '-0.00065', '-0.00009', '0.00068', '1.00000']
  '007.0667': ['-0.170', '0.722', '0.080', '0.89643', '0.44318', '-0.00023', '-0.44318',
    '0.89643', '-0.00065', '-0.00008', '0.00068', '1.00000']
  '007.1333': ['-0.158', '0.717', '0.080', '0.89444', '0.44719', '-0.00016', '-0.44719',
    '0.89444', '-0.00063', '-0.00014', '0.00064', '1.00000']
  '007.2000': ['-0.141', '0.707', '0.080', '0.88956', '0.45681', '-0.00018', '-0.45681',
    '0.88956', '-0.00069', '-0.00015', '0.00069', '1.00000']
  '007.2667': ['-0.129', '0.701', '0.080', '0.88958', '0.45678', '-0.00017', '-0.45678',
    '0.88958', '-0.00070', '-0.00017', '0.00070', '1.00000']
  '007.3333': ['-0.105', '0.696', '0.080', '0.87456', '0.48491', '-0.00013', '-0.48491',
    '0.87456', '-0.00059', '-0.00017', '0.00058', '1.00000']
  '007.4000': ['-0.089', '0.684', '0.080', '0.87226', '0.48904', '-0.00010', '-0.48904',
    '0.87226', '-0.00059', '-0.00020', '0.00057', '1.00000']
  '007.4667': ['-0.068', '0.676', '0.080', '0.87144', '0.49051', '-0.00007', '-0.49051',
    '0.87144', '-0.00062', '-0.00024', '0.00058', '1.00000']
  '007.5333': ['-0.048', '0.664', '0.080', '0.87696', '0.48057', '-0.00007', '-0.48057',
    '0.87696', '-0.00063', '-0.00024', '0.00058', '1.00000']
  '007.6000': ['-0.034', '0.656', '0.080', '0.88894', '0.45803', '-0.00007', '-0.45803',
    '0.88894', '-0.00063', '-0.00022', '0.00059', '1.00000']
  '007.6667': ['-0.009', '0.643', '0.080', '0.91859', '0.39520', '-0.00007', '-0.39520',
    '0.91859', '-0.00059', '-0.00017', '0.00057', '1.00000']
  '007.7333': ['0.013', '0.633', '0.080', '0.94857', '0.31657', '-0.00004', '-0.31657',
    '0.94857', '-0.00056', '-0.00014', '0.00055', '1.00000']
  '007.8000': ['0.038', '0.624', '0.080', '0.97361', '0.22820', '-0.00003', '-0.22820',
    '0.97361', '-0.00061', '-0.00011', '0.00060', '1.00000']
  '007.8667': ['0.065', '0.616', '0.080', '0.99093', '0.13435', '0.00001', '-0.13435',
    '0.99093', '-0.00065', '-0.00010', '0.00064', '1.00000']
  '007.9333': ['0.086', '0.612', '0.080', '0.99874', '0.05012', '0.00008', '-0.05012',
    '0.99874', '-0.00066', '-0.00011', '0.00066', '1.00000']
  '008.0000': ['0.114', '0.609', '0.080', '0.99877', '-0.04955', '0.00010', '0.04955',
    '0.99877', '-0.00061', '-0.00007', '0.00061', '1.00000']
  '008.0667': ['0.136', '0.610', '0.080', '0.98972', '-0.14299', '0.00010', '0.14299',
    '0.98972', '-0.00055', '-0.00002', '0.00056', '1.00000']
  '008.1333': ['0.156', '0.611', '0.080', '0.97041', '-0.24147', '0.00011', '0.24147',
    '0.97041', '-0.00050', '0.00002', '0.00051', '1.00000']
  '008.2000': ['0.162', '0.605', '0.080', '0.90525', '-0.42488', '0.00005', '0.42488',
    '0.90525', '-0.00031', '0.00009', '0.00030', '1.00000']
  '008.2667': ['0.165', '0.604', '0.080', '0.83667', '-0.54771', '0.00003', '0.54771',
    '0.83667', '-0.00031', '0.00014', '0.00027', '1.00000']
  '008.3333': ['0.164', '0.604', '0.080', '0.82846', '-0.56004', '0.00003', '0.56004',
    '0.82846', '-0.00029', '0.00014', '0.00026', '1.00000']
  '008.4000': ['0.165', '0.604', '0.080', '0.83060', '-0.55687', '0.00002', '0.55687',
    '0.83060', '-0.00029', '0.00015', '0.00026', '1.00000']
  '008.4667': ['0.165', '0.604', '0.080', '0.81211', '-0.58351', '0.00002', '0.58351',
    '0.81211', '-0.00029', '0.00015', '0.00024', '1.00000']
  '008.5333': ['0.164', '0.603', '0.080', '0.77785', '-0.62845', '0.00003', '0.62845',
    '0.77785', '-0.00031', '0.00017', '0.00026', '1.00000']
  '008.6000': ['0.165', '0.603', '0.080', '0.77812', '-0.62811', '0.00002', '0.62811',
    '0.77812', '-0.00029', '0.00017', '0.00024', '1.00000']
  '008.6667': ['0.164', '0.603', '0.080', '0.77923', '-0.62674', '0.00003', '0.62674',
    '0.77923', '-0.00030', '0.00017', '0.00025', '1.00000']
  '008.7333': ['0.165', '0.603', '0.080', '0.77924', '-0.62673', '0.00002', '0.62673',
    '0.77924', '-0.00029', '0.00017', '0.00024', '1.00000']
  '008.8000': ['0.165', '0.603', '0.080', '0.77005', '-0.63798', '0.00002', '0.63798',
    '0.77005', '-0.00029', '0.00017', '0.00024', '1.00000']
  '008.8667': ['0.164', '0.602', '0.080', '0.74719', '-0.66461', '0.00003', '0.66461',
    '0.74719', '-0.00028', '0.00017', '0.00023', '1.00000']
  '008.9333': ['0.165', '0.602', '0.080', '0.69118', '-0.72268', '0.00003', '0.72268',
    '0.69118', '-0.00028', '0.00019', '0.00022', '1.00000']
  '009.0000': ['0.165', '0.600', '0.080', '0.61396', '-0.78934', '0.00004', '0.78934',
    '0.61396', '-0.00029', '0.00020', '0.00021', '1.00000']
  '009.0667': ['0.165', '0.598', '0.080', '0.54376', '-0.83924', '0.00006', '0.83924',
    '0.54376', '-0.00030', '0.00022', '0.00021', '1.00000']
  '009.1333': ['0.165', '0.599', '0.080', '0.55218', '-0.83372', '0.00004', '0.83372',
    '0.55218', '-0.00029', '0.00022', '0.00020', '1.00000']
  '009.2000': ['0.167', '0.598', '0.080', '0.56952', '-0.82198', '0.00003', '0.82198',
    '0.56952', '-0.00029', '0.00022', '0.00019', '1.00000']
  '009.2667': ['0.173', '0.607', '0.080', '0.58595', '-0.81034', '0.00003', '0.81034',
    '0.58595', '-0.00030', '0.00022', '0.00020', '1.00000']
  '009.3333': ['0.185', '0.623', '0.080', '0.60079', '-0.79941', '0.00004', '0.79941',
    '0.60079', '-0.00032', '0.00023', '0.00023', '1.00000']
  '009.4000': ['0.202', '0.644', '0.080', '0.61000', '-0.79240', '0.00002', '0.79240',
    '0.61000', '-0.00034', '0.00026', '0.00023', '1.00000']
  '009.4667': ['0.213', '0.660', '0.080', '0.61097', '-0.79165', '0.00002', '0.79165',
    '0.61097', '-0.00035', '0.00026', '0.00023', '1.00000']
  '009.5333': ['0.227', '0.679', '0.080', '0.60752', '-0.79430', '0.00003', '0.79430',
    '0.60752', '-0.00036', '0.00027', '0.00024', '1.00000']
  '009.6000': ['0.243', '0.699', '0.080', '0.60881', '-0.79332', '0.00003', '0.79332',
    '0.60881', '-0.00037', '0.00027', '0.00025', '1.00000']
  '009.6667': ['0.256', '0.715', '0.080', '0.61648', '-0.78737', '0.00002', '0.78737',
    '0.61648', '-0.00037', '0.00028', '0.00024', '1.00000']
  '009.7333': ['0.270', '0.731', '0.080', '0.62594', '-0.77987', '0.00001', '0.77987',
    '0.62594', '-0.00039', '0.00030', '0.00025', '1.00000']
  '009.8000': ['0.300', '0.759', '0.080', '0.62252', '-0.78261', '-0.00014', '0.78261',
    '0.62252', '-0.00056', '0.00053', '0.00024', '1.00000']
  '009.8667': ['0.314', '0.777', '0.080', '0.62863', '-0.77771', '-0.00013', '0.77771',
    '0.62863', '-0.00053', '0.00049', '0.00024', '1.00000']
  '009.9333': ['0.326', '0.794', '0.080', '0.63268', '-0.77442', '-0.00007', '0.77442',
    '0.63268', '-0.00049', '0.00043', '0.00026', '1.00000']
  '010.0000': ['0.340', '0.811', '0.080', '0.63993', '-0.76843', '0.00002', '0.76843',
    '0.63993', '-0.00042', '0.00031', '0.00029', '1.00000']
  '010.0667': ['0.361', '0.836', '0.080', '0.64370', '-0.76528', '0.00011', '0.76528',
    '0.64370', '-0.00037', '0.00021', '0.00032', '1.00000']
  '010.1333': ['0.376', '0.855', '0.080', '0.63426', '-0.77312', '0.00014', '0.77312',
    '0.63426', '-0.00037', '0.00020', '0.00034', '1.00000']
  '010.2000': ['0.391', '0.872', '0.080', '0.62949', '-0.77701', '0.00013', '0.77701',
    '0.62949', '-0.00039', '0.00022', '0.00034', '1.00000']
  '010.2667': ['0.405', '0.893', '0.080', '0.62770', '-0.77845', '0.00013', '0.77845',
    '0.62770', '-0.00041', '0.00023', '0.00036', '1.00000']
  '010.3333': ['0.420', '0.910', '0.080', '0.62889', '-0.77749', '0.00013', '0.77749',
    '0.62889', '-0.00039', '0.00022', '0.00035', '1.00000']
  '010.4000': ['0.436', '0.930', '0.080', '0.62603', '-0.77980', '0.00013', '0.77980',
    '0.62603', '-0.00039', '0.00022', '0.00035', '1.00000']
  '010.4667': ['0.453', '0.951', '0.080', '0.62411', '-0.78134', '0.00015', '0.78134',
    '0.62411', '-0.00038', '0.00021', '0.00035', '1.00000']
  '010.5333': ['0.460', '0.965', '0.080', '0.63096', '-0.77582', '0.00020', '0.77582',
    '0.63096', '-0.00038', '0.00017', '0.00040', '1.00000']
  '010.6000': ['0.478', '0.985', '0.080', '0.62544', '-0.78027', '0.00018', '0.78027',
    '0.62544', '-0.00040', '0.00020', '0.00039', '1.00000']
  '010.6667': ['0.500', '1.005', '0.080', '0.62396', '-0.78146', '0.00025', '0.78146',
    '0.62396', '-0.00040', '0.00015', '0.00045', '1.00000']
  '010.7333': ['0.512', '1.021', '0.080', '0.61934', '-0.78512', '0.00025', '0.78512',
    '0.61934', '-0.00041', '0.00017', '0.00045', '1.00000']
  '010.8000': ['0.523', '1.035', '0.080', '0.62346', '-0.78186', '0.00025', '0.78186',
    '0.62346', '-0.00038', '0.00014', '0.00043', '1.00000']
  '010.8667': ['0.539', '1.057', '0.080', '0.65846', '-0.75262', '0.00024', '0.75262',
    '0.65846', '-0.00035', '0.00011', '0.00041', '1.00000']
  '010.9333': ['0.562', '1.082', '0.080', '0.71955', '-0.69444', '0.00022', '0.69444',
    '0.71955', '-0.00029', '0.00005', '0.00036', '1.00000']
  '011.0000': ['0.579', '1.099', '0.080', '0.75316', '-0.65784', '0.00023', '0.65784',
    '0.75316', '-0.00029', '0.00002', '0.00037', '1.00000']
  '011.0667': ['0.596', '1.114', '0.080', '0.76932', '-0.63887', '0.00024', '0.63887',
    '0.76932', '-0.00032', '0.00002', '0.00040', '1.00000']
  '011.1333': ['0.616', '1.132', '0.080', '0.77866', '-0.62745', '0.00027', '0.62745',
    '0.77866', '-0.00032', '-0.00001', '0.00042', '1.00000']
  '011.2000': ['0.636', '1.149', '0.080', '0.78428', '-0.62040', '0.00030', '0.62040',
    '0.78428', '-0.00030', '-0.00004', '0.00042', '1.00000']
  '011.2667': ['0.652', '1.162', '0.080', '0.78534', '-0.61907', '0.00031', '0.61907',
    '0.78534', '-0.00029', '-0.00006', '0.00042', '1.00000']
  '011.3333': ['0.675', '1.178', '0.080', '0.78783', '-0.61589', '0.00035', '0.61589',
    '0.78783', '-0.00027', '-0.00011', '0.00043', '1.00000']
  '011.4000': ['0.697', '1.197', '0.080', '0.78891', '-0.61450', '0.00038', '0.61450',
    '0.78891', '-0.00027', '-0.00013', '0.00044', '1.00000']
  '011.4667': ['0.716', '1.213', '0.080', '0.78135', '-0.62409', '0.00042', '0.62409',
    '0.78135', '-0.00024', '-0.00018', '0.00045', '1.00000']
  '011.5333': ['0.735', '1.227', '0.080', '0.76026', '-0.64962', '0.00043', '0.64962',
    '0.76026', '-0.00021', '-0.00019', '0.00044', '1.00000']
  '011.6000': ['0.750', '1.240', '0.080', '0.72819', '-0.68537', '0.00044', '0.68537',
    '0.72819', '-0.00022', '-0.00017', '0.00046', '1.00000']
  '011.6667': ['0.766', '1.253', '0.080', '0.69105', '-0.72280', '0.00048', '0.72280',
    '0.69105', '-0.00021', '-0.00018', '0.00049', '1.00000']
  '011.7333': ['0.782', '1.269', '0.080', '0.66329', '-0.74836', '0.00048', '0.74836',
    '0.66329', '-0.00021', '-0.00017', '0.00050', '1.00000']
  '011.8000': ['0.799', '1.289', '0.080', '0.65184', '-0.75835', '0.00049', '0.75835',
    '0.65184', '-0.00021', '-0.00015', '0.00051', '1.00000']
  '011.8667': ['0.819', '1.313', '0.080', '0.64473', '-0.76441', '0.00048', '0.76441',
    '0.64473', '-0.00019', '-0.00017', '0.00049', '1.00000']
  '011.9333': ['0.834', '1.331', '0.080', '0.64516', '-0.76405', '0.00049', '0.76405',
    '0.64516', '-0.00018', '-0.00018', '0.00049', '1.00000']
  '012.0000': ['0.849', '1.349', '0.080', '0.65279', '-0.75754', '0.00049', '0.75754',
    '0.65279', '-0.00017', '-0.00019', '0.00048', '1.00000']
  '012.0667': ['0.862', '1.364', '0.080', '0.65952', '-0.75168', '0.00047', '0.75169',
    '0.65952', '-0.00017', '-0.00018', '0.00047', '1.00000']
  '012.1333': ['0.875', '1.381', '0.080', '0.66583', '-0.74610', '0.00048', '0.74610',
    '0.66583', '-0.00017', '-0.00019', '0.00047', '1.00000']
  '012.2000': ['0.890', '1.398', '0.080', '0.67382', '-0.73889', '0.00049', '0.73889',
    '0.67382', '-0.00016', '-0.00021', '0.00047', '1.00000']
  '012.2667': ['0.906', '1.418', '0.080', '0.68526', '-0.72829', '0.00051', '0.72830',
    '0.68526', '-0.00017', '-0.00023', '0.00049', '1.00000']
  '012.3333': ['0.921', '1.433', '0.080', '0.69387', '-0.72010', '0.00052', '0.72010',
    '0.69387', '-0.00016', '-0.00025', '0.00049', '1.00000']
  '012.4000': ['0.954', '1.453', '0.080', '0.71236', '-0.70181', '0.00058', '0.70181',
    '0.71236', '-0.00003', '-0.00039', '0.00043', '1.00000']
  '012.4667': ['0.965', '1.464', '0.080', '0.71136', '-0.70283', '0.00059', '0.70283',
    '0.71136', '-0.00004', '-0.00039', '0.00044', '1.00000']
  '012.5333': ['0.978', '1.479', '0.080', '0.71061', '-0.70358', '0.00061', '0.70358',
    '0.71061', '-0.00003', '-0.00041', '0.00045', '1.00000']
  '012.6000': ['1.002', '1.503', '0.080', '0.71196', '-0.70222', '0.00062', '0.70222',
    '0.71196', '-0.00004', '-0.00041', '0.00047', '1.00000']
  '012.6667': ['1.018', '1.519', '0.080', '0.71354', '-0.70062', '0.00061', '0.70062',
    '0.71354', '-0.00005', '-0.00040', '0.00046', '1.00000']
  '012.7333': ['1.033', '1.534', '0.080', '0.71491', '-0.69922', '0.00059', '0.69922',
    '0.71491', '-0.00005', '-0.00038', '0.00045', '1.00000']
  '012.8000': ['1.051', '1.551', '0.080', '0.71884', '-0.69518', '0.00058', '0.69518',
    '0.71884', '-0.00005', '-0.00039', '0.00044', '1.00000']
  '012.8667': ['1.072', '1.572', '0.080', '0.72688', '-0.68676', '0.00061', '0.68676',
    '0.72688', '-0.00006', '-0.00040', '0.00046', '1.00000']
  '012.9333': ['1.090', '1.589', '0.080', '0.73388', '-0.67927', '0.00061', '0.67927',
    '0.73388', '-0.00004', '-0.00042', '0.00044', '1.00000']
  '013.0000': ['1.104', '1.604', '0.080', '0.73535', '-0.67768', '0.00063', '0.67768',
    '0.73535', '-0.00005', '-0.00043', '0.00046', '1.00000']
  '013.0667': ['1.126', '1.620', '0.080', '0.73707', '-0.67582', '0.00057', '0.67582',
    '0.73707', '-0.00010', '-0.00035', '0.00046', '1.00000']
  '013.1333': ['1.142', '1.634', '0.080', '0.73203', '-0.68127', '0.00060', '0.68127',
    '0.73203', '-0.00009', '-0.00038', '0.00047', '1.00000']
  '013.2000': ['1.149', '1.640', '0.080', '0.73091', '-0.68247', '0.00055', '0.68247',
    '0.73091', '-0.00014', '-0.00031', '0.00048', '1.00000']
  '013.2667': ['1.152', '1.641', '0.080', '0.73210', '-0.68120', '0.00051', '0.68120',
    '0.73210', '-0.00018', '-0.00025', '0.00048', '1.00000']
  '013.3333': ['1.153', '1.643', '0.080', '0.73249', '-0.68077', '0.00051', '0.68077',
    '0.73249', '-0.00019', '-0.00024', '0.00048', '1.00000']
  '013.4000': ['1.157', '1.648', '0.080', '0.73538', '-0.67766', '0.00049', '0.67766',
    '0.73538', '-0.00020', '-0.00022', '0.00048', '1.00000']
  '013.4667': ['1.164', '1.657', '0.080', '0.74493', '-0.66714', '0.00047', '0.66714',
    '0.74493', '-0.00019', '-0.00022', '0.00045', '1.00000']
  '013.5333': ['1.170', '1.665', '0.080', '0.74964', '-0.66184', '0.00049', '0.66184',
    '0.74964', '-0.00013', '-0.00028', '0.00042', '1.00000']
  '013.6000': ['1.174', '1.667', '0.080', '0.74869', '-0.66292', '0.00048', '0.66292',
    '0.74869', '-0.00014', '-0.00027', '0.00042', '1.00000']
  '013.6667': ['1.177', '1.668', '0.080', '0.74704', '-0.66478', '0.00045', '0.66478',
    '0.74704', '-0.00017', '-0.00022', '0.00043', '1.00000']
  '013.7333': ['1.177', '1.668', '0.080', '0.74650', '-0.66539', '0.00041', '0.66539',
    '0.74650', '-0.00020', '-0.00018', '0.00042', '1.00000']
  '013.8000': ['1.178', '1.668', '0.080', '0.74720', '-0.66460', '0.00040', '0.66460',
    '0.74720', '-0.00019', '-0.00017', '0.00041', '1.00000']
  '013.8667': ['1.178', '1.668', '0.080', '0.74763', '-0.66411', '0.00041', '0.66411',
    '0.74763', '-0.00018', '-0.00018', '0.00041', '1.00000']
  '013.9333': ['1.177', '1.668', '0.080', '0.74736', '-0.66441', '0.00042', '0.66441',
    '0.74736', '-0.00019', '-0.00019', '0.00042', '1.00000']
  '014.0000': ['1.176', '1.668', '0.080', '0.74713', '-0.66468', '0.00043', '0.66468',
    '0.74713', '-0.00020', '-0.00019', '0.00043', '1.00000']
  '014.0667': ['1.178', '1.668', '0.080', '0.74819', '-0.66349', '0.00042', '0.66349',
    '0.74819', '-0.00019', '-0.00019', '0.00042', '1.00000']
  '014.1333': ['1.178', '1.668', '0.080', '0.74772', '-0.66401', '0.00041', '0.66401',
    '0.74772', '-0.00020', '-0.00017', '0.00042', '1.00000']
  '014.2000': ['1.176', '1.668', '0.080', '0.76397', '-0.64526', '0.00043', '0.64526',
    '0.76397', '-0.00020', '-0.00020', '0.00043', '1.00000']
  '014.2667': ['1.175', '1.669', '0.080', '0.83487', '-0.55045', '0.00042', '0.55045',
    '0.83487', '-0.00020', '-0.00024', '0.00040', '1.00000']
  '014.3333': ['1.174', '1.671', '0.080', '0.88790', '-0.46003', '0.00041', '0.46003',
    '0.88790', '-0.00020', '-0.00027', '0.00037', '1.00000']
  '014.4000': ['1.172', '1.672', '0.080', '0.90936', '-0.41600', '0.00043', '0.41600',
    '0.90936', '-0.00022', '-0.00030', '0.00038', '1.00000']
  '014.4667': ['1.171', '1.672', '0.080', '0.91974', '-0.39254', '0.00041', '0.39254',
    '0.91974', '-0.00023', '-0.00029', '0.00038', '1.00000']
  '014.5333': ['1.172', '1.672', '0.080', '0.92087', '-0.38986', '0.00041', '0.38986',
    '0.92087', '-0.00023', '-0.00028', '0.00037', '1.00000']
  '014.6000': ['1.171', '1.672', '0.080', '0.93873', '-0.34465', '0.00041', '0.34465',
    '0.93873', '-0.00025', '-0.00030', '0.00038', '1.00000']
  '014.6667': ['1.172', '1.673', '0.080', '0.96193', '-0.27328', '0.00039', '0.27328',
    '0.96193', '-0.00023', '-0.00031', '0.00032', '1.00000']
  '014.7333': ['1.172', '1.675', '0.080', '0.98071', '-0.19546', '0.00038', '0.19546',
    '0.98071', '-0.00028', '-0.00032', '0.00035', '1.00000']
  '014.8000': ['1.173', '1.676', '0.080', '0.99221', '-0.12455', '0.00037', '0.12455',
    '0.99221', '-0.00029', '-0.00033', '0.00034', '1.00000']
  '014.8667': ['1.173', '1.676', '0.080', '0.99222', '-0.12448', '0.00038', '0.12448',
    '0.99222', '-0.00032', '-0.00034', '0.00037', '1.00000']
  '014.9333': ['1.173', '1.676', '0.080', '0.99188', '-0.12718', '0.00037', '0.12718',
    '0.99188', '-0.00031', '-0.00033', '0.00035', '1.00000']
  '015.0000': ['1.173', '1.676', '0.080', '0.99198', '-0.12638', '0.00037', '0.12638',
    '0.99198', '-0.00031', '-0.00033', '0.00035', '1.00000']
  '015.0667': ['1.173', '1.676', '0.080', '0.99215', '-0.12504', '0.00035', '0.12504',
    '0.99215', '-0.00031', '-0.00031', '0.00035', '1.00000']
  '015.1333': ['1.180', '1.677', '0.080', '0.99233', '-0.12362', '0.00033', '0.12362',
    '0.99233', '-0.00036', '-0.00029', '0.00040', '1.00000']
  '015.2000': ['1.192', '1.678', '0.080', '0.99349', '-0.11395', '0.00031', '0.11395',
    '0.99349', '-0.00037', '-0.00027', '0.00040', '1.00000']
  '018.4666': ['-0.060', '-1.433', '0.080', '-0.94102', '-0.33835', '-0.00134', '0.33835',
    '-0.94102', '0.00053', '-0.00144', '0.00004', '1.00000']
  '018.5333': ['-0.062', '-1.433', '0.080', '-0.93773', '-0.34737', '-0.00134', '0.34737',
    '-0.93773', '0.00053', '-0.00144', '0.00003', '1.00000']
  '018.6000': ['-0.062', '-1.433', '0.080', '-0.93430', '-0.35649', '-0.00134', '0.35649',
    '-0.93430', '0.00054', '-0.00145', '0.00002', '1.00000']
  '018.6666': ['-0.056', '-1.435', '0.080', '-0.94054', '-0.33969', '-0.00134', '0.33969',
    '-0.94054', '0.00052', '-0.00144', '0.00004', '1.00000']
  '018.7333': ['-0.051', '-1.437', '0.080', '-0.93565', '-0.35294', '-0.00129', '0.35294',
    '-0.93565', '0.00051', '-0.00139', '0.00003', '1.00000']
  '018.8000': ['-0.047', '-1.438', '0.080', '-0.94360', '-0.33108', '-0.00130', '0.33108',
    '-0.94360', '0.00050', '-0.00139', '0.00004', '1.00000']
  '018.8666': ['-0.048', '-1.438', '0.080', '-0.93874', '-0.34462', '-0.00129', '0.34462',
    '-0.93874', '0.00051', '-0.00139', '0.00003', '1.00000']
  '019.4666': ['0.079', '-1.482', '0.080', '-0.02244', '0.99975', '-0.00031', '-0.99975',
    '-0.02244', '-0.00022', '-0.00023', '0.00030', '1.00000']
  '019.5333': ['0.104', '-1.488', '0.080', '0.74635', '0.66556', '-0.00011', '-0.66556',
    '0.74635', '-0.00020', '-0.00005', '0.00022', '1.00000']
  '019.6000': ['0.126', '-1.494', '0.080', '0.95040', '0.31103', '-0.00008', '-0.31103',
    '0.95040', '-0.00024', '0.00000', '0.00025', '1.00000']
  '019.6666': ['0.148', '-1.500', '0.080', '0.99286', '-0.11925', '-0.00003', '0.11925',
    '0.99286', '-0.00032', '0.00007', '0.00032', '1.00000']
  '019.7333': ['0.175', '-1.507', '0.080', '0.87844', '-0.47786', '0.00004', '0.47786',
    '0.87844', '-0.00044', '0.00018', '0.00041', '1.00000']
  '019.8000': ['0.198', '-1.514', '0.080', '0.73807', '-0.67472', '0.00011', '0.67472',
    '0.73807', '-0.00051', '0.00026', '0.00045', '1.00000']
  '019.8666': ['0.221', '-1.521', '0.080', '0.68045', '-0.73280', '0.00014', '0.73280',
    '0.68045', '-0.00055', '0.00031', '0.00048', '1.00000']
  '019.9333': ['0.238', '-1.527', '0.080', '0.49538', '-0.86867', '0.00024', '0.86867',
    '0.49538', '-0.00061', '0.00041', '0.00051', '1.00000']
  '020.0000': ['0.247', '-1.529', '0.080', '0.44686', '-0.89460', '0.00028', '0.89460',
    '0.44686', '-0.00066', '0.00047', '0.00055', '1.00000']
  '020.0666': ['0.253', '-1.530', '0.080', '0.54622', '-0.83764', '0.00024', '0.83764',
    '0.54622', '-0.00067', '0.00043', '0.00057', '1.00000']
  '020.1333': ['0.256', '-1.530', '0.080', '0.59559', '-0.80329', '0.00022', '0.80329',
    '0.59559', '-0.00068', '0.00041', '0.00058', '1.00000']
  '020.2000': ['0.255', '-1.530', '0.080', '0.56686', '-0.82381', '0.00022', '0.82381',
    '0.56686', '-0.00068', '0.00043', '0.00057', '1.00000']
  '020.2666': ['0.255', '-1.529', '0.080', '0.51238', '-0.85876', '0.00022', '0.85876',
    '0.51238', '-0.00068', '0.00047', '0.00054', '1.00000']
  '020.3333': ['0.255', '-1.527', '0.080', '0.57965', '-0.81487', '0.00017', '0.81487',
    '0.57964', '-0.00069', '0.00047', '0.00054', '1.00000']
  '020.4000': ['0.254', '-1.527', '0.080', '0.55036', '-0.83493', '0.00018', '0.83493',
    '0.55036', '-0.00069', '0.00048', '0.00053', '1.00000']
  '020.4666': ['0.254', '-1.527', '0.080', '0.55877', '-0.82932', '0.00018', '0.82932',
    '0.55877', '-0.00069', '0.00047', '0.00053', '1.00000']
  '020.5333': ['0.255', '-1.527', '0.080', '0.56243', '-0.82684', '0.00018', '0.82684',
    '0.56243', '-0.00069', '0.00047', '0.00054', '1.00000']
  '020.6000': ['0.254', '-1.527', '0.080', '0.55766', '-0.83007', '0.00018', '0.83007',
    '0.55766', '-0.00069', '0.00047', '0.00054', '1.00000']
  '020.6666': ['0.254', '-1.527', '0.080', '0.56024', '-0.82833', '0.00018', '0.82833',
    '0.56024', '-0.00069', '0.00047', '0.00053', '1.00000']
  '020.7333': ['0.255', '-1.527', '0.080', '0.56483', '-0.82521', '0.00018', '0.82521',
    '0.56483', '-0.00069', '0.00047', '0.00054', '1.00000']
  '020.8000': ['0.254', '-1.527', '0.080', '0.55016', '-0.83506', '0.00019', '0.83506',
    '0.55016', '-0.00069', '0.00047', '0.00053', '1.00000']
  '020.8666': ['0.255', '-1.527', '0.080', '0.56714', '-0.82362', '0.00018', '0.82362',
    '0.56714', '-0.00069', '0.00046', '0.00054', '1.00000']
  '020.9333': ['0.259', '-1.530', '0.080', '0.62377', '-0.78160', '0.00014', '0.78160',
    '0.62377', '-0.00064', '0.00041', '0.00051', '1.00000']
  '021.0000': ['0.269', '-1.536', '0.080', '0.65186', '-0.75834', '0.00013', '0.75834',
    '0.65186', '-0.00061', '0.00038', '0.00050', '1.00000']
  '021.0666': ['0.285', '-1.544', '0.080', '0.66706', '-0.74501', '0.00012', '0.74501',
    '0.66706', '-0.00058', '0.00035', '0.00048', '1.00000']
  '021.1333': ['0.308', '-1.555', '0.080', '0.71354', '-0.70061', '0.00009', '0.70061',
    '0.71354', '-0.00052', '0.00030', '0.00044', '1.00000']
  '021.2000': ['0.326', '-1.564', '0.080', '0.73788', '-0.67493', '0.00008', '0.67493',
    '0.73788', '-0.00050', '0.00028', '0.00042', '1.00000']
  '021.2666': ['0.347', '-1.573', '0.080', '0.81650', '-0.57735', '0.00004', '0.57735',
    '0.81650', '-0.00045', '0.00022', '0.00039', '1.00000']
  '021.3333': ['0.367', '-1.583', '0.080', '0.81890', '-0.57394', '0.00004', '0.57394',
    '0.81890', '-0.00044', '0.00022', '0.00038', '1.00000']
  '021.4000': ['0.389', '-1.593', '0.080', '0.82049', '-0.57166', '0.00004', '0.57166',
    '0.82049', '-0.00040', '0.00020', '0.00035', '1.00000']
  '021.4666': ['0.405', '-1.600', '0.080', '0.85797', '-0.51371', '0.00002', '0.51371',
    '0.85797', '-0.00037', '0.00017', '0.00033', '1.00000']
  '021.5333': ['0.415', '-1.605', '0.080', '0.79750', '-0.60331', '0.00005', '0.60331',
