begin_time_stamp: 1573229617.0666656
data_header:
  time_stamp: [x, y, z, R11, R12, R13, R21, R22, R23, R31, R32, R33]
trajectory_data:
  '000.0000': ['4.156', '0.391', '0.080', '-0.99668', '0.08144', '-0.00013', '-0.08144',
    '-0.99668', '0.00010', '-0.00012', '0.00011', '1.00000']
  '000.0667': ['4.135', '0.389', '0.080', '-0.99424', '0.10719', '-0.00015', '-0.10719',
    '-0.99424', '0.00009', '-0.00014', '0.00010', '1.00000']
  '000.1333': ['4.110', '0.386', '0.080', '-0.99273', '0.12040', '-0.00016', '-0.12040',
    '-0.99273', '0.00009', '-0.00015', '0.00011', '1.00000']
  '000.2000': ['4.090', '0.383', '0.080', '-0.98560', '0.16909', '-0.00021', '-0.16909',
    '-0.98560', '0.00006', '-0.00020', '0.00010', '1.00000']
  '000.2667': ['4.066', '0.379', '0.080', '-0.98223', '0.18766', '-0.00024', '-0.18766',
    '-0.98223', '0.00007', '-0.00022', '0.00011', '1.00000']
  '000.3333': ['4.043', '0.373', '0.080', '-0.97149', '0.23709', '-0.00024', '-0.23709',
    '-0.97149', '0.00002', '-0.00023', '0.00007', '1.00000']
  '000.4000': ['4.021', '0.367', '0.080', '-0.98304', '0.18339', '-0.00023', '-0.18339',
    '-0.98304', '-0.00000', '-0.00022', '0.00004', '1.00000']
  '000.4667': ['3.996', '0.362', '0.080', '-0.98064', '0.19580', '-0.00022', '-0.19580',
    '-0.98064', '0.00005', '-0.00021', '0.00009', '1.00000']
  '000.5333': ['3.981', '0.356', '0.080', '-0.97215', '0.23436', '-0.00014', '-0.23436',
    '-0.97215', '0.00014', '-0.00011', '0.00017', '1.00000']
  '000.6000': ['3.960', '0.350', '0.080', '-0.95928', '0.28246', '-0.00015', '-0.28246',
    '-0.95928', '0.00016', '-0.00010', '0.00019', '1.00000']
  '000.6667': ['3.943', '0.346', '0.080', '-0.94546', '0.32574', '-0.00024', '-0.32574',
    '-0.94546', '0.00013', '-0.00018', '0.00021', '1.00000']
  '000.7333': ['3.919', '0.338', '0.080', '-0.93413', '0.35693', '-0.00030', '-0.35693',
    '-0.93413', '0.00008', '-0.00026', '0.00018', '1.00000']
  '000.8000': ['3.899', '0.331', '0.080', '-0.93565', '0.35294', '-0.00034', '-0.35294',
    '-0.93565', '0.00003', '-0.00031', '0.00015', '1.00000']
  '000.8667': ['3.880', '0.323', '0.080', '-0.92629', '0.37682', '-0.00034', '-0.37682',
    '-0.92629', '-0.00002', '-0.00032', '0.00011', '1.00000']
  '000.9333': ['3.858', '0.314', '0.080', '-0.93030', '0.36680', '-0.00035', '-0.36680',
    '-0.93030', '-0.00000', '-0.00032', '0.00013', '1.00000']
  '001.0000': ['3.839', '0.307', '0.080', '-0.91329', '0.40730', '-0.00036', '-0.40730',
    '-0.91329', '-0.00006', '-0.00035', '0.00009', '1.00000']
  '001.0667': ['3.814', '0.296', '0.080', '-0.91289', '0.40821', '-0.00038', '-0.40821',
    '-0.91289', '-0.00009', '-0.00039', '0.00008', '1.00000']
  '001.1333': ['3.790', '0.285', '0.080', '-0.91588', '0.40145', '-0.00042', '-0.40145',
    '-0.91588', '-0.00010', '-0.00042', '0.00007', '1.00000']
  '001.2000': ['3.769', '0.276', '0.080', '-0.91205', '0.41007', '-0.00043', '-0.41007',
    '-0.91205', '-0.00016', '-0.00045', '0.00003', '1.00000']
  '001.2667': ['3.745', '0.265', '0.080', '-0.92186', '0.38752', '-0.00044', '-0.38752',
    '-0.92186', '-0.00017', '-0.00047', '0.00001', '1.00000']
  '001.3333': ['3.722', '0.252', '0.080', '-0.91449', '0.40460', '-0.00046', '-0.40460',
    '-0.91449', '-0.00021', '-0.00051', '-0.00000', '1.00000']
  '001.4000': ['3.706', '0.239', '0.080', '-0.89648', '0.44309', '-0.00052', '-0.44309',
    '-0.89648', '-0.00051', '-0.00069', '-0.00023', '1.00000']
  '001.4667': ['3.686', '0.227', '0.080', '-0.90129', '0.43322', '-0.00058', '-0.43322',
    '-0.90129', '-0.00054', '-0.00075', '-0.00023', '1.00000']
  '001.5333': ['3.670', '0.219', '0.080', '-0.90052', '0.43481', '-0.00059', '-0.43481',
    '-0.90052', '-0.00058', '-0.00078', '-0.00026', '1.00000']
  '001.6000': ['3.650', '0.209', '0.080', '-0.89365', '0.44877', '-0.00061', '-0.44877',
    '-0.89365', '-0.00061', '-0.00081', '-0.00027', '1.00000']
  '001.6667': ['3.623', '0.196', '0.080', '-0.88284', '0.46968', '-0.00061', '-0.46968',
    '-0.88284', '-0.00056', '-0.00080', '-0.00021', '1.00000']
  '001.7333': ['3.603', '0.186', '0.080', '-0.86335', '0.50460', '-0.00065', '-0.50460',
    '-0.86335', '-0.00059', '-0.00085', '-0.00018', '1.00000']
  '001.8000': ['3.584', '0.176', '0.080', '-0.86455', '0.50255', '-0.00066', '-0.50255',
    '-0.86455', '-0.00059', '-0.00087', '-0.00018', '1.00000']
  '001.8667': ['3.560', '0.161', '0.080', '-0.86288', '0.50541', '-0.00070', '-0.50541',
    '-0.86288', '-0.00058', '-0.00090', '-0.00015', '1.00000']
  '001.9333': ['3.543', '0.151', '0.080', '-0.87240', '0.48879', '-0.00065', '-0.48879',
    '-0.87240', '-0.00059', '-0.00086', '-0.00020', '1.00000']
  '002.0000': ['3.528', '0.140', '0.080', '-0.84529', '0.53431', '-0.00065', '-0.53431',
    '-0.84529', '-0.00063', '-0.00089', '-0.00019', '1.00000']
  '002.0667': ['3.511', '0.128', '0.080', '-0.85793', '0.51377', '-0.00061', '-0.51377',
    '-0.85793', '-0.00063', '-0.00085', '-0.00023', '1.00000']
  '002.1333': ['3.494', '0.116', '0.080', '-0.83045', '0.55709', '-0.00057', '-0.55709',
    '-0.83045', '-0.00064', '-0.00083', '-0.00021', '1.00000']
  '002.2000': ['3.478', '0.104', '0.080', '-0.86056', '0.50934', '-0.00056', '-0.50934',
    '-0.86056', '-0.00063', '-0.00080', '-0.00026', '1.00000']
  '002.2667': ['3.460', '0.092', '0.080', '-0.86151', '0.50774', '-0.00053', '-0.50774',
    '-0.86151', '-0.00059', '-0.00075', '-0.00024', '1.00000']
  '002.3333': ['3.441', '0.079', '0.080', '-0.87091', '0.49144', '-0.00048', '-0.49144',
    '-0.87091', '-0.00054', '-0.00069', '-0.00024', '1.00000']
  '002.4000': ['3.427', '0.070', '0.080', '-0.87447', '0.48507', '-0.00043', '-0.48507',
    '-0.87447', '-0.00052', '-0.00063', '-0.00025', '1.00000']
  '002.4667': ['3.411', '0.058', '0.080', '-0.90550', '0.42434', '-0.00039', '-0.42434',
    '-0.90550', '-0.00051', '-0.00057', '-0.00029', '1.00000']
  '002.5333': ['3.397', '0.049', '0.080', '-0.89241', '0.45122', '-0.00030', '-0.45122',
    '-0.89241', '-0.00052', '-0.00050', '-0.00033', '1.00000']
  '002.6000': ['3.385', '0.040', '0.080', '-0.90480', '0.42584', '-0.00023', '-0.42584',
    '-0.90480', '-0.00057', '-0.00045', '-0.00042', '1.00000']
  '002.6667': ['3.373', '0.032', '0.080', '-0.93277', '0.36048', '-0.00018', '-0.36048',
    '-0.93277', '-0.00060', '-0.00039', '-0.00049', '1.00000']
  '002.7333': ['3.355', '0.024', '0.080', '-0.95223', '0.30539', '-0.00013', '-0.30539',
    '-0.95223', '-0.00067', '-0.00033', '-0.00060', '1.00000']
  '002.8000': ['3.342', '0.019', '0.080', '-0.97754', '0.21073', '-0.00016', '-0.21073',
    '-0.97754', '-0.00071', '-0.00031', '-0.00066', '1.00000']
  '002.8667': ['3.330', '0.016', '0.080', '-0.98754', '0.15738', '-0.00023', '-0.15738',
    '-0.98754', '-0.00069', '-0.00033', '-0.00065', '1.00000']
  '002.9333': ['3.315', '0.013', '0.080', '-0.99729', '0.07354', '-0.00027', '-0.07354',
    '-0.99729', '-0.00074', '-0.00033', '-0.00072', '1.00000']
  '003.0000': ['3.304', '0.011', '0.080', '-0.99998', '-0.00559', '-0.00029', '0.00559',
    '-0.99998', '-0.00086', '-0.00028', '-0.00086', '1.00000']
  '003.0667': ['3.293', '0.012', '0.080', '-0.99676', '-0.08043', '-0.00032', '0.08043',
    '-0.99676', '-0.00086', '-0.00025', '-0.00088', '1.00000']
  '003.1333': ['3.280', '0.015', '0.080', '-0.98672', '-0.16240', '-0.00036', '0.16240',
    '-0.98672', '-0.00084', '-0.00022', '-0.00089', '1.00000']
  '003.2000': ['3.274', '0.019', '0.080', '-0.97290', '-0.23122', '-0.00036', '0.23122',
    '-0.97290', '-0.00085', '-0.00015', '-0.00091', '1.00000']
  '003.2667': ['3.267', '0.022', '0.080', '-0.95961', '-0.28132', '-0.00037', '0.28132',
    '-0.95961', '-0.00090', '-0.00010', '-0.00097', '1.00000']
  '003.3333': ['3.260', '0.026', '0.080', '-0.94750', '-0.31975', '-0.00041', '0.31975',
    '-0.94750', '-0.00095', '-0.00008', '-0.00103', '1.00000']
  '003.4000': ['3.258', '0.029', '0.080', '-0.94722', '-0.32058', '-0.00043', '0.32058',
    '-0.94722', '-0.00099', '-0.00009', '-0.00107', '1.00000']
  '003.4667': ['3.257', '0.031', '0.080', '-0.95321', '-0.30230', '-0.00042', '0.30230',
    '-0.95321', '-0.00100', '-0.00010', '-0.00109', '1.00000']
  '003.5333': ['3.253', '0.033', '0.080', '-0.95862', '-0.28469', '-0.00041', '0.28469',
    '-0.95862', '-0.00101', '-0.00011', '-0.00109', '1.00000']
  '003.6000': ['3.253', '0.032', '0.080', '-0.94236', '-0.33461', '-0.00043', '0.33461',
    '-0.94235', '-0.00101', '-0.00007', '-0.00109', '1.00000']
  '003.6667': ['3.252', '0.034', '0.080', '-0.94642', '-0.32293', '-0.00043', '0.32293',
    '-0.94642', '-0.00100', '-0.00008', '-0.00109', '1.00000']
  '003.7333': ['3.254', '0.033', '0.080', '-0.96021', '-0.27929', '-0.00042', '0.27929',
    '-0.96021', '-0.00101', '-0.00012', '-0.00109', '1.00000']
  '003.8000': ['3.251', '0.034', '0.080', '-0.95042', '-0.31097', '-0.00042', '0.31097',
    '-0.95042', '-0.00101', '-0.00009', '-0.00109', '1.00000']
  '003.8667': ['3.251', '0.035', '0.080', '-0.97123', '-0.23815', '-0.00039', '0.23815',
    '-0.97123', '-0.00102', '-0.00014', '-0.00108', '1.00000']
  '003.9333': ['3.246', '0.036', '0.080', '-0.98478', '-0.17382', '-0.00036', '0.17382',
    '-0.98478', '-0.00102', '-0.00017', '-0.00107', '1.00000']
  '004.0000': ['3.237', '0.037', '0.080', '-0.99671', '-0.08105', '-0.00031', '0.08105',
    '-0.99671', '-0.00102', '-0.00023', '-0.00104', '1.00000']
  '004.0667': ['3.214', '0.041', '0.080', '-0.99998', '0.00691', '-0.00029', '-0.00691',
    '-0.99998', '-0.00102', '-0.00029', '-0.00101', '1.00000']
  '004.1333': ['3.192', '0.043', '0.080', '-0.99854', '0.05402', '-0.00026', '-0.05402',
    '-0.99854', '-0.00101', '-0.00031', '-0.00099', '1.00000']
  '004.2000': ['3.167', '0.043', '0.080', '-0.99331', '0.11552', '-0.00023', '-0.11552',
    '-0.99330', '-0.00100', '-0.00035', '-0.00096', '1.00000']
  '004.2667': ['3.140', '0.041', '0.080', '-0.96946', '0.24527', '-0.00021', '-0.24527',
    '-0.96946', '-0.00098', '-0.00044', '-0.00090', '1.00000']
  '004.3333': ['3.116', '0.037', '0.080', '-0.94673', '0.32203', '-0.00018', '-0.32203',
    '-0.94673', '-0.00097', '-0.00048', '-0.00086', '1.00000']
  '004.4000': ['3.094', '0.032', '0.080', '-0.92858', '0.37114', '-0.00015', '-0.37114',
    '-0.92858', '-0.00095', '-0.00049', '-0.00083', '1.00000']
  '004.4667': ['3.066', '0.022', '0.080', '-0.87374', '0.48640', '-0.00012', '-0.48640',
    '-0.87374', '-0.00093', '-0.00056', '-0.00075', '1.00000']
  '004.5333': ['3.047', '0.014', '0.080', '-0.83463', '0.55082', '-0.00009', '-0.55082',
    '-0.83463', '-0.00091', '-0.00058', '-0.00070', '1.00000']
  '004.6000': ['3.027', '0.003', '0.080', '-0.72078', '0.69316', '-0.00007', '-0.69316',
    '-0.72078', '-0.00088', '-0.00066', '-0.00059', '1.00000']
  '004.6667': ['3.012', '-0.008', '0.080', '-0.70359', '0.71060', '-0.00004', '-0.71060',
    '-0.70359', '-0.00085', '-0.00063', '-0.00057', '1.00000']
  '004.7333': ['2.995', '-0.022', '0.080', '-0.62091', '0.78388', '-0.00002', '-0.78388',
    '-0.62091', '-0.00081', '-0.00065', '-0.00049', '1.00000']
  '004.8000': ['2.976', '-0.042', '0.080', '-0.56667', '0.82395', '0.00000', '-0.82395',
    '-0.56667', '-0.00077', '-0.00063', '-0.00044', '1.00000']
  '004.8667': ['2.960', '-0.063', '0.080', '-0.40897', '0.91255', '0.00002', '-0.91255',
    '-0.40897', '-0.00073', '-0.00066', '-0.00032', '1.00000']
  '004.9333': ['2.952', '-0.078', '0.080', '-0.26592', '0.96399', '0.00004', '-0.96399',
    '-0.26592', '-0.00069', '-0.00065', '-0.00022', '1.00000']
  '005.0000': ['2.944', '-0.101', '0.080', '-0.14710', '0.98912', '0.00005', '-0.98912',
    '-0.14710', '-0.00064', '-0.00062', '-0.00014', '1.00000']
  '005.0667': ['2.940', '-0.117', '0.080', '-0.03281', '0.99946', '0.00005', '-0.99946',
    '-0.03281', '-0.00059', '-0.00059', '-0.00007', '1.00000']
  '005.1333': ['2.938', '-0.134', '0.080', '0.08857', '0.99607', '0.00005', '-0.99607',
    '0.08857', '-0.00054', '-0.00054', '0.00000', '1.00000']
  '005.2000': ['2.939', '-0.158', '0.080', '0.15048', '0.98861', '0.00004', '-0.98861',
    '0.15048', '-0.00049', '-0.00049', '0.00004', '1.00000']
  '005.2667': ['2.941', '-0.178', '0.080', '0.25405', '0.96719', '0.00002', '-0.96719',
    '0.25405', '-0.00044', '-0.00043', '0.00009', '1.00000']
  '005.3333': ['2.948', '-0.208', '0.080', '0.34115', '0.94001', '0.00000', '-0.94001',
    '0.34115', '-0.00039', '-0.00037', '0.00013', '1.00000']
  '005.4000': ['2.956', '-0.232', '0.080', '0.49040', '0.87150', '-0.00002', '-0.87150',
    '0.49040', '-0.00034', '-0.00029', '0.00019', '1.00000']
  '005.4667': ['2.966', '-0.250', '0.080', '0.57963', '0.81488', '-0.00006', '-0.81488',
    '0.57963', '-0.00030', '-0.00021', '0.00022', '1.00000']
  '005.5333': ['2.972', '-0.259', '0.080', '0.65540', '0.75528', '-0.00009', '-0.75528',
    '0.65540', '-0.00026', '-0.00014', '0.00024', '1.00000']
  '005.6000': ['2.979', '-0.266', '0.080', '0.76772', '0.64078', '-0.00013', '-0.64078',
    '0.76772', '-0.00023', '-0.00004', '0.00026', '1.00000']
  '005.6667': ['2.995', '-0.278', '0.080', '0.87037', '0.49240', '-0.00018', '-0.49240',
    '0.87037', '-0.00020', '0.00006', '0.00026', '1.00000']
  '005.7333': ['3.009', '-0.285', '0.080', '0.94540', '0.32592', '-0.00023', '-0.32592',
    '0.94540', '-0.00018', '0.00016', '0.00024', '1.00000']
  '005.8000': ['3.026', '-0.289', '0.080', '0.98313', '0.18289', '-0.00028', '-0.18289',
    '0.98313', '-0.00016', '0.00024', '0.00021', '1.00000']
  '005.8667': ['3.038', '-0.289', '0.080', '0.99847', '0.05536', '-0.00033', '-0.05536',
    '0.99847', '-0.00015', '0.00032', '0.00017', '1.00000']
  '005.9333': ['3.060', '-0.288', '0.080', '0.99937', '-0.03541', '-0.00038', '0.03541',
    '0.99937', '-0.00015', '0.00038', '0.00014', '1.00000']
  '006.0000': ['3.079', '-0.286', '0.080', '0.98653', '-0.16360', '-0.00042', '0.16360',
    '0.98653', '-0.00015', '0.00044', '0.00008', '1.00000']
  '006.0667': ['3.099', '-0.281', '0.080', '0.95911', '-0.28303', '-0.00047', '0.28303',
    '0.95911', '-0.00016', '0.00050', '0.00002', '1.00000']
  '006.1333': ['3.116', '-0.273', '0.080', '0.90766', '-0.41970', '-0.00052', '0.41970',
    '0.90766', '-0.00017', '0.00054', '-0.00006', '1.00000']
  '006.2000': ['3.133', '-0.264', '0.080', '0.89233', '-0.45138', '-0.00056', '0.45138',
    '0.89233', '-0.00018', '0.00058', '-0.00009', '1.00000']
  '006.2667': ['3.149', '-0.252', '0.080', '0.81819', '-0.57495', '-0.00060', '0.57495',
    '0.81819', '-0.00020', '0.00060', '-0.00018', '1.00000']
  '006.3333': ['3.163', '-0.240', '0.080', '0.77493', '-0.63205', '-0.00063', '0.63205',
    '0.77493', '-0.00023', '0.00063', '-0.00022', '1.00000']
  '006.4000': ['3.182', '-0.220', '0.080', '0.65653', '-0.75430', '-0.00066', '0.75430',
    '0.65653', '-0.00025', '0.00062', '-0.00034', '1.00000']
  '006.4667': ['3.197', '-0.200', '0.080', '0.60904', '-0.79314', '-0.00069', '0.79314',
    '0.60904', '-0.00027', '0.00064', '-0.00038', '1.00000']
  '006.5333': ['3.210', '-0.181', '0.080', '0.56091', '-0.82788', '-0.00072', '0.82788',
    '0.56091', '-0.00030', '0.00065', '-0.00043', '1.00000']
  '006.6000': ['3.223', '-0.157', '0.080', '0.47948', '-0.87755', '-0.00074', '0.87755',
    '0.47948', '-0.00033', '0.00064', '-0.00049', '1.00000']
  '006.6667': ['3.233', '-0.135', '0.080', '0.46586', '-0.88486', '-0.00076', '0.88486',
    '0.46586', '-0.00035', '0.00067', '-0.00051', '1.00000']
  '006.7333': ['3.239', '-0.118', '0.080', '0.34104', '-0.94005', '-0.00078', '0.94005',
    '0.34104', '-0.00038', '0.00062', '-0.00060', '1.00000']
  '006.8000': ['3.245', '-0.099', '0.080', '0.27447', '-0.96159', '-0.00079', '0.96159',
    '0.27448', '-0.00041', '0.00061', '-0.00065', '1.00000']
  '006.8667': ['3.250', '-0.071', '0.080', '0.17195', '-0.98510', '-0.00080', '0.98510',
    '0.17195', '-0.00043', '0.00056', '-0.00072', '1.00000']
  '006.9333': ['3.253', '-0.044', '0.080', '0.10353', '-0.99463', '-0.00081', '0.99463',
    '0.10353', '-0.00046', '0.00054', '-0.00076', '1.00000']
  '007.0000': ['3.254', '-0.022', '0.080', '0.06637', '-0.99779', '-0.00082', '0.99779',
    '0.06637', '-0.00048', '0.00054', '-0.00079', '1.00000']
  '007.0667': ['3.254', '-0.001', '0.080', '0.00179', '-1.00000', '-0.00083', '1.00000',
    '0.00179', '-0.00051', '0.00051', '-0.00083', '1.00000']
  '007.1333': ['3.253', '0.019', '0.080', '-0.05295', '-0.99860', '-0.00083', '0.99860',
    '-0.05295', '-0.00053', '0.00049', '-0.00086', '1.00000']
  '007.2000': ['3.252', '0.029', '0.080', '-0.14971', '-0.98873', '-0.00083', '0.98873',
    '-0.14971', '-0.00057', '0.00044', '-0.00090', '1.00000']
  '007.2667': ['3.251', '0.034', '0.080', '-0.18312', '-0.98309', '-0.00082', '0.98309',
    '-0.18312', '-0.00060', '0.00044', '-0.00092', '1.00000']
  '007.3333': ['3.250', '0.038', '0.080', '-0.23088', '-0.97298', '-0.00082', '0.97298',
    '-0.23088', '-0.00062', '0.00041', '-0.00094', '1.00000']
  '007.4000': ['3.248', '0.047', '0.080', '-0.23252', '-0.97259', '-0.00082', '0.97259',
    '-0.23252', '-0.00063', '0.00042', '-0.00094', '1.00000']
  '007.4667': ['3.241', '0.072', '0.080', '-0.29886', '-0.95430', '-0.00082', '0.95430',
    '-0.29886', '-0.00063', '0.00036', '-0.00097', '1.00000']
  '007.5333': ['3.234', '0.093', '0.080', '-0.31104', '-0.95040', '-0.00082', '0.95040',
    '-0.31104', '-0.00063', '0.00034', '-0.00097', '1.00000']
  '007.6000': ['3.228', '0.112', '0.080', '-0.29194', '-0.95644', '-0.00082', '0.95644',
    '-0.29194', '-0.00063', '0.00036', '-0.00096', '1.00000']
  '007.6667': ['3.223', '0.131', '0.080', '-0.26594', '-0.96399', '-0.00082', '0.96399',
    '-0.26594', '-0.00063', '0.00039', '-0.00095', '1.00000']
  '007.7333': ['3.219', '0.145', '0.080', '-0.27831', '-0.96049', '-0.00082', '0.96049',
    '-0.27831', '-0.00063', '0.00038', '-0.00096', '1.00000']
  '007.8000': ['3.212', '0.169', '0.080', '-0.25306', '-0.96745', '-0.00082', '0.96745',
    '-0.25306', '-0.00063', '0.00040', '-0.00095', '1.00000']
  '007.8667': ['3.206', '0.189', '0.080', '-0.31554', '-0.94891', '-0.00082', '0.94891',
    '-0.31554', '-0.00063', '0.00034', '-0.00097', '1.00000']
  '007.9333': ['3.197', '0.217', '0.080', '-0.30916', '-0.95101', '-0.00082', '0.95101',
    '-0.30916', '-0.00063', '0.00034', '-0.00097', '1.00000']
  '008.0000': ['3.191', '0.236', '0.080', '-0.26696', '-0.96371', '-0.00082', '0.96371',
    '-0.26696', '-0.00063', '0.00039', '-0.00095', '1.00000']
  '008.0667': ['3.187', '0.252', '0.080', '-0.18019', '-0.98363', '-0.00082', '0.98363',
    '-0.18019', '-0.00063', '0.00047', '-0.00092', '1.00000']
  '008.1333': ['3.184', '0.270', '0.080', '-0.20590', '-0.97857', '-0.00082', '0.97857',
    '-0.20590', '-0.00063', '0.00045', '-0.00093', '1.00000']
  '008.2000': ['3.180', '0.289', '0.080', '-0.23903', '-0.97101', '-0.00082', '0.97101',
    '-0.23903', '-0.00063', '0.00041', '-0.00094', '1.00000']
  '008.2667': ['3.172', '0.320', '0.080', '-0.23516', '-0.97196', '-0.00082', '0.97196',
    '-0.23516', '-0.00063', '0.00042', '-0.00094', '1.00000']
