begin_time_stamp: 1573228136.133332
data_header:
  time_stamp: [x, y, z, R11, R12, R13, R21, R22, R23, R31, R32, R33]
trajectory_data:
  '000.0000': ['4.107', '0.383', '0.080', '-0.94004', '0.34106', '-0.00020', '-0.34106',
    '-0.94004', '0.00001', '-0.00018', '0.00008', '1.00000']
  '000.0667': ['4.085', '0.376', '0.080', '-0.93343', '0.35875', '-0.00024', '-0.35875',
    '-0.93343', '-0.00001', '-0.00022', '0.00008', '1.00000']
  '000.1333': ['4.060', '0.366', '0.080', '-0.92086', '0.38988', '-0.00024', '-0.38988',
    '-0.92086', '0.00003', '-0.00021', '0.00012', '1.00000']
  '000.2000': ['4.042', '0.357', '0.080', '-0.93784', '0.34707', '-0.00021', '-0.34707',
    '-0.93784', '-0.00010', '-0.00023', '-0.00002', '1.00000']
  '000.2667': ['4.016', '0.347', '0.080', '-0.92865', '0.37096', '-0.00022', '-0.37096',
    '-0.92865', '-0.00009', '-0.00024', '0.00000', '1.00000']
  '000.3333': ['3.992', '0.339', '0.080', '-0.91378', '0.40621', '-0.00024', '-0.40621',
    '-0.91378', '-0.00001', '-0.00022', '0.00009', '1.00000']
  '000.4000': ['3.969', '0.329', '0.080', '-0.88931', '0.45730', '-0.00024', '-0.45730',
    '-0.88931', '0.00004', '-0.00019', '0.00014', '1.00000']
  '000.4667': ['3.959', '0.318', '0.080', '-0.86562', '0.50069', '-0.00024', '-0.50069',
    '-0.86562', '0.00007', '-0.00017', '0.00019', '1.00000']
  '000.5333': ['3.938', '0.304', '0.080', '-0.84423', '0.53597', '-0.00030', '-0.53597',
    '-0.84423', '0.00001', '-0.00025', '0.00017', '1.00000']
  '000.6000': ['3.918', '0.291', '0.080', '-0.83476', '0.55062', '-0.00032', '-0.55062',
    '-0.83476', '-0.00005', '-0.00029', '0.00014', '1.00000']
  '000.6667': ['3.900', '0.279', '0.080', '-0.82483', '0.56538', '-0.00031', '-0.56538',
    '-0.82483', '-0.00009', '-0.00031', '0.00011', '1.00000']
  '000.7333': ['3.883', '0.268', '0.080', '-0.82707', '0.56209', '-0.00035', '-0.56209',
    '-0.82707', '-0.00007', '-0.00033', '0.00014', '1.00000']
  '000.8000': ['3.867', '0.257', '0.080', '-0.80755', '0.58980', '-0.00033', '-0.58980',
    '-0.80755', '-0.00010', '-0.00033', '0.00012', '1.00000']
  '000.8667': ['3.845', '0.241', '0.080', '-0.81099', '0.58506', '-0.00034', '-0.58506',
    '-0.81099', '-0.00014', '-0.00036', '0.00008', '1.00000']
  '000.9333': ['3.827', '0.229', '0.080', '-0.81162', '0.58419', '-0.00031', '-0.58419',
    '-0.81162', '-0.00017', '-0.00035', '0.00004', '1.00000']
  '001.0000': ['3.808', '0.216', '0.080', '-0.79977', '0.60031', '-0.00026', '-0.60031',
    '-0.79977', '-0.00025', '-0.00036', '-0.00004', '1.00000']
  '001.0667': ['3.787', '0.198', '0.080', '-0.80479', '0.59356', '-0.00034', '-0.59356',
    '-0.80479', '-0.00033', '-0.00047', '-0.00007', '1.00000']
  '001.1333': ['3.770', '0.175', '0.080', '-0.82333', '0.56756', '-0.00029', '-0.56756',
    '-0.82333', '-0.00063', '-0.00059', '-0.00036', '1.00000']
  '001.2000': ['3.756', '0.162', '0.080', '-0.80306', '0.59589', '-0.00036', '-0.59589',
    '-0.80306', '-0.00084', '-0.00079', '-0.00046', '1.00000']
  '001.2667': ['3.735', '0.145', '0.080', '-0.79688', '0.60414', '-0.00047', '-0.60414',
    '-0.79688', '-0.00095', '-0.00095', '-0.00048', '1.00000']
  '001.3333': ['3.718', '0.132', '0.080', '-0.80388', '0.59479', '-0.00052', '-0.59479',
    '-0.80388', '-0.00090', '-0.00095', '-0.00041', '1.00000']
  '001.4000': ['3.701', '0.119', '0.080', '-0.78904', '0.61435', '-0.00057', '-0.61435',
    '-0.78904', '-0.00094', '-0.00103', '-0.00039', '1.00000']
  '001.4667': ['3.677', '0.101', '0.080', '-0.76201', '0.64757', '-0.00061', '-0.64756',
    '-0.76201', '-0.00091', '-0.00105', '-0.00029', '1.00000']
  '001.5333': ['3.660', '0.087', '0.080', '-0.76036', '0.64950', '-0.00065', '-0.64950',
    '-0.76036', '-0.00094', '-0.00111', '-0.00029', '1.00000']
  '001.6000': ['3.644', '0.074', '0.080', '-0.72442', '0.68936', '-0.00064', '-0.68936',
    '-0.72442', '-0.00097', '-0.00113', '-0.00026', '1.00000']
  '001.6667': ['3.627', '0.058', '0.080', '-0.71997', '0.69400', '-0.00069', '-0.69400',
    '-0.71997', '-0.00097', '-0.00117', '-0.00022', '1.00000']
  '001.7333': ['3.612', '0.044', '0.080', '-0.74607', '0.66586', '-0.00071', '-0.66586',
    '-0.74607', '-0.00095', '-0.00116', '-0.00024', '1.00000']
  '001.8000': ['3.595', '0.028', '0.080', '-0.70434', '0.70986', '-0.00072', '-0.70986',
    '-0.70434', '-0.00098', '-0.00120', '-0.00018', '1.00000']
  '001.8667': ['3.582', '0.015', '0.080', '-0.73806', '0.67474', '-0.00072', '-0.67474',
    '-0.73806', '-0.00092', '-0.00115', '-0.00020', '1.00000']
  '001.9333': ['3.566', '0.000', '0.080', '-0.71220', '0.70198', '-0.00070', '-0.70198',
    '-0.71220', '-0.00088', '-0.00111', '-0.00014', '1.00000']
  '002.0000': ['3.554', '-0.013', '0.080', '-0.72565', '0.68806', '-0.00065', '-0.68806',
    '-0.72565', '-0.00085', '-0.00106', '-0.00017', '1.00000']
  '002.0667': ['3.539', '-0.028', '0.080', '-0.73695', '0.67595', '-0.00063', '-0.67595',
    '-0.73695', '-0.00083', '-0.00102', '-0.00019', '1.00000']
  '002.1333': ['3.523', '-0.045', '0.080', '-0.71996', '0.69402', '-0.00052', '-0.69402',
    '-0.71996', '-0.00077', '-0.00091', '-0.00020', '1.00000']
  '002.2000': ['3.505', '-0.063', '0.080', '-0.75949', '0.65052', '-0.00049', '-0.65051',
    '-0.75949', '-0.00072', '-0.00084', '-0.00023', '1.00000']
  '002.2667': ['3.490', '-0.077', '0.080', '-0.73400', '0.67915', '-0.00042', '-0.67915',
    '-0.73400', '-0.00069', '-0.00078', '-0.00022', '1.00000']
  '002.3333': ['3.474', '-0.092', '0.080', '-0.72986', '0.68360', '-0.00044', '-0.68360',
    '-0.72986', '-0.00069', '-0.00080', '-0.00020', '1.00000']
  '002.4000': ['3.458', '-0.107', '0.080', '-0.76212', '0.64744', '-0.00045', '-0.64744',
    '-0.76212', '-0.00064', '-0.00076', '-0.00020', '1.00000']
  '002.4667': ['3.437', '-0.122', '0.080', '-0.78222', '0.62300', '-0.00070', '-0.62300',
    '-0.78222', '-0.00055', '-0.00089', '0.00000', '1.00000']
  '002.5333': ['3.418', '-0.134', '0.080', '-0.80706', '0.59047', '-0.00094', '-0.59047',
    '-0.80706', '-0.00038', '-0.00098', '0.00024', '1.00000']
  '002.6000': ['3.401', '-0.146', '0.080', '-0.83387', '0.55196', '-0.00110', '-0.55196',
    '-0.83387', '-0.00046', '-0.00117', '0.00022', '1.00000']
  '002.6667': ['3.383', '-0.158', '0.080', '-0.84776', '0.53037', '-0.00126', '-0.53037',
    '-0.84776', '-0.00054', '-0.00135', '0.00021', '1.00000']
  '002.7333': ['3.368', '-0.168', '0.080', '-0.85891', '0.51213', '-0.00141', '-0.51213',
    '-0.85891', '-0.00061', '-0.00153', '0.00020', '1.00000']
  '002.8000': ['3.350', '-0.178', '0.080', '-0.86919', '0.49448', '-0.00157', '-0.49447',
    '-0.86919', '-0.00069', '-0.00170', '0.00018', '1.00000']
  '002.8667': ['3.325', '-0.192', '0.080', '-0.88326', '0.46887', '-0.00172', '-0.46887',
    '-0.88327', '-0.00076', '-0.00187', '0.00013', '1.00000']
  '002.9333': ['3.307', '-0.201', '0.080', '-0.89712', '0.44178', '-0.00186', '-0.44178',
    '-0.89713', '-0.00083', '-0.00203', '0.00008', '1.00000']
  '003.0000': ['3.288', '-0.211', '0.080', '-0.90081', '0.43421', '-0.00200', '-0.43421',
    '-0.90081', '-0.00090', '-0.00219', '0.00006', '1.00000']
  '003.0667': ['3.269', '-0.220', '0.080', '-0.90125', '0.43329', '-0.00213', '-0.43329',
    '-0.90125', '-0.00096', '-0.00234', '0.00006', '1.00000']
  '003.1333': ['3.250', '-0.229', '0.080', '-0.89531', '0.44543', '-0.00226', '-0.44543',
    '-0.89532', '-0.00102', '-0.00248', '0.00009', '1.00000']
  '003.2000': ['3.232', '-0.238', '0.080', '-0.87943', '0.47603', '-0.00238', '-0.47603',
    '-0.87943', '-0.00108', '-0.00261', '0.00018', '1.00000']
  '003.2667': ['3.210', '-0.250', '0.080', '-0.86137', '0.50797', '-0.00249', '-0.50797',
    '-0.86138', '-0.00114', '-0.00272', '0.00029', '1.00000']
  '003.3333': ['3.190', '-0.261', '0.079', '-0.87965', '0.47561', '-0.00260', '-0.47561',
    '-0.87966', '-0.00119', '-0.00285', '0.00019', '1.00000']
  '003.4000': ['3.172', '-0.271', '0.079', '-0.86089', '0.50879', '-0.00270', '-0.50879',
    '-0.86089', '-0.00124', '-0.00295', '0.00031', '1.00000']
  '003.4667': ['3.157', '-0.280', '0.079', '-0.86293', '0.50531', '-0.00279', '-0.50531',
    '-0.86294', '-0.00128', '-0.00306', '0.00030', '1.00000']
  '003.5333': ['3.136', '-0.292', '0.079', '-0.88233', '0.47061', '-0.00288', '-0.47061',
    '-0.88234', '-0.00132', '-0.00316', '0.00019', '0.99999']
  '003.6000': ['3.118', '-0.302', '0.079', '-0.86459', '0.50247', '-0.00296', '-0.50247',
    '-0.86459', '-0.00136', '-0.00324', '0.00031', '0.99999']
  '003.6667': ['3.097', '-0.315', '0.079', '-0.85461', '0.51926', '-0.00303', '-0.51926',
    '-0.85461', '-0.00140', '-0.00331', '0.00038', '0.99999']
  '003.7333': ['3.079', '-0.326', '0.079', '-0.85768', '0.51417', '-0.00309', '-0.51417',
    '-0.85769', '-0.00143', '-0.00338', '0.00036', '0.99999']
  '003.8000': ['3.064', '-0.336', '0.079', '-0.82575', '0.56403', '-0.00314', '-0.56403',
    '-0.82575', '-0.00145', '-0.00341', '0.00057', '0.99999']
  '003.8667': ['3.044', '-0.350', '0.079', '-0.82095', '0.57100', '-0.00319', '-0.57099',
    '-0.82095', '-0.00148', '-0.00346', '0.00061', '0.99999']
  '003.9333': ['3.025', '-0.363', '0.079', '-0.78817', '0.61545', '-0.00323', '-0.61545',
    '-0.78817', '-0.00149', '-0.00346', '0.00081', '0.99999']
  '004.0000': ['3.006', '-0.378', '0.079', '-0.78656', '0.61751', '-0.00326', '-0.61751',
    '-0.78656', '-0.00151', '-0.00349', '0.00082', '0.99999']
  '004.0667': ['2.988', '-0.392', '0.079', '-0.78273', '0.62235', '-0.00328', '-0.62235',
    '-0.78274', '-0.00152', '-0.00351', '0.00085', '0.99999']
  '004.1333': ['2.963', '-0.411', '0.079', '-0.78312', '0.62186', '-0.00330', '-0.62186',
    '-0.78313', '-0.00153', '-0.00353', '0.00085', '0.99999']
  '004.2000': ['2.948', '-0.423', '0.078', '-0.76059', '0.64922', '-0.00330', '-0.64922',
    '-0.76060', '-0.00153', '-0.00351', '0.00098', '0.99999']
  '004.2667': ['2.934', '-0.435', '0.078', '-0.75888', '0.65122', '-0.00330', '-0.65122',
    '-0.75889', '-0.00153', '-0.00350', '0.00099', '0.99999']
  '004.3333': ['2.916', '-0.451', '0.078', '-0.76136', '0.64833', '-0.00330', '-0.64832',
    '-0.76136', '-0.00153', '-0.00351', '0.00098', '0.99999']
  '004.4000': ['2.898', '-0.467', '0.078', '-0.76428', '0.64487', '-0.00330', '-0.64487',
    '-0.76429', '-0.00153', '-0.00351', '0.00096', '0.99999']
  '004.4667': ['2.877', '-0.485', '0.078', '-0.72398', '0.68981', '-0.00330', '-0.68981',
    '-0.72399', '-0.00153', '-0.00345', '0.00117', '0.99999']
  '004.5333': ['2.864', '-0.498', '0.078', '-0.69456', '0.71943', '-0.00330', '-0.71943',
    '-0.69457', '-0.00153', '-0.00340', '0.00131', '0.99999']
  '004.6000': ['2.845', '-0.518', '0.078', '-0.69459', '0.71940', '-0.00330', '-0.71940',
    '-0.69459', '-0.00153', '-0.00340', '0.00131', '0.99999']
  '004.6667': ['2.834', '-0.530', '0.078', '-0.69487', '0.71913', '-0.00330', '-0.71913',
    '-0.69487', '-0.00153', '-0.00340', '0.00131', '0.99999']
  '004.7333': ['2.816', '-0.548', '0.078', '-0.70503', '0.70917', '-0.00330', '-0.70917',
    '-0.70503', '-0.00153', '-0.00341', '0.00126', '0.99999']
  '004.8000': ['2.801', '-0.563', '0.078', '-0.71047', '0.70372', '-0.00330', '-0.70372',
    '-0.71048', '-0.00153', '-0.00342', '0.00124', '0.99999']
  '004.8667': ['2.782', '-0.581', '0.078', '-0.72783', '0.68575', '-0.00330', '-0.68575',
    '-0.72783', '-0.00153', '-0.00345', '0.00115', '0.99999']
  '004.9333': ['2.767', '-0.596', '0.078', '-0.69103', '0.72282', '-0.00330', '-0.72282',
    '-0.69104', '-0.00153', '-0.00339', '0.00133', '0.99999']
  '005.0000': ['2.749', '-0.616', '0.078', '-0.65421', '0.75631', '-0.00330', '-0.75631',
    '-0.65421', '-0.00153', '-0.00332', '0.00150', '0.99999']
  '005.0667': ['2.735', '-0.632', '0.077', '-0.67034', '0.74205', '-0.00330', '-0.74205',
    '-0.67034', '-0.00153', '-0.00335', '0.00143', '0.99999']
  '005.1333': ['2.721', '-0.647', '0.077', '-0.70920', '0.70500', '-0.00330', '-0.70500',
    '-0.70920', '-0.00153', '-0.00342', '0.00124', '0.99999']
  '005.2000': ['2.709', '-0.659', '0.077', '-0.65308', '0.75728', '-0.00330', '-0.75728',
    '-0.65309', '-0.00153', '-0.00332', '0.00150', '0.99999']
  '005.2667': ['2.696', '-0.675', '0.077', '-0.61607', '0.78768', '-0.00330', '-0.78768',
    '-0.61608', '-0.00153', '-0.00324', '0.00166', '0.99999']
  '005.3333': ['2.685', '-0.689', '0.077', '-0.57064', '0.82119', '-0.00330', '-0.82120',
    '-0.57065', '-0.00153', '-0.00314', '0.00184', '0.99999']
  '005.4000': ['2.676', '-0.702', '0.077', '-0.56898', '0.82235', '-0.00330', '-0.82235',
    '-0.56899', '-0.00153', '-0.00314', '0.00185', '0.99999']
  '005.4667': ['2.665', '-0.718', '0.077', '-0.57278', '0.81970', '-0.00330', '-0.81970',
    '-0.57278', '-0.00153', '-0.00315', '0.00183', '0.99999']
  '005.5333': ['2.653', '-0.735', '0.077', '-0.59168', '0.80617', '-0.00330', '-0.80617',
    '-0.59169', '-0.00153', '-0.00319', '0.00176', '0.99999']
  '005.6000': ['2.639', '-0.754', '0.077', '-0.57778', '0.81619', '-0.00330', '-0.81619',
    '-0.57778', '-0.00153', '-0.00316', '0.00181', '0.99999']
  '005.6667': ['2.628', '-0.770', '0.077', '-0.56113', '0.82772', '-0.00330', '-0.82772',
    '-0.56114', '-0.00153', '-0.00312', '0.00188', '0.99999']
  '005.7333': ['2.618', '-0.784', '0.077', '-0.52768', '0.84944', '-0.00330', '-0.84944',
    '-0.52769', '-0.00153', '-0.00304', '0.00200', '0.99999']
  '005.8000': ['2.608', '-0.800', '0.077', '-0.56517', '0.82497', '-0.00330', '-0.82497',
    '-0.56517', '-0.00153', '-0.00313', '0.00186', '0.99999']
  '005.8667': ['2.595', '-0.820', '0.077', '-0.57926', '0.81513', '-0.00330', '-0.81513',
    '-0.57927', '-0.00153', '-0.00316', '0.00181', '0.99999']
  '005.9333': ['2.582', '-0.838', '0.077', '-0.54121', '0.84088', '-0.00330', '-0.84088',
    '-0.54122', '-0.00153', '-0.00307', '0.00195', '0.99999']
  '006.0000': ['2.568', '-0.860', '0.077', '-0.55620', '0.83104', '-0.00330', '-0.83104',
    '-0.55621', '-0.00153', '-0.00311', '0.00189', '0.99999']
  '006.0667': ['2.555', '-0.878', '0.077', '-0.60713', '0.79459', '-0.00330', '-0.79459',
    '-0.60714', '-0.00153', '-0.00322', '0.00170', '0.99999']
  '006.1333': ['2.540', '-0.898', '0.076', '-0.59298', '0.80521', '-0.00330', '-0.80521',
    '-0.59298', '-0.00153', '-0.00319', '0.00175', '0.99999']
  '006.2000': ['2.528', '-0.913', '0.076', '-0.61100', '0.79163', '-0.00330', '-0.79163',
    '-0.61100', '-0.00153', '-0.00323', '0.00168', '0.99999']
  '006.2667': ['2.517', '-0.929', '0.076', '-0.56396', '0.82579', '-0.00330', '-0.82580',
    '-0.56397', '-0.00153', '-0.00313', '0.00186', '0.99999']
  '006.3333': ['2.505', '-0.946', '0.076', '-0.52841', '0.84898', '-0.00330', '-0.84898',
    '-0.52842', '-0.00153', '-0.00304', '0.00200', '0.99999']
  '006.4000': ['2.490', '-0.970', '0.076', '-0.53540', '0.84459', '-0.00330', '-0.84460',
    '-0.53540', '-0.00153', '-0.00306', '0.00197', '0.99999']
  '006.4667': ['2.480', '-0.988', '0.076', '-0.50411', '0.86363', '-0.00330', '-0.86363',
    '-0.50412', '-0.00153', '-0.00299', '0.00208', '0.99999']
  '006.5333': ['2.469', '-1.006', '0.076', '-0.56282', '0.82657', '-0.00330', '-0.82657',
    '-0.56283', '-0.00153', '-0.00312', '0.00187', '0.99999']
  '006.6000': ['2.461', '-1.018', '0.076', '-0.56727', '0.82352', '-0.00330', '-0.82352',
    '-0.56728', '-0.00153', '-0.00313', '0.00185', '0.99999']
  '006.6667': ['2.449', '-1.036', '0.076', '-0.50915', '0.86067', '-0.00330', '-0.86067',
    '-0.50916', '-0.00153', '-0.00300', '0.00206', '0.99999']
  '006.7333': ['2.436', '-1.059', '0.076', '-0.47320', '0.88095', '-0.00330', '-0.88095',
    '-0.47320', '-0.00153', '-0.00291', '0.00219', '0.99999']
  '006.8000': ['2.427', '-1.077', '0.076', '-0.45042', '0.89281', '-0.00330', '-0.89281',
    '-0.45043', '-0.00153', '-0.00285', '0.00226', '0.99999']
  '006.8667': ['2.415', '-1.100', '0.076', '-0.46369', '0.88599', '-0.00330', '-0.88600',
    '-0.46369', '-0.00153', '-0.00289', '0.00222', '0.99999']
  '006.9333': ['2.404', '-1.123', '0.076', '-0.39260', '0.91970', '-0.00330', '-0.91971',
    '-0.39261', '-0.00153', '-0.00270', '0.00244', '0.99999']
  '007.0000': ['2.396', '-1.142', '0.076', '-0.37012', '0.92898', '-0.00330', '-0.92898',
    '-0.37012', '-0.00153', '-0.00264', '0.00250', '0.99999']
  '007.0667': ['2.389', '-1.160', '0.076', '-0.39157', '0.92014', '-0.00330', '-0.92015',
    '-0.39157', '-0.00153', '-0.00270', '0.00244', '0.99999']
  '007.1333': ['2.379', '-1.182', '0.075', '-0.39395', '0.91912', '-0.00330', '-0.91913',
    '-0.39396', '-0.00153', '-0.00271', '0.00243', '0.99999']
  '007.2000': ['2.372', '-1.198', '0.075', '-0.38601', '0.92249', '-0.00330', '-0.92249',
    '-0.38602', '-0.00153', '-0.00269', '0.00246', '0.99999']
  '007.2667': ['2.362', '-1.222', '0.075', '-0.40236', '0.91547', '-0.00330', '-0.91548',
    '-0.40237', '-0.00153', '-0.00273', '0.00241', '0.99999']
  '007.3333': ['2.353', '-1.243', '0.075', '-0.34264', '0.93946', '-0.00330', '-0.93946',
    '-0.34265', '-0.00153', '-0.00257', '0.00258', '0.99999']
  '007.4000': ['2.345', '-1.266', '0.075', '-0.36434', '0.93126', '-0.00330', '-0.93126',
    '-0.36435', '-0.00153', '-0.00263', '0.00252', '0.99999']
  '007.4667': ['2.338', '-1.281', '0.075', '-0.46300', '0.88635', '-0.00330', '-0.88636',
    '-0.46300', '-0.00153', '-0.00289', '0.00222', '0.99999']
  '007.5333': ['2.330', '-1.296', '0.075', '-0.43810', '0.89892', '-0.00330', '-0.89892',
    '-0.43811', '-0.00153', '-0.00282', '0.00230', '0.99999']
  '007.6000': ['2.322', '-1.314', '0.075', '-0.40341', '0.91501', '-0.00330', '-0.91501',
    '-0.40342', '-0.00153', '-0.00273', '0.00241', '0.99999']
  '007.6667': ['2.311', '-1.338', '0.075', '-0.41752', '0.90866', '-0.00330', '-0.90866',
    '-0.41752', '-0.00153', '-0.00277', '0.00236', '0.99999']
  '007.7333': ['2.304', '-1.354', '0.075', '-0.42925', '0.90318', '-0.00330', '-0.90318',
    '-0.42925', '-0.00153', '-0.00280', '0.00233', '0.99999']
  '007.8000': ['2.295', '-1.374', '0.075', '-0.38481', '0.92299', '-0.00330', '-0.92299',
    '-0.38481', '-0.00153', '-0.00268', '0.00246', '0.99999']
  '007.8667': ['2.285', '-1.399', '0.075', '-0.39110', '0.92034', '-0.00330', '-0.92034',
    '-0.39111', '-0.00153', '-0.00270', '0.00244', '0.99999']
  '007.9333': ['2.274', '-1.425', '0.075', '-0.34422', '0.93888', '-0.00330', '-0.93888',
    '-0.34423', '-0.00153', '-0.00257', '0.00257', '0.99999']
  '008.0000': ['2.264', '-1.454', '0.075', '-0.30423', '0.95259', '-0.00330', '-0.95259',
    '-0.30424', '-0.00153', '-0.00246', '0.00268', '0.99999']
  '008.0667': ['2.257', '-1.476', '0.075', '-0.25752', '0.96627', '-0.00330', '-0.96627',
    '-0.25753', '-0.00153', '-0.00233', '0.00280', '0.99999']
  '008.1333': ['2.252', '-1.497', '0.075', '-0.22691', '0.97391', '-0.00330', '-0.97391',
    '-0.22691', '-0.00153', '-0.00224', '0.00287', '0.99999']
  '008.2000': ['2.248', '-1.514', '0.075', '-0.14681', '0.98916', '-0.00330', '-0.98916',
    '-0.14681', '-0.00153', '-0.00200', '0.00304', '0.99999']
  '008.2667': ['2.245', '-1.532', '0.074', '-0.19545', '0.98071', '-0.00330', '-0.98071',
    '-0.19545', '-0.00153', '-0.00215', '0.00294', '0.99999']
  '008.3333': ['2.241', '-1.558', '0.074', '-0.17003', '0.98543', '-0.00330', '-0.98544',
    '-0.17004', '-0.00153', '-0.00207', '0.00300', '0.99999']
  '008.4000': ['2.238', '-1.574', '0.074', '-0.17371', '0.98479', '-0.00330', '-0.98479',
    '-0.17372', '-0.00153', '-0.00208', '0.00299', '0.99999']
  '008.4667': ['2.234', '-1.593', '0.074', '-0.23213', '0.97268', '-0.00330', '-0.97268',
    '-0.23214', '-0.00153', '-0.00226', '0.00286', '0.99999']
  '008.5333': ['2.228', '-1.617', '0.074', '-0.27834', '0.96048', '-0.00330', '-0.96048',
    '-0.27835', '-0.00153', '-0.00239', '0.00275', '0.99999']
  '008.6000': ['2.222', '-1.642', '0.074', '-0.25554', '0.96679', '-0.00330', '-0.96679',
    '-0.25555', '-0.00153', '-0.00232', '0.00280', '0.99999']
  '008.6667': ['2.216', '-1.664', '0.074', '-0.22644', '0.97402', '-0.00330', '-0.97402',
    '-0.22644', '-0.00153', '-0.00224', '0.00287', '0.99999']
  '008.7333': ['2.212', '-1.682', '0.074', '-0.22065', '0.97535', '-0.00330', '-0.97535',
    '-0.22065', '-0.00153', '-0.00222', '0.00288', '0.99999']
  '008.8000': ['2.207', '-1.704', '0.074', '-0.21538', '0.97652', '-0.00330', '-0.97653',
    '-0.21539', '-0.00153', '-0.00221', '0.00290', '0.99999']
  '008.8667': ['2.203', '-1.726', '0.074', '-0.18492', '0.98275', '-0.00330', '-0.98275',
    '-0.18492', '-0.00153', '-0.00211', '0.00296', '0.99999']
  '008.9333': ['2.200', '-1.744', '0.074', '-0.12286', '0.99242', '-0.00330', '-0.99242',
    '-0.12287', '-0.00153', '-0.00192', '0.00309', '0.99999']
  '009.0000': ['2.197', '-1.767', '0.074', '-0.12665', '0.99194', '-0.00330', '-0.99195',
    '-0.12666', '-0.00153', '-0.00194', '0.00308', '0.99999']
  '009.0667': ['2.194', '-1.789', '0.074', '-0.12585', '0.99204', '-0.00330', '-0.99205',
    '-0.12585', '-0.00153', '-0.00193', '0.00308', '0.99999']
  '009.1333': ['2.191', '-1.809', '0.074', '-0.18274', '0.98316', '-0.00330', '-0.98316',
    '-0.18274', '-0.00153', '-0.00211', '0.00297', '0.99999']
  '009.2000': ['2.187', '-1.828', '0.074', '-0.20681', '0.97838', '-0.00330', '-0.97838',
    '-0.20682', '-0.00153', '-0.00218', '0.00292', '0.99999']
  '009.2667': ['2.184', '-1.843', '0.074', '-0.22018', '0.97545', '-0.00330', '-0.97546',
    '-0.22019', '-0.00153', '-0.00222', '0.00289', '0.99999']
  '009.3333': ['2.180', '-1.859', '0.074', '-0.25145', '0.96786', '-0.00330', '-0.96787',
    '-0.25146', '-0.00153', '-0.00231', '0.00281', '0.99999']
  '009.4000': ['2.174', '-1.882', '0.074', '-0.27696', '0.96088', '-0.00330', '-0.96088',
    '-0.27696', '-0.00153', '-0.00239', '0.00275', '0.99999']
  '009.4667': ['2.168', '-1.904', '0.074', '-0.21306', '0.97703', '-0.00330', '-0.97704',
    '-0.21307', '-0.00153', '-0.00220', '0.00290', '0.99999']
  '009.5333': ['2.164', '-1.921', '0.074', '-0.19507', '0.98078', '-0.00330', '-0.98079',
    '-0.19507', '-0.00153', '-0.00215', '0.00294', '0.99999']
  '009.6000': ['2.160', '-1.944', '0.074', '-0.20098', '0.97959', '-0.00330', '-0.97959',
    '-0.20098', '-0.00153', '-0.00216', '0.00293', '0.99999']
  '009.6667': ['2.156', '-1.964', '0.074', '-0.16172', '0.98683', '-0.00330', '-0.98683',
    '-0.16173', '-0.00153', '-0.00204', '0.00301', '0.99999']
  '009.7333': ['2.153', '-1.983', '0.073', '-0.15724', '0.98756', '-0.00330', '-0.98756',
    '-0.15724', '-0.00153', '-0.00203', '0.00302', '0.99999']
  '009.8000': ['2.150', '-2.008', '0.073', '-0.05777', '0.99832', '-0.00330', '-0.99833',
    '-0.05777', '-0.00153', '-0.00172', '0.00321', '0.99999']
  '009.8667': ['2.149', '-2.027', '0.073', '-0.00304', '0.99999', '-0.00330', '-0.99999',
    '-0.00304', '-0.00153', '-0.00154', '0.00330', '0.99999']
  '009.9333': ['2.150', '-2.045', '0.073', '0.02845', '0.99959', '-0.00330', '-0.99959',
    '0.02845', '-0.00153', '-0.00144', '0.00335', '0.99999']
  '010.0000': ['2.151', '-2.063', '0.073', '0.08040', '0.99676', '-0.00330', '-0.99676',
    '0.08039', '-0.00153', '-0.00126', '0.00342', '0.99999']
  '010.0667': ['2.152', '-2.087', '0.073', '0.02805', '0.99960', '-0.00330', '-0.99961',
    '0.02805', '-0.00153', '-0.00144', '0.00335', '0.99999']
  '010.1333': ['2.153', '-2.106', '0.073', '0.05196', '0.99864', '-0.00330', '-0.99865',
    '0.05196', '-0.00153', '-0.00136', '0.00338', '0.99999']
  '010.2000': ['2.154', '-2.125', '0.073', '0.07665', '0.99705', '-0.00330', '-0.99706',
    '0.07665', '-0.00153', '-0.00127', '0.00341', '0.99999']
  '010.2667': ['2.156', '-2.144', '0.073', '0.14761', '0.98904', '-0.00330', '-0.98904',
    '0.14761', '-0.00153', '-0.00103', '0.00349', '0.99999']
  '010.3333': ['2.160', '-2.168', '0.073', '0.18839', '0.98209', '-0.00330', '-0.98209',
    '0.18839', '-0.00153', '-0.00088', '0.00353', '0.99999']
  '010.4000': ['2.165', '-2.194', '0.073', '0.20989', '0.97772', '-0.00330', '-0.97773',
    '0.20988', '-0.00153', '-0.00080', '0.00355', '0.99999']
  '010.4667': ['2.170', '-2.213', '0.073', '0.27533', '0.96134', '-0.00330', '-0.96135',
    '0.27533', '-0.00153', '-0.00056', '0.00360', '0.99999']
  '010.5333': ['2.175', '-2.231', '0.073', '0.33747', '0.94133', '-0.00330', '-0.94134',
    '0.33746', '-0.00153', '-0.00033', '0.00363', '0.99999']
  '010.6000': ['2.180', '-2.245', '0.073', '0.34389', '0.93901', '-0.00330', '-0.93901',
    '0.34388', '-0.00153', '-0.00030', '0.00363', '0.99999']
  '010.6667': ['2.185', '-2.259', '0.073', '0.34721', '0.93778', '-0.00330', '-0.93779',
    '0.34720', '-0.00153', '-0.00029', '0.00363', '0.99999']
  '010.7333': ['2.193', '-2.281', '0.073', '0.35294', '0.93564', '-0.00330', '-0.93565',
    '0.35293', '-0.00153', '-0.00027', '0.00363', '0.99999']
  '010.8000': ['2.199', '-2.295', '0.073', '0.34655', '0.93802', '-0.00330', '-0.93803',
    '0.34655', '-0.00153', '-0.00029', '0.00363', '0.99999']
  '010.8667': ['2.206', '-2.314', '0.073', '0.39643', '0.91806', '-0.00330', '-0.91806',
    '0.39643', '-0.00153', '-0.00010', '0.00364', '0.99999']
  '010.9333': ['2.215', '-2.334', '0.073', '0.42863', '0.90347', '-0.00330', '-0.90348',
    '0.42863', '-0.00153', '0.00003', '0.00364', '0.99999']
  '011.0000': ['2.222', '-2.350', '0.073', '0.41907', '0.90795', '-0.00330', '-0.90795',
    '0.41907', '-0.00153', '-0.00001', '0.00364', '0.99999']
  '011.0667': ['2.233', '-2.373', '0.073', '0.47832', '0.87818', '-0.00330', '-0.87819',
    '0.47832', '-0.00153', '0.00024', '0.00363', '0.99999']
  '011.1333': ['2.243', '-2.390', '0.073', '0.52318', '0.85222', '-0.00330', '-0.85222',
    '0.52318', '-0.00153', '0.00042', '0.00362', '0.99999']
  '011.2000': ['2.254', '-2.409', '0.073', '0.52631', '0.85029', '-0.00330', '-0.85029',
    '0.52631', '-0.00153', '0.00044', '0.00361', '0.99999']
  '011.2667': ['2.270', '-2.434', '0.073', '0.56338', '0.82619', '-0.00330', '-0.82620',
    '0.56338', '-0.00153', '0.00060', '0.00359', '0.99999']
  '011.3333': ['2.281', '-2.451', '0.073', '0.50152', '0.86514', '-0.00330', '-0.86514',
    '0.50152', '-0.00153', '0.00033', '0.00363', '0.99999']
  '011.4000': ['2.290', '-2.466', '0.073', '0.54561', '0.83803', '-0.00330', '-0.83804',
    '0.54561', '-0.00153', '0.00052', '0.00360', '0.99999']
  '011.4667': ['2.306', '-2.491', '0.073', '0.53142', '0.84710', '-0.00330', '-0.84711',
    '0.53142', '-0.00153', '0.00046', '0.00361', '0.99999']
  '011.5333': ['2.319', '-2.511', '0.073', '0.56323', '0.82629', '-0.00330', '-0.82630',
    '0.56323', '-0.00153', '0.00060', '0.00359', '0.99999']
  '011.6000': ['2.338', '-2.537', '0.073', '0.62040', '0.78428', '-0.00330', '-0.78429',
    '0.62040', '-0.00153', '0.00085', '0.00354', '0.99999']
  '011.6667': ['2.360', '-2.562', '0.073', '0.66949', '0.74281', '-0.00330', '-0.74282',
    '0.66949', '-0.00153', '0.00107', '0.00348', '0.99999']
  '011.7333': ['2.375', '-2.579', '0.073', '0.63249', '0.77456', '-0.00330', '-0.77457',
    '0.63249', '-0.00153', '0.00090', '0.00353', '0.99999']
  '011.8000': ['2.391', '-2.600', '0.073', '0.61559', '0.78806', '-0.00330', '-0.78806',
    '0.61559', '-0.00153', '0.00083', '0.00355', '0.99999']
  '011.8667': ['2.404', '-2.615', '0.073', '0.67131', '0.74117', '-0.00330', '-0.74118',
    '0.67131', '-0.00153', '0.00108', '0.00348', '0.99999']
  '011.9333': ['2.414', '-2.626', '0.073', '0.67441', '0.73835', '-0.00330', '-0.73836',
    '0.67441', '-0.00153', '0.00110', '0.00347', '0.99999']
  '012.0000': ['2.426', '-2.640', '0.073', '0.69097', '0.72288', '-0.00330', '-0.72288',
    '0.69097', '-0.00153', '0.00118', '0.00345', '0.99999']
  '012.0667': ['2.442', '-2.656', '0.073', '0.70347', '0.71072', '-0.00330', '-0.71073',
    '0.70347', '-0.00153', '0.00124', '0.00342', '0.99999']
  '012.1333': ['2.458', '-2.671', '0.073', '0.73310', '0.68011', '-0.00330', '-0.68012',
    '0.73310', '-0.00153', '0.00138', '0.00337', '0.99999']
  '012.2000': ['2.472', '-2.685', '0.073', '0.70877', '0.70543', '-0.00330', '-0.70544',
    '0.70877', '-0.00153', '0.00126', '0.00341', '0.99999']
  '012.2667': ['2.490', '-2.702', '0.073', '0.70341', '0.71078', '-0.00330', '-0.71078',
    '0.70341', '-0.00153', '0.00124', '0.00342', '0.99999']
  '012.3333': ['2.503', '-2.715', '0.074', '0.73322', '0.67999', '-0.00330', '-0.67999',
    '0.73322', '-0.00153', '0.00138', '0.00337', '0.99999']
  '012.4000': ['2.517', '-2.728', '0.074', '0.76005', '0.64985', '-0.00330', '-0.64986',
    '0.76005', '-0.00153', '0.00152', '0.00331', '0.99999']
  '012.4667': ['2.533', '-2.741', '0.074', '0.75351', '0.65743', '-0.00330', '-0.65743',
    '0.75351', '-0.00153', '0.00148', '0.00332', '0.99999']
  '012.5333': ['2.544', '-2.751', '0.074', '0.74629', '0.66562', '-0.00330', '-0.66562',
    '0.74629', '-0.00153', '0.00145', '0.00334', '0.99999']
  '012.6000': ['2.560', '-2.766', '0.074', '0.71145', '0.70273', '-0.00330', '-0.70273',
    '0.71145', '-0.00153', '0.00127', '0.00341', '0.99999']
  '012.6667': ['2.570', '-2.776', '0.074', '0.71524', '0.69888', '-0.00330', '-0.69888',
    '0.71524', '-0.00153', '0.00129', '0.00340', '0.99999']
  '012.7333': ['2.584', '-2.790', '0.074', '0.71122', '0.70296', '-0.00330', '-0.70297',
    '0.71122', '-0.00153', '0.00127', '0.00341', '0.99999']
  '012.8000': ['2.598', '-2.804', '0.074', '0.68324', '0.73019', '-0.00330', '-0.73020',
    '0.68324', '-0.00153', '0.00114', '0.00346', '0.99999']
  '012.8667': ['2.610', '-2.818', '0.074', '0.66592', '0.74602', '-0.00330', '-0.74603',
    '0.66591', '-0.00153', '0.00106', '0.00348', '0.99999']
  '012.9333': ['2.624', '-2.833', '0.074', '0.67663', '0.73632', '-0.00330', '-0.73633',
    '0.67663', '-0.00153', '0.00111', '0.00347', '0.99999']
  '013.0000': ['2.646', '-2.857', '0.074', '0.70418', '0.71002', '-0.00330', '-0.71002',
    '0.70418', '-0.00153', '0.00124', '0.00342', '0.99999']
  '013.0667': ['2.663', '-2.874', '0.074', '0.68639', '0.72723', '-0.00330', '-0.72724',
    '0.68639', '-0.00153', '0.00115', '0.00345', '0.99999']
  '013.1333': ['2.682', '-2.893', '0.074', '0.72286', '0.69099', '-0.00330', '-0.69099',
    '0.72286', '-0.00153', '0.00133', '0.00339', '0.99999']
  '013.2000': ['2.700', '-2.909', '0.074', '0.76420', '0.64497', '-0.00330', '-0.64498',
    '0.76420', '-0.00153', '0.00154', '0.00330', '0.99999']
  '013.2667': ['2.718', '-2.924', '0.074', '0.76490', '0.64414', '-0.00330', '-0.64415',
    '0.76490', '-0.00153', '0.00154', '0.00330', '0.99999']
  '013.3333': ['2.735', '-2.939', '0.074', '0.77906', '0.62694', '-0.00330', '-0.62695',
    '0.77906', '-0.00153', '0.00161', '0.00326', '0.99999']
  '013.4000': ['2.750', '-2.950', '0.074', '0.79416', '0.60770', '-0.00330', '-0.60771',
    '0.79416', '-0.00153', '0.00169', '0.00322', '0.99999']
  '013.4667': ['2.766', '-2.962', '0.074', '0.81320', '0.58197', '-0.00330', '-0.58198',
    '0.81320', '-0.00153', '0.00180', '0.00317', '0.99999']
  '013.5333': ['2.781', '-2.973', '0.074', '0.80968', '0.58686', '-0.00330', '-0.58686',
    '0.80968', '-0.00153', '0.00178', '0.00318', '0.99999']
  '013.6000': ['2.800', '-2.986', '0.074', '0.85222', '0.52317', '-0.00330', '-0.52318',
    '0.85222', '-0.00153', '0.00201', '0.00303', '0.99999']
  '013.6667': ['2.813', '-2.994', '0.074', '0.86358', '0.50420', '-0.00330', '-0.50420',
    '0.86358', '-0.00153', '0.00208', '0.00299', '0.99999']
  '013.7333': ['2.832', '-3.005', '0.074', '0.86918', '0.49449', '-0.00330', '-0.49450',
    '0.86918', '-0.00153', '0.00211', '0.00296', '0.99999']
  '013.8000': ['2.848', '-3.014', '0.074', '0.87238', '0.48882', '-0.00330', '-0.48883',
    '0.87238', '-0.00153', '0.00213', '0.00295', '0.99999']
  '013.8667': ['2.861', '-3.021', '0.074', '0.88124', '0.47266', '-0.00330', '-0.47266',
    '0.88124', '-0.00153', '0.00219', '0.00291', '0.99999']
  '013.9333': ['2.881', '-3.032', '0.074', '0.89789', '0.44020', '-0.00330', '-0.44021',
    '0.89789', '-0.00153', '0.00229', '0.00283', '0.99999']
  '014.0000': ['2.902', '-3.042', '0.074', '0.89222', '0.45160', '-0.00330', '-0.45160',
    '0.89222', '-0.00153', '0.00226', '0.00286', '0.99999']
  '014.0667': ['2.923', '-3.053', '0.074', '0.87596', '0.48237', '-0.00330', '-0.48238',
    '0.87596', '-0.00153', '0.00216', '0.00293', '0.99999']
  '014.1333': ['2.944', '-3.065', '0.074', '0.85664', '0.51591', '-0.00330', '-0.51592',
    '0.85664', '-0.00153', '0.00204', '0.00302', '0.99999']
  '014.2000': ['2.965', '-3.077', '0.074', '0.85533', '0.51807', '-0.00330', '-0.51808',
    '0.85533', '-0.00153', '0.00203', '0.00302', '0.99999']
