begin_time_stamp: 1574101353.799999
data_header:
  time_stamp: [x, y, z, R11, R12, R13, R21, R22, R23, R31, R32, R33]
trajectory_data:
  '000.0000': ['2.698', '1.746', '0.080', '-0.10893', '-0.99405', '0.00058', '0.99405',
    '-0.10893', '0.00014', '-0.00008', '0.00059', '1.00000']
  '000.0667': ['2.697', '1.769', '0.080', '-0.11565', '-0.99329', '0.00055', '0.99329',
    '-0.11565', '0.00014', '-0.00008', '0.00056', '1.00000']
  '000.1333': ['2.697', '1.792', '0.080', '-0.12965', '-0.99156', '0.00055', '0.99156',
    '-0.12965', '0.00016', '-0.00008', '0.00056', '1.00000']
  '000.2000': ['2.695', '1.814', '0.080', '-0.14834', '-0.98894', '0.00051', '0.98894',
    '-0.14834', '0.00019', '-0.00011', '0.00053', '1.00000']
  '000.2667': ['2.692', '1.836', '0.080', '-0.17098', '-0.98527', '0.00047', '0.98527',
    '-0.17098', '0.00024', '-0.00016', '0.00050', '1.00000']
  '000.3333': ['2.687', '1.861', '0.080', '-0.19560', '-0.98068', '0.00041', '0.98068',
    '-0.19560', '0.00023', '-0.00014', '0.00044', '1.00000']
  '000.4000': ['2.683', '1.888', '0.080', '-0.22676', '-0.97395', '0.00041', '0.97395',
    '-0.22675', '0.00023', '-0.00013', '0.00045', '1.00000']
  '000.4667': ['2.677', '1.910', '0.080', '-0.25891', '-0.96590', '0.00043', '0.96590',
    '-0.25891', '0.00022', '-0.00010', '0.00047', '1.00000']
  '000.5333': ['2.670', '1.933', '0.080', '-0.28777', '-0.95770', '0.00039', '0.95770',
    '-0.28777', '0.00022', '-0.00009', '0.00043', '1.00000']
  '000.6000': ['2.661', '1.955', '0.080', '-0.31151', '-0.95024', '0.00037', '0.95024',
    '-0.31151', '0.00021', '-0.00009', '0.00041', '1.00000']
  '000.6667': ['2.653', '1.979', '0.080', '-0.36027', '-0.93285', '0.00036', '0.93285',
    '-0.36027', '0.00022', '-0.00008', '0.00042', '1.00000']
  '000.7333': ['2.641', '2.001', '0.080', '-0.46690', '-0.88431', '0.00032', '0.88431',
    '-0.46690', '0.00022', '-0.00004', '0.00039', '1.00000']
  '000.8000': ['2.627', '2.025', '0.080', '-0.51837', '-0.85515', '0.00031', '0.85515',
    '-0.51837', '0.00022', '-0.00002', '0.00038', '1.00000']
  '000.8667': ['2.609', '2.050', '0.080', '-0.53285', '-0.84621', '0.00029', '0.84621',
    '-0.53285', '0.00025', '-0.00005', '0.00038', '1.00000']
  '000.9333': ['2.596', '2.071', '0.080', '-0.61971', '-0.78483', '0.00024', '0.78483',
    '-0.61971', '0.00026', '-0.00006', '0.00035', '1.00000']
  '001.0000': ['2.581', '2.091', '0.080', '-0.69460', '-0.71940', '0.00020', '0.71940',
    '-0.69460', '0.00024', '-0.00003', '0.00031', '1.00000']
  '001.0667': ['2.564', '2.109', '0.080', '-0.75936', '-0.65067', '0.00020', '0.65067',
    '-0.75936', '0.00022', '0.00001', '0.00030', '1.00000']
  '001.1333': ['2.547', '2.125', '0.080', '-0.81839', '-0.57466', '0.00018', '0.57466',
    '-0.81839', '0.00025', '0.00000', '0.00031', '1.00000']
  '001.2000': ['2.524', '2.141', '0.080', '-0.87250', '-0.48861', '0.00012', '0.48861',
    '-0.87250', '0.00023', '-0.00001', '0.00025', '1.00000']
  '001.2667': ['2.504', '2.153', '0.080', '-0.91963', '-0.39278', '0.00009', '0.39278',
    '-0.91963', '0.00022', '-0.00001', '0.00024', '1.00000']
  '001.3333': ['2.483', '2.165', '0.080', '-0.95900', '-0.28340', '0.00006', '0.28340',
    '-0.95900', '0.00023', '-0.00001', '0.00023', '1.00000']
  '001.4000': ['2.456', '2.175', '0.080', '-0.98696', '-0.16094', '0.00001', '0.16094',
    '-0.98696', '0.00024', '-0.00003', '0.00024', '1.00000']
  '001.4667': ['2.432', '2.179', '0.080', '-0.99826', '-0.05892', '-0.00001', '0.05892',
    '-0.99826', '0.00026', '-0.00003', '0.00026', '1.00000']
  '001.5333': ['2.410', '2.181', '0.080', '-0.99975', '-0.02238', '-0.00002', '0.02238',
    '-0.99975', '0.00025', '-0.00002', '0.00025', '1.00000']
  '001.6000': ['2.383', '2.182', '0.080', '-0.99980', '0.01986', '-0.00007', '-0.01986',
    '-0.99980', '0.00026', '-0.00007', '0.00026', '1.00000']
  '001.6667': ['2.358', '2.180', '0.080', '-0.99818', '0.06030', '-0.00009', '-0.06030',
    '-0.99818', '0.00025', '-0.00008', '0.00026', '1.00000']
  '001.7333': ['2.334', '2.178', '0.080', '-0.99514', '0.09851', '-0.00010', '-0.09851',
    '-0.99514', '0.00028', '-0.00007', '0.00029', '1.00000']
  '001.8000': ['2.311', '2.175', '0.080', '-0.99846', '0.05543', '-0.00009', '-0.05543',
    '-0.99846', '0.00029', '-0.00007', '0.00030', '1.00000']
  '001.8667': ['2.286', '2.171', '0.080', '-0.99988', '-0.01571', '-0.00011', '0.01571',
    '-0.99988', '0.00035', '-0.00011', '0.00035', '1.00000']
  '001.9333': ['2.257', '2.168', '0.080', '-0.99496', '-0.10023', '-0.00012', '0.10023',
    '-0.99496', '0.00039', '-0.00016', '0.00037', '1.00000']
  '002.0000': ['2.234', '2.167', '0.080', '-0.99036', '-0.13850', '-0.00014', '0.13850',
    '-0.99036', '0.00039', '-0.00019', '0.00036', '1.00000']
  '002.0667': ['2.209', '2.167', '0.080', '-0.98892', '-0.14842', '-0.00018', '0.14842',
    '-0.98892', '0.00044', '-0.00024', '0.00041', '1.00000']
  '002.1333': ['2.187', '2.170', '0.080', '-0.98672', '-0.16240', '-0.00023', '0.16240',
    '-0.98672', '0.00046', '-0.00030', '0.00041', '1.00000']
  '002.2000': ['2.164', '2.173', '0.080', '-0.98384', '-0.17906', '-0.00027', '0.17906',
    '-0.98384', '0.00046', '-0.00035', '0.00041', '1.00000']
  '002.2667': ['2.141', '2.177', '0.080', '-0.98058', '-0.19611', '-0.00029', '0.19611',
    '-0.98058', '0.00048', '-0.00038', '0.00041', '1.00000']
  '002.3333': ['2.111', '2.183', '0.080', '-0.97690', '-0.21370', '-0.00035', '0.21370',
    '-0.97690', '0.00050', '-0.00045', '0.00041', '1.00000']
  '002.4000': ['2.084', '2.187', '0.080', '-0.98608', '-0.16626', '-0.00040', '0.16626',
    '-0.98608', '0.00052', '-0.00048', '0.00045', '1.00000']
  '002.4667': ['2.058', '2.192', '0.080', '-0.99611', '-0.08809', '-0.00035', '0.08809',
    '-0.99611', '0.00042', '-0.00038', '0.00038', '1.00000']
  '002.5333': ['2.040', '2.200', '0.080', '-0.99551', '-0.09467', '-0.00047', '0.09467',
    '-0.99551', '0.00049', '-0.00052', '0.00044', '1.00000']
  '002.6000': ['2.022', '2.201', '0.080', '-0.99548', '-0.09496', '-0.00060', '0.09496',
    '-0.99548', '0.00054', '-0.00065', '0.00048', '1.00000']
  '002.6667': ['2.016', '2.197', '0.080', '-0.99565', '-0.09316', '-0.00102', '0.09316',
    '-0.99565', '0.00068', '-0.00108', '0.00058', '1.00000']
  '002.7333': ['2.004', '2.197', '0.080', '-0.99588', '-0.09070', '-0.00094', '0.09070',
    '-0.99588', '0.00062', '-0.00099', '0.00054', '1.00000']
  '002.8000': ['1.993', '2.199', '0.080', '-0.99634', '-0.08550', '-0.00056', '0.08550',
    '-0.99634', '0.00034', '-0.00058', '0.00029', '1.00000']
  '002.8667': ['1.980', '2.201', '0.080', '-0.99685', '-0.07928', '-0.00051', '0.07928',
    '-0.99685', '0.00030', '-0.00053', '0.00026', '1.00000']
  '002.9333': ['1.961', '2.200', '0.080', '-0.99710', '-0.07608', '-0.00046', '0.07608',
    '-0.99710', '0.00027', '-0.00048', '0.00024', '1.00000']
  '003.0000': ['1.942', '2.202', '0.080', '-0.99740', '-0.07212', '-0.00042', '0.07212',
    '-0.99740', '0.00026', '-0.00044', '0.00022', '1.00000']
  '003.0667': ['1.925', '2.205', '0.080', '-0.99770', '-0.06780', '-0.00041', '0.06780',
    '-0.99770', '0.00024', '-0.00043', '0.00022', '1.00000']
  '003.1333': ['1.910', '2.206', '0.080', '-0.99798', '-0.06348', '-0.00043', '0.06348',
    '-0.99798', '0.00023', '-0.00045', '0.00020', '1.00000']
  '003.2000': ['1.902', '2.206', '0.080', '-0.99824', '-0.05929', '-0.00043', '0.05929',
    '-0.99824', '0.00020', '-0.00044', '0.00018', '1.00000']
  '003.2667': ['1.902', '2.205', '0.080', '-0.99846', '-0.05545', '-0.00041', '0.05545',
    '-0.99846', '0.00020', '-0.00042', '0.00018', '1.00000']
  '003.3333': ['1.899', '2.206', '0.080', '-0.99869', '-0.05119', '-0.00040', '0.05119',
    '-0.99869', '0.00020', '-0.00041', '0.00018', '1.00000']
  '003.4000': ['1.895', '2.206', '0.080', '-0.99892', '-0.04649', '-0.00039', '0.04649',
    '-0.99892', '0.00018', '-0.00039', '0.00016', '1.00000']
  '003.4667': ['1.887', '2.207', '0.080', '-0.99915', '-0.04122', '-0.00037', '0.04122',
    '-0.99915', '0.00017', '-0.00037', '0.00016', '1.00000']
  '003.5333': ['1.869', '2.208', '0.080', '-0.99940', '-0.03459', '-0.00034', '0.03459',
    '-0.99940', '0.00016', '-0.00035', '0.00015', '1.00000']
  '003.6000': ['1.841', '2.207', '0.080', '-0.99954', '-0.03021', '-0.00020', '0.03021',
    '-0.99954', '0.00004', '-0.00020', '0.00003', '1.00000']
  '003.6667': ['1.826', '2.208', '0.080', '-0.99965', '-0.02650', '-0.00021', '0.02650',
    '-0.99965', '0.00005', '-0.00021', '0.00004', '1.00000']
  '003.7333': ['1.810', '2.209', '0.080', '-0.99973', '-0.02309', '-0.00024', '0.02309',
    '-0.99973', '0.00005', '-0.00024', '0.00004', '1.00000']
  '003.8000': ['1.802', '2.210', '0.080', '-0.99980', '-0.02014', '-0.00021', '0.02014',
    '-0.99980', '0.00002', '-0.00021', '0.00001', '1.00000']
  '003.8667': ['1.803', '2.210', '0.080', '-0.99984', '-0.01805', '-0.00019', '0.01805',
    '-0.99984', '0.00002', '-0.00019', '0.00002', '1.00000']
  '003.9333': ['1.800', '2.209', '0.080', '-0.99985', '-0.01729', '-0.00018', '0.01729',
    '-0.99985', '0.00002', '-0.00018', '0.00002', '1.00000']
  '004.0000': ['1.796', '2.210', '0.080', '-0.99987', '-0.01641', '-0.00018', '0.01641',
    '-0.99987', '0.00002', '-0.00018', '0.00002', '1.00000']
  '004.0667': ['1.788', '2.210', '0.080', '-0.99988', '-0.01581', '-0.00019', '0.01581',
    '-0.99988', '0.00002', '-0.00019', '0.00002', '1.00000']
  '004.1333': ['1.778', '2.210', '0.080', '-0.99988', '-0.01525', '-0.00022', '0.01525',
    '-0.99988', '0.00004', '-0.00022', '0.00004', '1.00000']
  '004.2000': ['1.766', '2.211', '0.080', '-0.99989', '-0.01464', '-0.00027', '0.01464',
    '-0.99989', '0.00008', '-0.00027', '0.00007', '1.00000']
  '004.2667': ['1.755', '2.212', '0.080', '-0.99990', '-0.01392', '-0.00031', '0.01392',
    '-0.99990', '0.00007', '-0.00031', '0.00006', '1.00000']
  '004.3333': ['1.752', '2.212', '0.080', '-0.99990', '-0.01391', '-0.00030', '0.01391',
    '-0.99990', '0.00006', '-0.00030', '0.00005', '1.00000']
  '004.4000': ['1.754', '2.212', '0.080', '-0.99989', '-0.01472', '-0.00028', '0.01472',
    '-0.99989', '0.00006', '-0.00028', '0.00005', '1.00000']
  '004.4667': ['1.749', '2.212', '0.080', '-0.99987', '-0.01589', '-0.00028', '0.01589',
    '-0.99987', '0.00006', '-0.00028', '0.00005', '1.00000']
  '004.5333': ['1.747', '2.212', '0.080', '-0.99984', '-0.01802', '-0.00026', '0.01802',
    '-0.99984', '0.00005', '-0.00026', '0.00005', '1.00000']
  '004.6000': ['1.740', '2.213', '0.080', '-0.99979', '-0.02051', '-0.00027', '0.02051',
    '-0.99979', '0.00005', '-0.00027', '0.00004', '1.00000']
  '004.6667': ['1.727', '2.213', '0.080', '-0.99971', '-0.02419', '-0.00029', '0.02419',
    '-0.99971', '0.00005', '-0.00029', '0.00005', '1.00000']
  '004.7333': ['1.713', '2.213', '0.080', '-0.99959', '-0.02851', '-0.00026', '0.02851',
    '-0.99959', '0.00006', '-0.00027', '0.00005', '1.00000']
  '004.8000': ['1.697', '2.214', '0.080', '-0.99942', '-0.03412', '-0.00028', '0.03412',
    '-0.99942', '0.00008', '-0.00029', '0.00007', '1.00000']
  '004.8667': ['1.678', '2.214', '0.080', '-0.99911', '-0.04224', '-0.00031', '0.04224',
    '-0.99911', '0.00010', '-0.00031', '0.00009', '1.00000']
  '004.9333': ['1.654', '2.214', '0.080', '-0.99858', '-0.05329', '-0.00037', '0.05329',
    '-0.99858', '0.00012', '-0.00038', '0.00010', '1.00000']
  '005.0000': ['1.631', '2.216', '0.080', '-0.99779', '-0.06642', '-0.00041', '0.06642',
    '-0.99779', '0.00014', '-0.00042', '0.00011', '1.00000']
  '005.0667': ['1.607', '2.218', '0.080', '-0.99670', '-0.08116', '-0.00046', '0.08116',
    '-0.99670', '0.00014', '-0.00047', '0.00010', '1.00000']
  '005.1333': ['1.583', '2.220', '0.080', '-0.99831', '-0.05815', '-0.00049', '0.05815',
    '-0.99831', '0.00014', '-0.00050', '0.00011', '1.00000']
  '005.2000': ['1.555', '2.223', '0.080', '-0.99957', '0.02937', '-0.00051', '-0.02937',
    '-0.99957', '0.00012', '-0.00050', '0.00013', '1.00000']
  '005.2667': ['1.532', '2.224', '0.080', '-0.99975', '0.02243', '-0.00053', '-0.02243',
    '-0.99975', '0.00012', '-0.00053', '0.00013', '1.00000']
  '005.3333': ['1.509', '2.224', '0.080', '-0.99984', '0.01777', '-0.00054', '-0.01777',
    '-0.99984', '0.00011', '-0.00054', '0.00012', '1.00000']
  '005.4000': ['1.483', '2.224', '0.080', '-0.99990', '0.01384', '-0.00055', '-0.01384',
    '-0.99990', '0.00013', '-0.00055', '0.00013', '1.00000']
  '005.4667': ['1.457', '2.223', '0.080', '-0.99997', '0.00735', '-0.00060', '-0.00735',
    '-0.99997', '0.00013', '-0.00059', '0.00013', '1.00000']
  '005.5333': ['1.436', '2.221', '0.080', '-0.99999', '-0.00500', '-0.00040', '0.00500',
    '-0.99999', '0.00021', '-0.00040', '0.00021', '1.00000']
  '005.6000': ['1.412', '2.220', '0.080', '-0.99998', '-0.00683', '-0.00039', '0.00683',
    '-0.99998', '0.00022', '-0.00039', '0.00022', '1.00000']
  '005.6667': ['1.386', '2.220', '0.080', '-0.99742', '0.07172', '-0.00041', '-0.07172',
    '-0.99742', '0.00021', '-0.00039', '0.00024', '1.00000']
  '005.7333': ['1.362', '2.219', '0.080', '-0.98848', '0.15135', '-0.00042', '-0.15135',
    '-0.98848', '0.00019', '-0.00038', '0.00025', '1.00000']
  '005.8000': ['1.335', '2.218', '0.080', '-0.97089', '0.23954', '-0.00043', '-0.23954',
    '-0.97089', '0.00015', '-0.00039', '0.00025', '1.00000']
  '005.8667': ['1.311', '2.214', '0.080', '-0.96685', '0.25534', '-0.00045', '-0.25534',
    '-0.96685', '0.00014', '-0.00040', '0.00025', '1.00000']
  '005.9333': ['1.287', '2.210', '0.080', '-0.96420', '0.26518', '-0.00045', '-0.26518',
    '-0.96420', '0.00014', '-0.00040', '0.00025', '1.00000']
  '006.0000': ['1.263', '2.205', '0.080', '-0.95988', '0.28040', '-0.00049', '-0.28040',
    '-0.95988', '0.00014', '-0.00043', '0.00027', '1.00000']
  '006.0667': ['1.240', '2.199', '0.080', '-0.95473', '0.29748', '-0.00049', '-0.29748',
    '-0.95473', '0.00013', '-0.00043', '0.00027', '1.00000']
  '006.1333': ['1.215', '2.191', '0.080', '-0.96864', '0.24845', '-0.00051', '-0.24845',
    '-0.96864', '0.00014', '-0.00046', '0.00027', '1.00000']
  '006.2000': ['1.189', '2.184', '0.080', '-0.98380', '0.17929', '-0.00055', '-0.17929',
    '-0.98380', '0.00015', '-0.00051', '0.00025', '1.00000']
  '006.2667': ['1.166', '2.179', '0.080', '-0.98289', '0.18417', '-0.00055', '-0.18417',
    '-0.98289', '0.00015', '-0.00051', '0.00025', '1.00000']
  '006.3333': ['1.141', '2.174', '0.080', '-0.98312', '0.18294', '-0.00057', '-0.18294',
    '-0.98312', '0.00013', '-0.00053', '0.00024', '1.00000']
  '006.4000': ['1.118', '2.170', '0.080', '-0.98726', '0.15909', '-0.00055', '-0.15909',
    '-0.98726', '0.00010', '-0.00053', '0.00019', '1.00000']
  '006.4667': ['1.093', '2.168', '0.080', '-0.99826', '0.05894', '-0.00051', '-0.05894',
    '-0.99826', '0.00012', '-0.00050', '0.00015', '1.00000']
  '006.5333': ['1.068', '2.168', '0.080', '-0.99905', '-0.04358', '-0.00049', '0.04358',
    '-0.99905', '0.00015', '-0.00050', '0.00013', '1.00000']
  '006.6000': ['1.043', '2.170', '0.080', '-0.99185', '-0.12738', '-0.00048', '0.12738',
    '-0.99185', '0.00017', '-0.00050', '0.00010', '1.00000']
  '006.6667': ['1.016', '2.178', '0.080', '-0.99127', '-0.13183', '-0.00051', '0.13183',
    '-0.99127', '0.00017', '-0.00052', '0.00010', '1.00000']
  '006.7333': ['0.992', '2.182', '0.080', '-0.99043', '-0.13802', '-0.00053', '0.13802',
    '-0.99043', '0.00017', '-0.00055', '0.00009', '1.00000']
  '006.8000': ['0.970', '2.187', '0.080', '-0.98955', '-0.14418', '-0.00049', '0.14418',
    '-0.98955', '0.00019', '-0.00051', '0.00011', '1.00000']
  '006.8667': ['0.947', '2.191', '0.080', '-0.98890', '-0.14859', '-0.00049', '0.14859',
    '-0.98890', '0.00017', '-0.00051', '0.00009', '1.00000']
  '006.9333': ['0.924', '2.196', '0.080', '-0.98852', '-0.15110', '-0.00052', '0.15110',
    '-0.98852', '0.00014', '-0.00053', '0.00006', '1.00000']
  '007.0000': ['0.903', '2.199', '0.080', '-0.99159', '-0.12942', '-0.00056', '0.12942',
    '-0.99159', '0.00013', '-0.00057', '0.00006', '1.00000']
  '007.0667': ['0.879', '2.203', '0.080', '-0.99963', '-0.02722', '-0.00061', '0.02722',
    '-0.99963', '0.00011', '-0.00061', '0.00009', '1.00000']
  '007.1333': ['0.859', '2.203', '0.080', '-0.99970', '0.02432', '-0.00062', '-0.02432',
    '-0.99970', '0.00012', '-0.00062', '0.00013', '1.00000']
  '007.2000': ['0.846', '2.197', '0.080', '-0.99970', '0.02443', '-0.00041', '-0.02443',
    '-0.99970', '0.00032', '-0.00041', '0.00033', '1.00000']
  '007.2667': ['0.823', '2.196', '0.080', '-0.99955', '0.02987', '-0.00039', '-0.02987',
    '-0.99955', '0.00035', '-0.00038', '0.00036', '1.00000']
  '007.3333': ['0.802', '2.196', '0.080', '-0.99923', '0.03919', '-0.00037', '-0.03919',
    '-0.99923', '0.00031', '-0.00036', '0.00032', '1.00000']
  '007.4000': ['0.788', '2.191', '0.080', '-0.99911', '0.04206', '-0.00028', '-0.04206',
    '-0.99911', '0.00016', '-0.00027', '0.00017', '1.00000']
  '007.4667': ['0.766', '2.188', '0.080', '-0.99908', '0.04280', '-0.00030', '-0.04280',
    '-0.99908', '0.00015', '-0.00029', '0.00016', '1.00000']
  '007.5333': ['0.742', '2.188', '0.080', '-0.99891', '0.04657', '-0.00031', '-0.04657',
    '-0.99892', '0.00012', '-0.00030', '0.00013', '1.00000']
  '007.6000': ['0.716', '2.188', '0.080', '-0.99853', '0.05428', '-0.00030', '-0.05428',
    '-0.99853', '0.00008', '-0.00029', '0.00010', '1.00000']
  '007.6667': ['0.691', '2.188', '0.080', '-0.99777', '0.06674', '-0.00031', '-0.06674',
    '-0.99777', '0.00007', '-0.00030', '0.00009', '1.00000']
  '007.7333': ['0.665', '2.187', '0.080', '-0.99927', '0.03816', '-0.00034', '-0.03816',
    '-0.99927', '0.00007', '-0.00034', '0.00009', '1.00000']
  '007.8000': ['0.639', '2.188', '0.080', '-0.99948', '-0.03217', '-0.00038', '0.03217',
    '-0.99948', '0.00007', '-0.00038', '0.00006', '1.00000']
  '007.8667': ['0.612', '2.191', '0.080', '-0.99994', '-0.01057', '-0.00041', '0.01057',
    '-0.99994', '0.00003', '-0.00041', '0.00002', '1.00000']
  '007.9333': ['0.587', '2.190', '0.080', '-0.99852', '-0.05445', '-0.00041', '0.05445',
    '-0.99852', '-0.00001', '-0.00041', '-0.00003', '1.00000']
  '008.0000': ['0.565', '2.181', '0.080', '-0.98786', '-0.15536', '-0.00033', '0.15536',
    '-0.98786', '-0.00019', '-0.00029', '-0.00024', '1.00000']
  '008.0667': ['0.555', '2.168', '0.080', '-0.96588', '-0.25901', '-0.00013', '0.25901',
    '-0.96588', '-0.00028', '-0.00006', '-0.00030', '1.00000']
  '008.1333': ['0.541', '2.163', '0.080', '-0.93106', '-0.36487', '-0.00012', '0.36487',
    '-0.93106', '-0.00029', '-0.00001', '-0.00032', '1.00000']
  '008.2000': ['0.527', '2.165', '0.080', '-0.88177', '-0.47169', '-0.00013', '0.47169',
    '-0.88177', '-0.00030', '0.00003', '-0.00033', '1.00000']
  '008.2667': ['0.515', '2.171', '0.080', '-0.86349', '-0.50437', '-0.00006', '0.50437',
    '-0.86349', '-0.00033', '0.00012', '-0.00032', '1.00000']
  '008.3333': ['0.509', '2.178', '0.080', '-0.85299', '-0.52193', '-0.00002', '0.52193',
    '-0.85299', '-0.00033', '0.00016', '-0.00029', '1.00000']
  '008.4000': ['0.504', '2.189', '0.080', '-0.84366', '-0.53687', '-0.00023', '0.53687',
    '-0.84366', '-0.00026', '-0.00005', '-0.00035', '1.00000']
  '008.4667': ['0.497', '2.194', '0.080', '-0.83770', '-0.54613', '-0.00025', '0.54613',
    '-0.83770', '-0.00027', '-0.00006', '-0.00036', '1.00000']
  '008.5333': ['0.499', '2.186', '0.080', '-0.82972', '-0.55818', '0.00002', '0.55818',
    '-0.82972', '-0.00034', '0.00020', '-0.00027', '1.00000']
  '008.6000': ['0.495', '2.186', '0.080', '-0.82160', '-0.57006', '0.00006', '0.57006',
    '-0.82160', '-0.00036', '0.00025', '-0.00027', '1.00000']
  '008.6667': ['0.486', '2.193', '0.080', '-0.81550', '-0.57876', '0.00003', '0.57876',
    '-0.81550', '-0.00037', '0.00024', '-0.00029', '1.00000']
  '008.7333': ['0.473', '2.204', '0.080', '-0.81185', '-0.58386', '0.00003', '0.58386',
    '-0.81185', '-0.00037', '0.00024', '-0.00028', '1.00000']
  '008.8000': ['0.457', '2.217', '0.080', '-0.81080', '-0.58533', '0.00003', '0.58533',
    '-0.81080', '-0.00036', '0.00024', '-0.00027', '1.00000']
  '008.8667': ['0.436', '2.232', '0.080', '-0.81080', '-0.58533', '0.00003', '0.58533',
    '-0.81080', '-0.00036', '0.00024', '-0.00027', '1.00000']
  '008.9333': ['0.416', '2.246', '0.080', '-0.81080', '-0.58533', '0.00003', '0.58533',
    '-0.81080', '-0.00036', '0.00024', '-0.00027', '1.00000']
  '009.0000': ['0.395', '2.261', '0.080', '-0.75416', '-0.65670', '0.00003', '0.65670',
    '-0.75415', '-0.00036', '0.00026', '-0.00025', '1.00000']
  '009.0667': ['0.376', '2.277', '0.080', '-0.68138', '-0.73193', '0.00003', '0.73193',
    '-0.68138', '-0.00036', '0.00028', '-0.00022', '1.00000']
  '009.1333': ['0.358', '2.295', '0.080', '-0.60113', '-0.79915', '0.00003', '0.79915',
    '-0.60113', '-0.00036', '0.00031', '-0.00019', '1.00000']
  '009.2000': ['0.343', '2.315', '0.080', '-0.51430', '-0.85761', '0.00003', '0.85761',
    '-0.51430', '-0.00036', '0.00032', '-0.00016', '1.00000']
  '009.2667': ['0.329', '2.336', '0.080', '-0.42183', '-0.90667', '0.00003', '0.90667',
    '-0.42183', '-0.00036', '0.00034', '-0.00012', '1.00000']
  '009.3333': ['0.318', '2.358', '0.080', '-0.32475', '-0.94580', '0.00003', '0.94580',
    '-0.32475', '-0.00036', '0.00035', '-0.00009', '1.00000']
  '009.4000': ['0.309', '2.382', '0.080', '-0.22410', '-0.97457', '0.00003', '0.97457',
    '-0.22410', '-0.00036', '0.00036', '-0.00005', '1.00000']
  '009.4667': ['0.304', '2.407', '0.080', '-0.21156', '-0.97737', '0.00003', '0.97737',
    '-0.21156', '-0.00036', '0.00036', '-0.00004', '1.00000']
  '009.5333': ['0.298', '2.431', '0.080', '-0.21156', '-0.97737', '0.00003', '0.97737',
    '-0.21156', '-0.00036', '0.00036', '-0.00004', '1.00000']
  '009.6000': ['0.293', '2.456', '0.080', '-0.21156', '-0.97737', '0.00003', '0.97737',
    '-0.21156', '-0.00036', '0.00036', '-0.00004', '1.00000']
  '009.6667': ['0.288', '2.481', '0.080', '-0.21156', '-0.97737', '0.00003', '0.97737',
    '-0.21156', '-0.00036', '0.00036', '-0.00004', '1.00000']
  '009.7333': ['0.282', '2.505', '0.080', '-0.21156', '-0.97737', '0.00003', '0.97737',
    '-0.21156', '-0.00036', '0.00036', '-0.00004', '1.00000']
  '009.8000': ['0.277', '2.530', '0.080', '-0.12413', '-0.99227', '0.00003', '0.99227',
    '-0.12413', '-0.00036', '0.00036', '-0.00001', '1.00000']
  '009.8667': ['0.273', '2.555', '0.080', '-0.01973', '-0.99981', '0.00003', '0.99981',
    '-0.01973', '-0.00036', '0.00036', '0.00003', '1.00000']
  '009.9333': ['0.271', '2.580', '0.080', '0.08489', '-0.99639', '0.00003', '0.99639',
    '0.08489', '-0.00036', '0.00035', '0.00006', '1.00000']
  '010.0000': ['0.273', '2.605', '0.080', '0.09516', '-0.99546', '0.00003', '0.99546',
    '0.09516', '-0.00036', '0.00035', '0.00007', '1.00000']
  '010.0667': ['0.275', '2.630', '0.080', '0.09516', '-0.99546', '0.00003', '0.99546',
    '0.09516', '-0.00036', '0.00035', '0.00007', '1.00000']
  '010.1333': ['0.278', '2.655', '0.080', '0.09516', '-0.99546', '0.00003', '0.99546',
    '0.09516', '-0.00036', '0.00035', '0.00007', '1.00000']
  '010.2000': ['0.279', '2.680', '0.080', '0.15557', '-0.98783', '0.00003', '0.98783',
    '0.15557', '-0.00036', '0.00035', '0.00009', '1.00000']
  '010.2667': ['0.282', '2.705', '0.080', '0.25797', '-0.96615', '0.00003', '0.96615',
    '0.25797', '-0.00036', '0.00034', '0.00012', '1.00000']
