begin_time_stamp: 1574101504.4666638
data_header:
  time_stamp: [x, y, z, R11, R12, R13, R21, R22, R23, R31, R32, R33]
trajectory_data:
  '000.0000': ['2.136', '3.099', '0.080', '0.99976', '-0.02210', '0.00031', '0.02210',
    '0.99976', '0.00039', '-0.00032', '-0.00038', '1.00000']
  '000.0667': ['2.161', '3.098', '0.080', '0.99966', '-0.02592', '0.00031', '0.02592',
    '0.99966', '0.00040', '-0.00032', '-0.00039', '1.00000']
  '000.1333': ['2.184', '3.097', '0.080', '0.99938', '-0.03519', '0.00035', '0.03519',
    '0.99938', '0.00040', '-0.00036', '-0.00038', '1.00000']
  '000.2000': ['2.206', '3.095', '0.080', '0.99872', '-0.05055', '0.00037', '0.05055',
    '0.99872', '0.00041', '-0.00039', '-0.00039', '1.00000']
  '000.2667': ['2.227', '3.096', '0.080', '0.99950', '-0.03159', '0.00039', '0.03159',
    '0.99950', '0.00038', '-0.00040', '-0.00037', '1.00000']
  '000.3333': ['2.248', '3.095', '0.080', '0.99894', '0.04592', '0.00039', '-0.04592',
    '0.99894', '0.00035', '-0.00037', '-0.00037', '1.00000']
  '000.4000': ['2.273', '3.092', '0.080', '0.99280', '0.11975', '0.00038', '-0.11975',
    '0.99280', '0.00033', '-0.00034', '-0.00038', '1.00000']
  '000.4667': ['2.299', '3.089', '0.080', '0.98070', '0.19551', '0.00037', '-0.19551',
    '0.98070', '0.00032', '-0.00030', '-0.00038', '1.00000']
  '000.5333': ['2.323', '3.084', '0.080', '0.96228', '0.27205', '0.00035', '-0.27205',
    '0.96228', '0.00029', '-0.00026', '-0.00037', '1.00000']
  '000.6000': ['2.347', '3.078', '0.080', '0.93603', '0.35191', '0.00035', '-0.35191',
    '0.93603', '0.00025', '-0.00024', '-0.00036', '1.00000']
  '000.6667': ['2.373', '3.068', '0.080', '0.90184', '0.43207', '0.00034', '-0.43207',
    '0.90184', '0.00023', '-0.00021', '-0.00035', '1.00000']
  '000.7333': ['2.397', '3.057', '0.080', '0.85930', '0.51147', '0.00032', '-0.51147',
    '0.85930', '0.00021', '-0.00017', '-0.00034', '1.00000']
  '000.8000': ['2.417', '3.045', '0.080', '0.80810', '0.58904', '0.00030', '-0.58904',
    '0.80810', '0.00019', '-0.00013', '-0.00033', '1.00000']
  '000.8667': ['2.437', '3.031', '0.080', '0.74750', '0.66426', '0.00028', '-0.66426',
    '0.74750', '0.00021', '-0.00007', '-0.00034', '1.00000']
  '000.9333': ['2.455', '3.017', '0.080', '0.67487', '0.73794', '0.00028', '-0.73794',
    '0.67487', '0.00023', '-0.00002', '-0.00036', '1.00000']
  '001.0000': ['2.472', '2.999', '0.080', '0.66495', '0.74689', '0.00029', '-0.74689',
    '0.66495', '0.00025', '-0.00001', '-0.00038', '1.00000']
  '001.0667': ['2.489', '2.978', '0.080', '0.62436', '0.78114', '0.00027', '-0.78114',
    '0.62436', '0.00023', '0.00001', '-0.00036', '1.00000']
  '001.1333': ['2.503', '2.959', '0.080', '0.54128', '0.84084', '0.00027', '-0.84084',
    '0.54128', '0.00023', '0.00004', '-0.00035', '1.00000']
  '001.2000': ['2.516', '2.939', '0.080', '0.45338', '0.89132', '0.00028', '-0.89132',
    '0.45338', '0.00022', '0.00007', '-0.00035', '1.00000']
  '001.2667': ['2.527', '2.916', '0.080', '0.35915', '0.93328', '0.00028', '-0.93328',
    '0.35915', '0.00021', '0.00010', '-0.00034', '1.00000']
  '001.3333': ['2.537', '2.892', '0.080', '0.25712', '0.96638', '0.00028', '-0.96638',
    '0.25712', '0.00021', '0.00013', '-0.00032', '1.00000']
  '001.4000': ['2.544', '2.869', '0.080', '0.14642', '0.98922', '0.00028', '-0.98922',
    '0.14642', '0.00020', '0.00016', '-0.00030', '1.00000']
  '001.4667': ['2.549', '2.846', '0.080', '0.02706', '0.99963', '0.00030', '-0.99963',
    '0.02706', '0.00024', '0.00023', '-0.00031', '1.00000']
  '001.5333': ['2.551', '2.823', '0.080', '-0.10171', '0.99481', '0.00029', '-0.99481',
    '-0.10171', '0.00028', '0.00031', '-0.00026', '1.00000']
  '001.6000': ['2.551', '2.800', '0.080', '-0.14854', '0.98891', '0.00030', '-0.98891',
    '-0.14854', '0.00032', '0.00036', '-0.00025', '1.00000']
  '001.6667': ['2.549', '2.776', '0.080', '-0.19285', '0.98123', '0.00028', '-0.98123',
    '-0.19285', '0.00031', '0.00036', '-0.00021', '1.00000']
  '001.7333': ['2.544', '2.748', '0.080', '-0.24185', '0.97031', '0.00021', '-0.97031',
    '-0.24185', '0.00031', '0.00035', '-0.00013', '1.00000']
  '001.8000': ['2.537', '2.723', '0.080', '-0.20030', '0.97973', '0.00018', '-0.97973',
    '-0.20030', '0.00039', '0.00041', '-0.00010', '1.00000']
  '001.8667': ['2.528', '2.698', '0.080', '-0.13991', '0.99016', '0.00026', '-0.99016',
    '-0.13991', '0.00062', '0.00065', '-0.00017', '1.00000']
  '001.9333': ['2.523', '2.689', '0.080', '-0.06424', '0.99793', '0.00031', '-0.99793',
    '-0.06424', '0.00068', '0.00070', '-0.00027', '1.00000']
  '002.0000': ['2.519', '2.670', '0.080', '-0.06019', '0.99819', '0.00035', '-0.99819',
    '-0.06019', '0.00069', '0.00071', '-0.00030', '1.00000']
  '002.0667': ['2.516', '2.650', '0.080', '-0.06777', '0.99770', '0.00034', '-0.99770',
    '-0.06777', '0.00065', '0.00068', '-0.00030', '1.00000']
  '002.1333': ['2.514', '2.626', '0.080', '-0.07091', '0.99748', '0.00035', '-0.99748',
    '-0.07091', '0.00062', '0.00064', '-0.00031', '1.00000']
  '002.2000': ['2.515', '2.602', '0.080', '-0.07714', '0.99702', '0.00036', '-0.99702',
    '-0.07714', '0.00057', '0.00059', '-0.00032', '1.00000']
  '002.2667': ['2.513', '2.579', '0.080', '-0.08386', '0.99648', '0.00033', '-0.99648',
    '-0.08386', '0.00050', '0.00052', '-0.00029', '1.00000']
  '002.3333': ['2.512', '2.558', '0.080', '-0.09239', '0.99572', '0.00030', '-0.99572',
    '-0.09239', '0.00044', '0.00046', '-0.00026', '1.00000']
  '002.4000': ['2.510', '2.535', '0.080', '-0.10181', '0.99480', '0.00033', '-0.99480',
    '-0.10181', '0.00041', '0.00044', '-0.00028', '1.00000']
  '002.4667': ['2.505', '2.509', '0.080', '-0.10829', '0.99412', '0.00027', '-0.99412',
    '-0.10829', '0.00034', '0.00036', '-0.00023', '1.00000']
  '002.5333': ['2.495', '2.473', '0.080', '-0.10224', '0.99476', '0.00009', '-0.99476',
    '-0.10224', '0.00024', '0.00025', '-0.00006', '1.00000']
  '002.6000': ['2.490', '2.446', '0.080', '-0.09133', '0.99582', '0.00002', '-0.99582',
    '-0.09133', '0.00014', '0.00015', '-0.00001', '1.00000']
  '002.6667': ['2.486', '2.419', '0.080', '-0.07642', '0.99708', '-0.00003', '-0.99708',
    '-0.07642', '0.00008', '0.00008', '0.00003', '1.00000']
  '002.7333': ['2.483', '2.397', '0.080', '-0.05806', '0.99831', '-0.00001', '-0.99831',
    '-0.05806', '0.00005', '0.00005', '0.00001', '1.00000']
  '002.8000': ['2.483', '2.376', '0.080', '-0.03913', '0.99923', '0.00001', '-0.99923',
    '-0.03913', '0.00005', '0.00005', '-0.00001', '1.00000']
  '002.8667': ['2.489', '2.360', '0.080', '-0.06710', '0.99775', '-0.00010', '-0.99775',
    '-0.06710', '0.00016', '0.00015', '0.00011', '1.00000']
  '002.9333': ['2.488', '2.336', '0.080', '-0.15601', '0.98776', '-0.00010', '-0.98776',
    '-0.15601', '0.00015', '0.00013', '0.00013', '1.00000']
  '003.0000': ['2.484', '2.313', '0.080', '-0.15621', '0.98772', '-0.00008', '-0.98772',
    '-0.15621', '0.00014', '0.00012', '0.00010', '1.00000']
  '003.0667': ['2.480', '2.288', '0.080', '-0.17794', '0.98404', '-0.00003', '-0.98404',
    '-0.17794', '0.00011', '0.00010', '0.00005', '1.00000']
  '003.1333': ['2.475', '2.264', '0.080', '-0.26005', '0.96560', '-0.00003', '-0.96560',
    '-0.26005', '0.00006', '0.00005', '0.00005', '1.00000']
  '003.2000': ['2.467', '2.238', '0.080', '-0.33717', '0.94144', '-0.00009', '-0.94144',
    '-0.33717', '0.00002', '-0.00002', '0.00009', '1.00000']
  '003.2667': ['2.459', '2.214', '0.080', '-0.41271', '0.91086', '-0.00008', '-0.91086',
    '-0.41271', '-0.00003', '-0.00007', '0.00006', '1.00000']
  '003.3333': ['2.449', '2.192', '0.080', '-0.48933', '0.87210', '-0.00006', '-0.87210',
    '-0.48933', '-0.00003', '-0.00006', '0.00004', '1.00000']
  '003.4000': ['2.439', '2.171', '0.080', '-0.56726', '0.82354', '-0.00007', '-0.82354',
    '-0.56726', '0.00000', '-0.00004', '0.00006', '1.00000']
  '003.4667': ['2.425', '2.148', '0.080', '-0.64477', '0.76438', '-0.00007', '-0.76438',
    '-0.64477', '0.00002', '-0.00003', '0.00006', '1.00000']
  '003.5333': ['2.409', '2.129', '0.080', '-0.71910', '0.69491', '-0.00011', '-0.69491',
    '-0.71910', '0.00004', '-0.00005', '0.00010', '1.00000']
  '003.6000': ['2.392', '2.112', '0.080', '-0.78800', '0.61568', '-0.00007', '-0.61568',
    '-0.78800', '0.00004', '-0.00003', '0.00007', '1.00000']
  '003.6667': ['2.372', '2.097', '0.080', '-0.84985', '0.52702', '-0.00007', '-0.52702',
    '-0.84985', '0.00008', '-0.00001', '0.00010', '1.00000']
  '003.7333': ['2.349', '2.082', '0.080', '-0.90317', '0.42929', '-0.00005', '-0.42929',
    '-0.90317', '0.00012', '0.00001', '0.00012', '1.00000']
  '003.8000': ['2.328', '2.072', '0.080', '-0.94655', '0.32256', '-0.00004', '-0.32256',
    '-0.94655', '0.00010', '-0.00001', '0.00011', '1.00000']
  '003.8667': ['2.306', '2.065', '0.080', '-0.97782', '0.20944', '-0.00004', '-0.20944',
    '-0.97782', '0.00015', '-0.00001', '0.00016', '1.00000']
  '003.9333': ['2.280', '2.059', '0.080', '-0.99601', '0.08924', '-0.00003', '-0.08924',
    '-0.99601', '0.00021', '-0.00001', '0.00021', '1.00000']
  '004.0000': ['2.253', '2.056', '0.080', '-0.99928', '-0.03790', '-0.00002', '0.03790',
    '-0.99928', '0.00025', '-0.00003', '0.00025', '1.00000']
  '004.0667': ['2.227', '2.056', '0.080', '-0.99048', '-0.13768', '-0.00007', '0.13768',
    '-0.99048', '0.00026', '-0.00010', '0.00025', '1.00000']
  '004.1333': ['2.204', '2.060', '0.080', '-0.98538', '-0.17038', '-0.00008', '0.17038',
    '-0.98538', '0.00026', '-0.00012', '0.00025', '1.00000']
  '004.2000': ['2.179', '2.063', '0.080', '-0.97845', '-0.20649', '-0.00009', '0.20649',
    '-0.97845', '0.00029', '-0.00015', '0.00026', '1.00000']
  '004.2667': ['2.155', '2.069', '0.080', '-0.97116', '-0.23844', '-0.00016', '0.23844',
    '-0.97116', '0.00031', '-0.00023', '0.00027', '1.00000']
  '004.3333': ['2.135', '2.076', '0.080', '-0.96412', '-0.26548', '-0.00018', '0.26548',
    '-0.96412', '0.00033', '-0.00026', '0.00027', '1.00000']
  '004.4000': ['2.115', '2.083', '0.080', '-0.95793', '-0.28699', '-0.00020', '0.28699',
    '-0.95793', '0.00034', '-0.00028', '0.00027', '1.00000']
  '004.4667': ['2.093', '2.091', '0.080', '-0.95285', '-0.30343', '-0.00017', '0.30343',
    '-0.95285', '0.00031', '-0.00025', '0.00024', '1.00000']
  '004.5333': ['2.069', '2.099', '0.080', '-0.94846', '-0.31690', '-0.00023', '0.31690',
    '-0.94846', '0.00034', '-0.00032', '0.00025', '1.00000']
  '004.6000': ['2.046', '2.108', '0.080', '-0.94494', '-0.32725', '-0.00029', '0.32725',
    '-0.94494', '0.00036', '-0.00040', '0.00024', '1.00000']
  '004.6667': ['2.023', '2.121', '0.080', '-0.94420', '-0.32937', '-0.00046', '0.32937',
    '-0.94420', '0.00044', '-0.00057', '0.00026', '1.00000']
  '004.7333': ['1.999', '2.128', '0.080', '-0.94334', '-0.33184', '-0.00051', '0.33184',
    '-0.94334', '0.00045', '-0.00063', '0.00025', '1.00000']
  '004.8000': ['1.979', '2.136', '0.080', '-0.94279', '-0.33338', '-0.00055', '0.33338',
    '-0.94279', '0.00045', '-0.00066', '0.00024', '1.00000']
  '004.8667': ['1.958', '2.143', '0.080', '-0.94232', '-0.33472', '-0.00052', '0.33472',
    '-0.94232', '0.00045', '-0.00064', '0.00025', '1.00000']
  '004.9333': ['1.933', '2.153', '0.080', '-0.94307', '-0.33260', '-0.00047', '0.33260',
    '-0.94307', '0.00039', '-0.00057', '0.00021', '1.00000']
  '005.0000': ['1.901', '2.162', '0.080', '-0.94346', '-0.33147', '-0.00036', '0.33147',
    '-0.94346', '0.00035', '-0.00046', '0.00021', '1.00000']
  '005.0667': ['1.858', '2.173', '0.080', '-0.94132', '-0.33752', '-0.00004', '0.33752',
    '-0.94132', '0.00018', '-0.00010', '0.00016', '1.00000']
  '005.1333': ['1.824', '2.182', '0.080', '-0.93696', '-0.34944', '-0.00006', '0.34944',
    '-0.93696', '0.00009', '-0.00009', '0.00006', '1.00000']
  '005.2000': ['1.798', '2.192', '0.080', '-0.93339', '-0.35887', '-0.00007', '0.35887',
    '-0.93339', '0.00009', '-0.00010', '0.00006', '1.00000']
  '005.2667': ['1.775', '2.202', '0.080', '-0.93116', '-0.36461', '-0.00009', '0.36461',
    '-0.93116', '0.00011', '-0.00012', '0.00007', '1.00000']
  '005.3333': ['1.751', '2.213', '0.080', '-0.93075', '-0.36565', '-0.00011', '0.36565',
    '-0.93075', '0.00015', '-0.00016', '0.00010', '1.00000']
  '005.4000': ['1.730', '2.223', '0.080', '-0.93250', '-0.36118', '-0.00014', '0.36118',
    '-0.93250', '0.00021', '-0.00021', '0.00015', '1.00000']
  '005.4667': ['1.706', '2.234', '0.080', '-0.93624', '-0.35136', '-0.00013', '0.35136',
    '-0.93624', '0.00026', '-0.00022', '0.00020', '1.00000']
  '005.5333': ['1.683', '2.243', '0.080', '-0.90339', '-0.42882', '-0.00013', '0.42882',
    '-0.90339', '0.00026', '-0.00023', '0.00018', '1.00000']
  '005.6000': ['1.661', '2.252', '0.080', '-0.86197', '-0.50697', '-0.00015', '0.50697',
    '-0.86197', '0.00022', '-0.00024', '0.00011', '1.00000']
  '005.6667': ['1.638', '2.265', '0.080', '-0.81163', '-0.58417', '-0.00018', '0.58417',
    '-0.81163', '0.00026', '-0.00030', '0.00010', '1.00000']
  '005.7333': ['1.618', '2.277', '0.080', '-0.75017', '-0.66124', '-0.00020', '0.66124',
    '-0.75017', '0.00034', '-0.00038', '0.00012', '1.00000']
  '005.8000': ['1.600', '2.292', '0.080', '-0.67645', '-0.73648', '-0.00018', '0.73648',
    '-0.67645', '0.00037', '-0.00040', '0.00012', '1.00000']
  '005.8667': ['1.583', '2.309', '0.080', '-0.58930', '-0.80792', '-0.00017', '0.80792',
    '-0.58930', '0.00040', '-0.00042', '0.00010', '1.00000']
  '005.9333': ['1.567', '2.328', '0.080', '-0.48744', '-0.87316', '-0.00016', '0.87316',
    '-0.48744', '0.00042', '-0.00044', '0.00006', '1.00000']
  '006.0000': ['1.557', '2.349', '0.080', '-0.41013', '-0.91203', '-0.00014', '0.91203',
    '-0.41013', '0.00043', '-0.00045', '0.00005', '1.00000']
  '006.0667': ['1.554', '2.364', '0.080', '-0.38943', '-0.92106', '-0.00015', '0.92106',
    '-0.38943', '0.00063', '-0.00064', '0.00011', '1.00000']
  '006.1333': ['1.546', '2.384', '0.080', '-0.36609', '-0.93058', '-0.00020', '0.93058',
    '-0.36609', '0.00064', '-0.00067', '0.00005', '1.00000']
  '006.2000': ['1.538', '2.408', '0.080', '-0.34386', '-0.93902', '-0.00020', '0.93902',
    '-0.34386', '0.00064', '-0.00067', '0.00003', '1.00000']
  '006.2667': ['1.532', '2.430', '0.080', '-0.32571', '-0.94547', '-0.00017', '0.94547',
    '-0.32571', '0.00063', '-0.00065', '0.00004', '1.00000']
  '006.3333': ['1.526', '2.451', '0.080', '-0.22232', '-0.97497', '-0.00014', '0.97497',
    '-0.22232', '0.00066', '-0.00067', '0.00001', '1.00000']
  '006.4000': ['1.521', '2.475', '0.080', '-0.14108', '-0.99000', '-0.00010', '0.99000',
    '-0.14108', '0.00065', '-0.00066', '-0.00000', '1.00000']
  '006.4667': ['1.518', '2.497', '0.080', '-0.11987', '-0.99279', '-0.00011', '0.99279',
    '-0.11987', '0.00064', '-0.00065', '-0.00003', '1.00000']
  '006.5333': ['1.514', '2.521', '0.080', '-0.09205', '-0.99575', '-0.00009', '0.99575',
    '-0.09205', '0.00063', '-0.00064', '-0.00003', '1.00000']
  '006.6000': ['1.513', '2.546', '0.080', '-0.06225', '-0.99806', '-0.00008', '0.99806',
    '-0.06225', '0.00059', '-0.00059', '-0.00004', '1.00000']
  '006.6667': ['1.517', '2.565', '0.080', '-0.03894', '-0.99924', '0.00009', '0.99924',
    '-0.03894', '0.00041', '-0.00041', '0.00011', '1.00000']
  '006.7333': ['1.522', '2.585', '0.080', '-0.02622', '-0.99966', '0.00025', '0.99966',
    '-0.02622', '0.00025', '-0.00024', '0.00026', '1.00000']
  '006.8000': ['1.527', '2.605', '0.080', '-0.02422', '-0.99971', '0.00041', '0.99971',
    '-0.02422', '0.00010', '-0.00009', '0.00041', '1.00000']
  '006.8667': ['1.523', '2.640', '0.080', '-0.01609', '-0.99987', '0.00026', '0.99987',
    '-0.01609', '0.00027', '-0.00026', '0.00027', '1.00000']
  '006.9333': ['1.521', '2.670', '0.080', '-0.00473', '-0.99999', '0.00028', '0.99999',
    '-0.00473', '0.00034', '-0.00034', '0.00028', '1.00000']
  '007.0000': ['1.521', '2.697', '0.080', '0.00709', '-0.99997', '0.00031', '0.99997',
    '0.00709', '0.00038', '-0.00038', '0.00030', '1.00000']
  '007.0667': ['1.523', '2.725', '0.080', '0.01539', '-0.99988', '0.00030', '0.99988',
    '0.01539', '0.00036', '-0.00036', '0.00029', '1.00000']
  '007.1333': ['1.524', '2.753', '0.080', '0.02449', '-0.99970', '0.00031', '0.99970',
    '0.02449', '0.00037', '-0.00037', '0.00030', '1.00000']
  '007.2000': ['1.525', '2.780', '0.080', '0.03443', '-0.99941', '0.00033', '0.99941',
    '0.03443', '0.00039', '-0.00040', '0.00032', '1.00000']
  '007.2667': ['1.525', '2.808', '0.080', '0.04764', '-0.99886', '0.00037', '0.99886',
    '0.04764', '0.00047', '-0.00048', '0.00035', '1.00000']
  '007.3333': ['1.526', '2.837', '0.080', '0.06170', '-0.99809', '0.00037', '0.99809',
    '0.06170', '0.00047', '-0.00049', '0.00034', '1.00000']
  '007.4000': ['1.529', '2.869', '0.080', '0.07605', '-0.99710', '0.00036', '0.99710',
    '0.07605', '0.00049', '-0.00051', '0.00032', '1.00000']
  '007.4667': ['1.531', '2.913', '0.080', '0.09452', '-0.99552', '0.00027', '0.99552',
    '0.09452', '0.00079', '-0.00082', '0.00019', '1.00000']
  '007.5333': ['1.534', '2.946', '0.080', '0.11432', '-0.99344', '0.00029', '0.99344',
    '0.11432', '0.00088', '-0.00091', '0.00019', '1.00000']
  '007.6000': ['1.537', '2.973', '0.080', '0.13404', '-0.99098', '0.00034', '0.99098',
    '0.13404', '0.00092', '-0.00095', '0.00022', '1.00000']
  '007.6667': ['1.543', '3.000', '0.080', '0.15191', '-0.98839', '0.00037', '0.98839',
    '0.15191', '0.00094', '-0.00098', '0.00023', '1.00000']
  '007.7333': ['1.548', '3.029', '0.080', '0.16984', '-0.98547', '0.00040', '0.98547',
    '0.16984', '0.00098', '-0.00103', '0.00023', '1.00000']
  '007.8000': ['1.552', '3.058', '0.080', '0.19013', '-0.98176', '0.00042', '0.98176',
    '0.19013', '0.00099', '-0.00105', '0.00023', '1.00000']
  '007.8667': ['1.556', '3.083', '0.080', '0.21419', '-0.97679', '0.00046', '0.97679',
    '0.21419', '0.00099', '-0.00107', '0.00024', '1.00000']
  '007.9333': ['1.561', '3.108', '0.080', '0.16249', '-0.98671', '0.00046', '0.98671',
    '0.16249', '0.00098', '-0.00104', '0.00030', '1.00000']
  '008.0000': ['1.565', '3.133', '0.080', '0.09032', '-0.99591', '0.00044', '0.99591',
    '0.09032', '0.00096', '-0.00100', '0.00035', '1.00000']
  '008.0667': ['1.568', '3.158', '0.080', '0.01589', '-0.99987', '0.00043', '0.99987',
    '0.01589', '0.00100', '-0.00100', '0.00041', '1.00000']
  '008.1333': ['1.571', '3.186', '0.080', '-0.06339', '-0.99799', '0.00045', '0.99799',
    '-0.06339', '0.00105', '-0.00102', '0.00051', '1.00000']
  '008.2000': ['1.573', '3.212', '0.080', '-0.15011', '-0.98867', '0.00042', '0.98867',
    '-0.15011', '0.00104', '-0.00096', '0.00057', '1.00000']
  '008.2667': ['1.572', '3.236', '0.080', '-0.24070', '-0.97060', '0.00036', '0.97060',
    '-0.24070', '0.00108', '-0.00096', '0.00061', '1.00000']
  '008.3333': ['1.568', '3.260', '0.080', '-0.33428', '-0.94248', '0.00032', '0.94248',
    '-0.33427', '0.00109', '-0.00092', '0.00067', '1.00000']
  '008.4000': ['1.561', '3.287', '0.080', '-0.42923', '-0.90319', '0.00024', '0.90319',
    '-0.42923', '0.00116', '-0.00094', '0.00072', '1.00000']
  '008.4667': ['1.550', '3.310', '0.080', '-0.52129', '-0.85338', '0.00024', '0.85338',
    '-0.52129', '0.00116', '-0.00086', '0.00081', '1.00000']
  '008.5333': ['1.538', '3.331', '0.080', '-0.60764', '-0.79421', '0.00024', '0.79421',
    '-0.60764', '0.00116', '-0.00077', '0.00090', '1.00000']
  '008.6000': ['1.523', '3.352', '0.080', '-0.68734', '-0.72634', '0.00024', '0.72634',
    '-0.68734', '0.00116', '-0.00068', '0.00098', '1.00000']
  '008.6667': ['1.506', '3.370', '0.080', '-0.75950', '-0.65051', '0.00024', '0.65051',
    '-0.75950', '0.00116', '-0.00057', '0.00104', '1.00000']
  '008.7333': ['1.488', '3.387', '0.080', '-0.82334', '-0.56755', '0.00024', '0.56755',
    '-0.82334', '0.00116', '-0.00046', '0.00109', '1.00000']
  '008.8000': ['1.468', '3.402', '0.080', '-0.87815', '-0.47838', '0.00024', '0.47838',
    '-0.87815', '0.00116', '-0.00034', '0.00114', '1.00000']
  '008.8667': ['1.445', '3.414', '0.080', '-0.88286', '-0.46963', '0.00024', '0.46963',
    '-0.88286', '0.00116', '-0.00033', '0.00114', '1.00000']
  '008.9333': ['1.423', '3.426', '0.080', '-0.88286', '-0.46963', '0.00024', '0.46963',
    '-0.88286', '0.00116', '-0.00033', '0.00114', '1.00000']
  '009.0000': ['1.401', '3.438', '0.080', '-0.88286', '-0.46963', '0.00024', '0.46963',
    '-0.88286', '0.00116', '-0.00033', '0.00114', '1.00000']
  '009.0667': ['1.379', '3.450', '0.080', '-0.88286', '-0.46963', '0.00024', '0.46963',
    '-0.88286', '0.00116', '-0.00033', '0.00114', '1.00000']
  '009.1333': ['1.356', '3.462', '0.080', '-0.88286', '-0.46963', '0.00024', '0.46963',
    '-0.88286', '0.00116', '-0.00033', '0.00114', '1.00000']
  '009.2000': ['1.334', '3.474', '0.080', '-0.88286', '-0.46963', '0.00024', '0.46963',
    '-0.88286', '0.00116', '-0.00033', '0.00114', '1.00000']
  '009.2667': ['1.312', '3.486', '0.080', '-0.88286', '-0.46963', '0.00024', '0.46963',
    '-0.88286', '0.00116', '-0.00033', '0.00114', '1.00000']
  '009.3333': ['1.289', '3.497', '0.080', '-0.88286', '-0.46963', '0.00024', '0.46963',
    '-0.88286', '0.00116', '-0.00033', '0.00114', '1.00000']
  '009.4000': ['1.267', '3.509', '0.080', '-0.88676', '-0.46223', '0.00024', '0.46223',
    '-0.88676', '0.00116', '-0.00032', '0.00114', '1.00000']
  '009.4667': ['1.245', '3.522', '0.080', '-0.93022', '-0.36700', '0.00024', '0.36700',
    '-0.93022', '0.00116', '-0.00020', '0.00117', '1.00000']
  '009.5333': ['1.222', '3.531', '0.080', '-0.94568', '-0.32510', '0.00024', '0.32510',
    '-0.94568', '0.00116', '-0.00015', '0.00118', '1.00000']
  '009.6000': ['1.198', '3.539', '0.080', '-0.94568', '-0.32510', '0.00024', '0.32510',
    '-0.94568', '0.00116', '-0.00015', '0.00118', '1.00000']
