begin_time_stamp: 1574101424.466663
data_header:
  time_stamp: [x, y, z, R11, R12, R13, R21, R22, R23, R31, R32, R33]
trajectory_data:
  '000.0000': ['0.348', '2.985', '0.080', '-0.37923', '0.92530', '-0.00046', '-0.92530',
    '-0.37923', '-0.00008', '-0.00025', '0.00040', '1.00000']
  '000.0667': ['0.336', '2.953', '0.080', '-0.37441', '0.92726', '-0.00047', '-0.92726',
    '-0.37441', '-0.00004', '-0.00021', '0.00042', '1.00000']
  '000.1333': ['0.326', '2.928', '0.080', '-0.36584', '0.93068', '-0.00043', '-0.93068',
    '-0.36584', '-0.00005', '-0.00020', '0.00038', '1.00000']
  '000.2000': ['0.316', '2.905', '0.080', '-0.35478', '0.93495', '-0.00045', '-0.93495',
    '-0.35478', '-0.00004', '-0.00019', '0.00041', '1.00000']
  '000.2667': ['0.305', '2.879', '0.080', '-0.34171', '0.93981', '-0.00050', '-0.93981',
    '-0.34171', '-0.00003', '-0.00020', '0.00045', '1.00000']
  '000.3333': ['0.295', '2.858', '0.080', '-0.32809', '0.94465', '-0.00046', '-0.94465',
    '-0.32809', '-0.00003', '-0.00018', '0.00042', '1.00000']
  '000.4000': ['0.289', '2.839', '0.080', '-0.31530', '0.94899', '-0.00045', '-0.94899',
    '-0.31530', '-0.00003', '-0.00017', '0.00042', '1.00000']
  '000.4667': ['0.285', '2.827', '0.080', '-0.34888', '0.93717', '-0.00054', '-0.93717',
    '-0.34888', '-0.00003', '-0.00021', '0.00049', '1.00000']
  '000.5333': ['0.278', '2.803', '0.080', '-0.43698', '0.89947', '-0.00055', '-0.89947',
    '-0.43698', '0.00000', '-0.00024', '0.00050', '1.00000']
  '000.6000': ['0.269', '2.782', '0.080', '-0.44447', '0.89579', '-0.00054', '-0.89579',
    '-0.44447', '-0.00003', '-0.00027', '0.00047', '1.00000']
  '000.6667': ['0.260', '2.761', '0.080', '-0.44871', '0.89368', '-0.00053', '-0.89368',
    '-0.44871', '-0.00001', '-0.00025', '0.00047', '1.00000']
  '000.7333': ['0.249', '2.739', '0.080', '-0.45629', '0.88983', '-0.00056', '-0.88983',
    '-0.45629', '-0.00000', '-0.00026', '0.00050', '1.00000']
  '000.8000': ['0.237', '2.714', '0.080', '-0.46716', '0.88417', '-0.00054', '-0.88417',
    '-0.46716', '0.00000', '-0.00025', '0.00047', '1.00000']
  '000.8667': ['0.226', '2.691', '0.080', '-0.48039', '0.87705', '-0.00051', '-0.87705',
    '-0.48039', '0.00004', '-0.00021', '0.00047', '1.00000']
  '000.9333': ['0.216', '2.670', '0.080', '-0.49757', '0.86742', '-0.00051', '-0.86742',
    '-0.49757', '0.00001', '-0.00024', '0.00045', '1.00000']
  '001.0000': ['0.205', '2.649', '0.080', '-0.42722', '0.90415', '-0.00054', '-0.90415',
    '-0.42722', '-0.00008', '-0.00030', '0.00045', '1.00000']
  '001.0667': ['0.194', '2.628', '0.080', '-0.35347', '0.93545', '-0.00052', '-0.93545',
    '-0.35347', '-0.00015', '-0.00032', '0.00043', '1.00000']
  '001.1333': ['0.183', '2.602', '0.080', '-0.27374', '0.96180', '-0.00062', '-0.96180',
    '-0.27374', '-0.00016', '-0.00032', '0.00056', '1.00000']
  '001.2000': ['0.172', '2.578', '0.080', '-0.18136', '0.98342', '-0.00088', '-0.98342',
    '-0.18136', '-0.00025', '-0.00041', '0.00082', '1.00000']
  '001.2667': ['0.165', '2.557', '0.080', '-0.13228', '0.99121', '-0.00100', '-0.99121',
    '-0.13228', '-0.00035', '-0.00048', '0.00094', '1.00000']
  '001.3333': ['0.158', '2.537', '0.080', '-0.12404', '0.99228', '-0.00079', '-0.99228',
    '-0.12404', '-0.00050', '-0.00059', '0.00072', '1.00000']
  '001.4000': ['0.152', '2.514', '0.080', '-0.10870', '0.99407', '-0.00063', '-0.99407',
    '-0.10870', '-0.00062', '-0.00069', '0.00055', '1.00000']
  '001.4667': ['0.148', '2.487', '0.080', '-0.09044', '0.99590', '-0.00049', '-0.99590',
    '-0.09044', '-0.00068', '-0.00072', '0.00043', '1.00000']
  '001.5333': ['0.146', '2.463', '0.080', '-0.07380', '0.99727', '-0.00046', '-0.99727',
    '-0.07380', '-0.00067', '-0.00071', '0.00041', '1.00000']
  '001.6000': ['0.145', '2.438', '0.080', '-0.06076', '0.99815', '-0.00043', '-0.99815',
    '-0.06076', '-0.00066', '-0.00068', '0.00039', '1.00000']
  '001.6667': ['0.145', '2.410', '0.080', '-0.05317', '0.99859', '-0.00043', '-0.99859',
    '-0.05317', '-0.00067', '-0.00069', '0.00040', '1.00000']
  '001.7333': ['0.146', '2.385', '0.080', '-0.05101', '0.99870', '-0.00040', '-0.99870',
    '-0.05101', '-0.00066', '-0.00068', '0.00037', '1.00000']
  '001.8000': ['0.147', '2.360', '0.080', '-0.05424', '0.99853', '-0.00040', '-0.99853',
    '-0.05424', '-0.00068', '-0.00070', '0.00036', '1.00000']
  '001.8667': ['0.147', '2.336', '0.080', '-0.06261', '0.99804', '-0.00043', '-0.99804',
    '-0.06261', '-0.00070', '-0.00073', '0.00039', '1.00000']
  '001.9333': ['0.147', '2.312', '0.080', '-0.07592', '0.99711', '-0.00046', '-0.99711',
    '-0.07592', '-0.00069', '-0.00072', '0.00040', '1.00000']
  '002.0000': ['0.147', '2.286', '0.080', '-0.01937', '0.99981', '-0.00044', '-0.99981',
    '-0.01937', '-0.00068', '-0.00069', '0.00042', '1.00000']
  '002.0667': ['0.148', '2.259', '0.080', '0.06141', '0.99811', '-0.00041', '-0.99811',
    '0.06141', '-0.00067', '-0.00064', '0.00045', '1.00000']
  '002.1333': ['0.148', '2.234', '0.080', '0.14186', '0.98989', '-0.00036', '-0.98989',
    '0.14186', '-0.00071', '-0.00065', '0.00045', '1.00000']
  '002.2000': ['0.151', '2.211', '0.080', '0.22415', '0.97455', '-0.00031', '-0.97455',
    '0.22415', '-0.00075', '-0.00066', '0.00047', '1.00000']
  '002.2667': ['0.154', '2.189', '0.080', '0.30842', '0.95125', '-0.00028', '-0.95125',
    '0.30842', '-0.00077', '-0.00065', '0.00051', '1.00000']
  '002.3333': ['0.161', '2.171', '0.080', '0.39202', '0.91995', '-0.00031', '-0.91995',
    '0.39202', '-0.00070', '-0.00052', '0.00056', '1.00000']
  '002.4000': ['0.170', '2.158', '0.080', '0.46810', '0.88368', '-0.00065', '-0.88368',
    '0.46810', '-0.00044', '-0.00008', '0.00078', '1.00000']
  '002.4667': ['0.180', '2.135', '0.080', '0.54838', '0.83623', '-0.00064', '-0.83623',
    '0.54838', '-0.00043', '-0.00000', '0.00077', '1.00000']
  '002.5333': ['0.192', '2.114', '0.080', '0.62841', '0.77788', '-0.00066', '-0.77788',
    '0.62841', '-0.00042', '0.00008', '0.00078', '1.00000']
  '002.6000': ['0.208', '2.095', '0.080', '0.70468', '0.70953', '-0.00078', '-0.70953',
    '0.70468', '-0.00043', '0.00024', '0.00086', '1.00000']
  '002.6667': ['0.224', '2.077', '0.080', '0.77812', '0.62811', '-0.00076', '-0.62811',
    '0.77812', '-0.00043', '0.00032', '0.00082', '1.00000']
  '002.7333': ['0.244', '2.059', '0.080', '0.84670', '0.53207', '-0.00071', '-0.53207',
    '0.84670', '-0.00039', '0.00039', '0.00071', '1.00000']
  '002.8000': ['0.263', '2.045', '0.080', '0.86735', '0.49770', '-0.00066', '-0.49770',
    '0.86735', '-0.00036', '0.00039', '0.00064', '1.00000']
  '002.8667': ['0.284', '2.032', '0.080', '0.88065', '0.47376', '-0.00058', '-0.47376',
    '0.88065', '-0.00036', '0.00034', '0.00059', '1.00000']
  '002.9333': ['0.306', '2.020', '0.080', '0.89376', '0.44855', '-0.00052', '-0.44855',
    '0.89376', '-0.00034', '0.00031', '0.00054', '1.00000']
  '003.0000': ['0.329', '2.009', '0.080', '0.90551', '0.42433', '-0.00047', '-0.42433',
    '0.90551', '-0.00032', '0.00028', '0.00049', '1.00000']
  '003.0667': ['0.352', '1.999', '0.080', '0.91538', '0.40259', '-0.00044', '-0.40259',
    '0.91538', '-0.00034', '0.00026', '0.00049', '1.00000']
  '003.1333': ['0.375', '1.990', '0.080', '0.92362', '0.38332', '-0.00042', '-0.38332',
    '0.92362', '-0.00033', '0.00026', '0.00046', '1.00000']
  '003.2000': ['0.397', '1.981', '0.080', '0.95487', '0.29702', '-0.00041', '-0.29702',
    '0.95487', '-0.00036', '0.00028', '0.00047', '1.00000']
  '003.2667': ['0.421', '1.974', '0.080', '0.97967', '0.20062', '-0.00040', '-0.20062',
    '0.97967', '-0.00035', '0.00032', '0.00043', '1.00000']
  '003.3333': ['0.444', '1.971', '0.080', '0.98303', '0.18347', '-0.00040', '-0.18347',
    '0.98303', '-0.00038', '0.00032', '0.00044', '1.00000']
  '003.4000': ['0.463', '1.974', '0.080', '0.98443', '0.17576', '-0.00049', '-0.17576',
    '0.98443', '-0.00036', '0.00042', '0.00044', '1.00000']
  '003.4667': ['0.485', '1.972', '0.080', '0.98547', '0.16982', '-0.00050', '-0.16982',
    '0.98548', '-0.00035', '0.00043', '0.00043', '1.00000']
  '003.5333': ['0.508', '1.969', '0.080', '0.98636', '0.16458', '-0.00050', '-0.16458',
    '0.98636', '-0.00035', '0.00044', '0.00043', '1.00000']
  '003.6000': ['0.531', '1.965', '0.080', '0.98726', '0.15911', '-0.00051', '-0.15911',
    '0.98726', '-0.00034', '0.00045', '0.00042', '1.00000']
  '003.6667': ['0.554', '1.962', '0.080', '0.98876', '0.14949', '-0.00050', '-0.14949',
    '0.98876', '-0.00035', '0.00044', '0.00042', '1.00000']
  '003.7333': ['0.579', '1.958', '0.080', '0.99914', '0.04134', '-0.00047', '-0.04134',
    '0.99915', '-0.00037', '0.00046', '0.00039', '1.00000']
  '003.8000': ['0.602', '1.956', '0.080', '0.99989', '-0.01458', '-0.00045', '0.01458',
    '0.99989', '-0.00036', '0.00046', '0.00036', '1.00000']
  '003.8667': ['0.624', '1.956', '0.080', '0.99954', '-0.03040', '-0.00042', '0.03040',
    '0.99954', '-0.00038', '0.00043', '0.00037', '1.00000']
  '003.9333': ['0.648', '1.956', '0.080', '0.99871', '-0.05069', '-0.00039', '0.05069',
    '0.99871', '-0.00039', '0.00041', '0.00037', '1.00000']
  '004.0000': ['0.671', '1.957', '0.080', '0.99728', '-0.07367', '-0.00038', '0.07367',
    '0.99728', '-0.00040', '0.00041', '0.00038', '1.00000']
  '004.0667': ['0.694', '1.959', '0.080', '0.99508', '-0.09907', '-0.00032', '0.09907',
    '0.99508', '-0.00040', '0.00035', '0.00037', '1.00000']
  '004.1333': ['0.719', '1.961', '0.080', '0.99193', '-0.12680', '-0.00026', '0.12680',
    '0.99193', '-0.00041', '0.00031', '0.00038', '1.00000']
  '004.2000': ['0.741', '1.966', '0.080', '0.99545', '-0.09524', '-0.00025', '0.09524',
    '0.99545', '-0.00040', '0.00028', '0.00038', '1.00000']
  '004.2667': ['0.758', '1.975', '0.080', '0.99997', '-0.00809', '-0.00036', '0.00809',
    '0.99997', '-0.00044', '0.00036', '0.00044', '1.00000']
  '004.3333': ['0.785', '1.982', '0.080', '0.99588', '0.09069', '-0.00050', '-0.09069',
    '0.99588', '-0.00039', '0.00046', '0.00044', '1.00000']
  '004.4000': ['0.810', '1.981', '0.080', '0.98806', '0.15410', '-0.00050', '-0.15410',
    '0.98806', '-0.00041', '0.00043', '0.00048', '1.00000']
  '004.4667': ['0.833', '1.979', '0.080', '0.98654', '0.16352', '-0.00047', '-0.16352',
    '0.98654', '-0.00040', '0.00040', '0.00047', '1.00000']
  '004.5333': ['0.856', '1.975', '0.080', '0.98443', '0.17576', '-0.00044', '-0.17576',
    '0.98443', '-0.00040', '0.00036', '0.00047', '1.00000']
  '004.6000': ['0.879', '1.970', '0.080', '0.98736', '0.15851', '-0.00043', '-0.15851',
    '0.98736', '-0.00039', '0.00037', '0.00045', '1.00000']
  '004.6667': ['0.905', '1.965', '0.080', '0.99761', '0.06916', '-0.00043', '-0.06916',
    '0.99761', '-0.00040', '0.00040', '0.00043', '1.00000']
  '004.7333': ['0.929', '1.963', '0.080', '0.99828', '0.05859', '-0.00044', '-0.05859',
    '0.99828', '-0.00042', '0.00041', '0.00044', '1.00000']
  '004.8000': ['0.952', '1.960', '0.080', '0.99811', '0.06141', '-0.00046', '-0.06141',
    '0.99811', '-0.00041', '0.00044', '0.00044', '1.00000']
  '004.8667': ['0.976', '1.959', '0.080', '0.99795', '0.06396', '-0.00046', '-0.06396',
    '0.99795', '-0.00042', '0.00044', '0.00044', '1.00000']
  '004.9333': ['1.004', '1.957', '0.080', '0.99783', '0.06589', '-0.00042', '-0.06589',
    '0.99783', '-0.00042', '0.00039', '0.00045', '1.00000']
  '005.0000': ['1.030', '1.954', '0.080', '0.99796', '0.06386', '-0.00039', '-0.06386',
    '0.99796', '-0.00044', '0.00036', '0.00046', '1.00000']
  '005.0667': ['1.056', '1.947', '0.080', '0.99859', '0.05309', '-0.00032', '-0.05309',
    '0.99859', '-0.00036', '0.00030', '0.00038', '1.00000']
  '005.1333': ['1.082', '1.946', '0.080', '0.99902', '0.04423', '-0.00033', '-0.04423',
    '0.99902', '-0.00037', '0.00031', '0.00038', '1.00000']
  '005.2000': ['1.106', '1.948', '0.080', '0.99905', '0.04355', '-0.00026', '-0.04355',
    '0.99905', '-0.00064', '0.00023', '0.00065', '1.00000']
  '005.2667': ['1.131', '1.949', '0.080', '0.99878', '0.04940', '-0.00015', '-0.04940',
    '0.99878', '-0.00090', '0.00011', '0.00091', '1.00000']
  '005.3333': ['1.159', '1.943', '0.080', '0.99882', '0.04850', '-0.00025', '-0.04850',
    '0.99882', '-0.00054', '0.00023', '0.00055', '1.00000']
  '005.4000': ['1.184', '1.938', '0.080', '0.99909', '0.04265', '-0.00032', '-0.04265',
    '0.99909', '-0.00032', '0.00031', '0.00033', '1.00000']
  '005.4667': ['1.210', '1.935', '0.080', '0.99931', '0.03714', '-0.00028', '-0.03714',
    '0.99931', '-0.00030', '0.00027', '0.00031', '1.00000']
  '005.5333': ['1.236', '1.932', '0.080', '0.99954', '0.03043', '-0.00022', '-0.03043',
    '0.99954', '-0.00030', '0.00021', '0.00031', '1.00000']
  '005.6000': ['1.262', '1.930', '0.080', '0.99971', '0.02429', '-0.00018', '-0.02429',
    '0.99970', '-0.00031', '0.00017', '0.00032', '1.00000']
  '005.6667': ['1.288', '1.929', '0.080', '0.99982', '0.01915', '-0.00016', '-0.01915',
    '0.99982', '-0.00029', '0.00016', '0.00029', '1.00000']
  '005.7333': ['1.313', '1.927', '0.080', '0.99990', '0.01433', '-0.00018', '-0.01433',
    '0.99990', '-0.00028', '0.00018', '0.00028', '1.00000']
  '005.8000': ['1.340', '1.925', '0.080', '0.99995', '0.00958', '-0.00016', '-0.00958',
    '0.99995', '-0.00028', '0.00015', '0.00028', '1.00000']
  '005.8667': ['1.366', '1.925', '0.080', '0.99997', '0.00717', '-0.00016', '-0.00717',
    '0.99997', '-0.00027', '0.00016', '0.00027', '1.00000']
  '005.9333': ['1.391', '1.925', '0.080', '0.99997', '0.00730', '-0.00015', '-0.00730',
    '0.99997', '-0.00027', '0.00015', '0.00027', '1.00000']
  '006.0000': ['1.417', '1.925', '0.080', '0.99996', '0.00837', '-0.00014', '-0.00837',
    '0.99996', '-0.00026', '0.00014', '0.00026', '1.00000']
  '006.0667': ['1.442', '1.923', '0.080', '0.99996', '0.00945', '-0.00010', '-0.00945',
    '0.99996', '-0.00027', '0.00010', '0.00028', '1.00000']
  '006.1333': ['1.468', '1.922', '0.080', '0.99994', '0.01060', '-0.00009', '-0.01060',
    '0.99994', '-0.00029', '0.00008', '0.00029', '1.00000']
  '006.2000': ['1.494', '1.921', '0.080', '0.99993', '0.01179', '-0.00007', '-0.01179',
    '0.99993', '-0.00027', '0.00007', '0.00027', '1.00000']
  '006.2667': ['1.518', '1.919', '0.080', '0.99992', '0.01287', '-0.00008', '-0.01287',
    '0.99992', '-0.00021', '0.00008', '0.00021', '1.00000']
  '006.3333': ['1.550', '1.913', '0.080', '0.99999', '0.00375', '-0.00046', '-0.00375',
    '0.99999', '0.00043', '0.00046', '-0.00043', '1.00000']
  '006.4000': ['1.573', '1.909', '0.080', '0.99995', '-0.00997', '-0.00032', '0.00997',
    '0.99995', '0.00041', '0.00032', '-0.00041', '1.00000']
  '006.4667': ['1.600', '1.908', '0.080', '0.99964', '-0.02691', '-0.00033', '0.02691',
    '0.99964', '0.00038', '0.00032', '-0.00039', '1.00000']
  '006.5333': ['1.618', '1.910', '0.080', '0.99908', '-0.04283', '-0.00044', '0.04283',
    '0.99908', '0.00017', '0.00043', '-0.00019', '1.00000']
  '006.6000': ['1.630', '1.917', '0.080', '0.99894', '-0.04608', '-0.00009', '0.04608',
    '0.99894', '-0.00023', '0.00010', '0.00023', '1.00000']
  '006.6667': ['1.651', '1.920', '0.080', '0.99892', '-0.04636', '-0.00001', '0.04636',
    '0.99892', '-0.00028', '0.00002', '0.00028', '1.00000']
  '006.7333': ['1.675', '1.923', '0.080', '0.99898', '-0.04520', '0.00002', '0.04520',
    '0.99898', '-0.00032', '-0.00000', '0.00032', '1.00000']
  '006.8000': ['1.700', '1.924', '0.080', '0.99902', '-0.04432', '0.00003', '0.04432',
    '0.99902', '-0.00030', '-0.00001', '0.00030', '1.00000']
  '006.8667': ['1.724', '1.925', '0.080', '0.99906', '-0.04327', '0.00005', '0.04327',
    '0.99906', '-0.00029', '-0.00003', '0.00029', '1.00000']
  '006.9333': ['1.750', '1.926', '0.080', '0.99907', '-0.04305', '0.00010', '0.04305',
    '0.99907', '-0.00030', '-0.00008', '0.00030', '1.00000']
  '007.0000': ['1.779', '1.928', '0.080', '0.99914', '-0.04141', '0.00010', '0.04141',
    '0.99914', '-0.00029', '-0.00008', '0.00030', '1.00000']
  '007.0667': ['1.804', '1.930', '0.080', '0.99924', '-0.03897', '0.00009', '0.03897',
    '0.99924', '-0.00031', '-0.00008', '0.00032', '1.00000']
  '007.1333': ['1.827', '1.932', '0.080', '0.99941', '-0.03443', '0.00011', '0.03443',
    '0.99941', '-0.00032', '-0.00009', '0.00032', '1.00000']
  '007.2000': ['1.852', '1.933', '0.080', '0.99956', '-0.02961', '0.00015', '0.02961',
    '0.99956', '-0.00033', '-0.00014', '0.00033', '1.00000']
  '007.2667': ['1.878', '1.933', '0.080', '0.99968', '-0.02518', '0.00017', '0.02518',
    '0.99968', '-0.00034', '-0.00016', '0.00034', '1.00000']
  '007.3333': ['1.902', '1.933', '0.080', '0.99978', '-0.02099', '0.00017', '0.02099',
    '0.99978', '-0.00033', '-0.00017', '0.00033', '1.00000']
  '007.4000': ['1.931', '1.935', '0.080', '0.99989', '-0.01462', '0.00014', '0.01462',
    '0.99989', '-0.00029', '-0.00014', '0.00029', '1.00000']
  '007.4667': ['1.966', '1.935', '0.080', '0.99996', '-0.00880', '-0.00006', '0.00880',
    '0.99996', '-0.00019', '0.00006', '0.00019', '1.00000']
  '007.5333': ['1.995', '1.935', '0.080', '1.00000', '-0.00211', '-0.00006', '0.00211',
    '1.00000', '-0.00019', '0.00007', '0.00019', '1.00000']
  '007.6000': ['2.020', '1.934', '0.080', '0.99999', '0.00342', '-0.00006', '-0.00342',
    '0.99999', '-0.00018', '0.00006', '0.00018', '1.00000']
  '007.6667': ['2.047', '1.931', '0.080', '1.00000', '0.00209', '-0.00010', '-0.00209',
    '1.00000', '-0.00010', '0.00010', '0.00010', '1.00000']
  '007.7333': ['2.071', '1.930', '0.080', '1.00000', '-0.00183', '-0.00010', '0.00183',
    '1.00000', '-0.00010', '0.00010', '0.00010', '1.00000']
  '007.8000': ['2.095', '1.929', '0.080', '0.99997', '-0.00741', '-0.00007', '0.00741',
    '0.99997', '-0.00011', '0.00007', '0.00011', '1.00000']
  '007.8667': ['2.121', '1.929', '0.080', '0.99989', '-0.01481', '-0.00006', '0.01481',
    '0.99989', '-0.00013', '0.00006', '0.00013', '1.00000']
  '007.9333': ['2.157', '1.926', '0.080', '0.99954', '-0.03037', '-0.00002', '0.03037',
    '0.99954', '-0.00009', '0.00002', '0.00009', '1.00000']
  '008.0000': ['2.184', '1.927', '0.080', '0.99889', '-0.04702', '0.00006', '0.04702',
    '0.99889', '-0.00011', '-0.00006', '0.00012', '1.00000']
  '008.0667': ['2.208', '1.929', '0.080', '0.99796', '-0.06380', '0.00008', '0.06380',
    '0.99796', '-0.00012', '-0.00007', '0.00012', '1.00000']
  '008.1333': ['2.231', '1.933', '0.080', '0.99698', '-0.07764', '0.00007', '0.07764',
    '0.99698', '-0.00012', '-0.00006', '0.00012', '1.00000']
  '008.2000': ['2.260', '1.944', '0.080', '0.99722', '-0.07448', '-0.00006', '0.07448',
    '0.99722', '-0.00023', '0.00007', '0.00023', '1.00000']
  '008.2667': ['2.285', '1.950', '0.080', '0.99778', '-0.06656', '-0.00005', '0.06656',
    '0.99778', '-0.00023', '0.00006', '0.00023', '1.00000']
  '008.3333': ['2.308', '1.953', '0.080', '0.99836', '-0.05717', '-0.00002', '0.05717',
    '0.99836', '-0.00023', '0.00003', '0.00023', '1.00000']
  '008.4000': ['2.332', '1.955', '0.080', '0.99889', '-0.04718', '0.00006', '0.04718',
    '0.99889', '-0.00024', '-0.00005', '0.00024', '1.00000']
  '008.4667': ['2.359', '1.957', '0.080', '0.99522', '-0.09767', '0.00014', '0.09767',
    '0.99522', '-0.00025', '-0.00011', '0.00026', '1.00000']
  '008.5333': ['2.384', '1.959', '0.080', '0.98137', '-0.19215', '0.00022', '0.19215',
    '0.98137', '-0.00018', '-0.00018', '0.00022', '1.00000']
  '008.6000': ['2.409', '1.962', '0.080', '0.95724', '-0.28930', '0.00023', '0.28930',
    '0.95724', '-0.00017', '-0.00017', '0.00023', '1.00000']
  '008.6667': ['2.433', '1.969', '0.080', '0.92175', '-0.38778', '0.00023', '0.38778',
    '0.92175', '-0.00017', '-0.00015', '0.00024', '1.00000']
  '008.7333': ['2.456', '1.978', '0.080', '0.88909', '-0.45774', '0.00023', '0.45774',
    '0.88909', '-0.00017', '-0.00013', '0.00025', '1.00000']
  '008.8000': ['2.479', '1.990', '0.080', '0.88909', '-0.45774', '0.00023', '0.45774',
    '0.88909', '-0.00017', '-0.00013', '0.00025', '1.00000']
  '008.8667': ['2.501', '2.001', '0.080', '0.88909', '-0.45774', '0.00023', '0.45774',
    '0.88909', '-0.00017', '-0.00013', '0.00025', '1.00000']
  '008.9333': ['2.523', '2.013', '0.080', '0.88909', '-0.45774', '0.00023', '0.45774',
    '0.88909', '-0.00017', '-0.00013', '0.00025', '1.00000']
  '009.0000': ['2.546', '2.024', '0.080', '0.88909', '-0.45774', '0.00023', '0.45774',
    '0.88909', '-0.00017', '-0.00013', '0.00025', '1.00000']
  '009.0667': ['2.568', '2.036', '0.080', '0.88909', '-0.45774', '0.00023', '0.45774',
    '0.88909', '-0.00017', '-0.00013', '0.00025', '1.00000']
  '009.1333': ['2.591', '2.047', '0.080', '0.88909', '-0.45774', '0.00023', '0.45774',
    '0.88909', '-0.00017', '-0.00013', '0.00025', '1.00000']
  '009.2000': ['2.613', '2.059', '0.080', '0.88909', '-0.45774', '0.00023', '0.45774',
    '0.88909', '-0.00017', '-0.00013', '0.00025', '1.00000']
  '009.2667': ['2.636', '2.070', '0.080', '0.86726', '-0.49785', '0.00023', '0.49785',
    '0.86726', '-0.00017', '-0.00012', '0.00026', '1.00000']
  '009.3333': ['2.658', '2.082', '0.080', '0.81047', '-0.58578', '0.00023', '0.58578',
    '0.81047', '-0.00017', '-0.00009', '0.00027', '1.00000']
  '009.4000': ['2.679', '2.096', '0.080', '0.74480', '-0.66729', '0.00023', '0.66729',
    '0.74480', '-0.00017', '-0.00006', '0.00028', '1.00000']
  '009.4667': ['2.698', '2.112', '0.080', '0.67096', '-0.74149', '0.00023', '0.74149',
    '0.67096', '-0.00017', '-0.00003', '0.00028', '1.00000']
  '009.5333': ['2.715', '2.131', '0.080', '0.58977', '-0.80757', '0.00023', '0.80757',
    '0.58977', '-0.00017', '-0.00000', '0.00028', '1.00000']
  '009.6000': ['2.731', '2.151', '0.080', '0.50213', '-0.86479', '0.00023', '0.86479',
    '0.50213', '-0.00017', '0.00003', '0.00028', '1.00000']
