begin_time_stamp: 1574101454.5333276
data_header:
  time_stamp: [x, y, z, R11, R12, R13, R21, R22, R23, R31, R32, R33]
trajectory_data:
  '000.0000': ['0.384', '2.828', '0.080', '-0.11497', '-0.99337', '-0.00014', '0.99337',
    '-0.11497', '0.00020', '-0.00021', '-0.00011', '1.00000']
  '000.0667': ['0.385', '2.863', '0.080', '-0.02800', '-0.99961', '-0.00014', '0.99961',
    '-0.02800', '0.00019', '-0.00019', '-0.00014', '1.00000']
  '000.1333': ['0.386', '2.894', '0.080', '0.05158', '-0.99867', '-0.00016', '0.99867',
    '0.05158', '0.00020', '-0.00020', '-0.00017', '1.00000']
  '000.2000': ['0.389', '2.923', '0.080', '0.13016', '-0.99149', '-0.00013', '0.99149',
    '0.13016', '0.00020', '-0.00018', '-0.00015', '1.00000']
  '000.2667': ['0.395', '2.955', '0.080', '0.20713', '-0.97831', '-0.00009', '0.97831',
    '0.20713', '0.00016', '-0.00013', '-0.00012', '1.00000']
  '000.3333': ['0.400', '2.980', '0.080', '0.28740', '-0.95781', '-0.00009', '0.95781',
    '0.28740', '0.00012', '-0.00009', '-0.00012', '1.00000']
  '000.4000': ['0.408', '3.005', '0.080', '0.36772', '-0.92993', '-0.00012', '0.92993',
    '0.36772', '0.00011', '-0.00005', '-0.00015', '1.00000']
  '000.4667': ['0.418', '3.029', '0.080', '0.44772', '-0.89417', '-0.00012', '0.89417',
    '0.44772', '0.00009', '-0.00002', '-0.00015', '1.00000']
  '000.5333': ['0.430', '3.051', '0.080', '0.52647', '-0.85019', '-0.00011', '0.85019',
    '0.52647', '0.00011', '-0.00004', '-0.00015', '1.00000']
  '000.6000': ['0.444', '3.074', '0.080', '0.60341', '-0.79743', '-0.00012', '0.79743',
    '0.60341', '0.00013', '-0.00003', '-0.00018', '1.00000']
  '000.6667': ['0.461', '3.095', '0.080', '0.67649', '-0.73645', '-0.00011', '0.73645',
    '0.67649', '0.00012', '-0.00002', '-0.00016', '1.00000']
  '000.7333': ['0.479', '3.114', '0.080', '0.74470', '-0.66740', '-0.00009', '0.66740',
    '0.74470', '0.00012', '-0.00001', '-0.00015', '1.00000']
  '000.8000': ['0.504', '3.134', '0.080', '0.80600', '-0.59192', '-0.00011', '0.59192',
    '0.80600', '0.00020', '-0.00003', '-0.00023', '1.00000']
  '000.8667': ['0.526', '3.150', '0.080', '0.86053', '-0.50941', '-0.00012', '0.50941',
    '0.86053', '0.00022', '-0.00001', '-0.00024', '1.00000']
  '000.9333': ['0.549', '3.164', '0.080', '0.90798', '-0.41902', '-0.00011', '0.41902',
    '0.90798', '0.00021', '0.00001', '-0.00024', '1.00000']
  '001.0000': ['0.573', '3.177', '0.080', '0.94734', '-0.32024', '-0.00010', '0.32024',
    '0.94734', '0.00019', '0.00003', '-0.00021', '1.00000']
  '001.0667': ['0.596', '3.185', '0.080', '0.97702', '-0.21315', '-0.00009', '0.21315',
    '0.97702', '0.00018', '0.00005', '-0.00020', '1.00000']
  '001.1333': ['0.623', '3.193', '0.080', '0.98335', '-0.18173', '-0.00010', '0.18173',
    '0.98335', '0.00018', '0.00006', '-0.00020', '1.00000']
  '001.2000': ['0.647', '3.197', '0.080', '0.98619', '-0.16560', '-0.00010', '0.16560',
    '0.98619', '0.00017', '0.00007', '-0.00018', '1.00000']
  '001.2667': ['0.671', '3.200', '0.080', '0.98826', '-0.15279', '-0.00010', '0.15279',
    '0.98826', '0.00016', '0.00007', '-0.00018', '1.00000']
  '001.3333': ['0.695', '3.202', '0.080', '0.98943', '-0.14499', '-0.00009', '0.14499',
    '0.98943', '0.00018', '0.00006', '-0.00019', '1.00000']
  '001.4000': ['0.720', '3.204', '0.080', '0.99320', '-0.11639', '-0.00009', '0.11639',
    '0.99320', '0.00017', '0.00007', '-0.00017', '1.00000']
  '001.4667': ['0.744', '3.207', '0.080', '0.99990', '-0.01449', '-0.00009', '0.01449',
    '0.99989', '0.00017', '0.00009', '-0.00017', '1.00000']
  '001.5333': ['0.768', '3.208', '0.080', '0.99997', '0.00823', '-0.00009', '-0.00823',
    '0.99997', '0.00019', '0.00009', '-0.00019', '1.00000']
  '001.6000': ['0.789', '3.209', '0.080', '0.99993', '0.01221', '-0.00010', '-0.01221',
    '0.99993', '0.00016', '0.00010', '-0.00016', '1.00000']
  '001.6667': ['0.808', '3.209', '0.080', '0.99985', '0.01732', '-0.00024', '-0.01732',
    '0.99985', '0.00019', '0.00024', '-0.00019', '1.00000']
  '001.7333': ['0.824', '3.204', '0.080', '0.99991', '0.01317', '-0.00021', '-0.01317',
    '0.99991', '0.00020', '0.00022', '-0.00020', '1.00000']
  '001.8000': ['0.846', '3.203', '0.080', '0.99999', '0.00547', '-0.00021', '-0.00547',
    '0.99999', '0.00019', '0.00022', '-0.00019', '1.00000']
  '001.8667': ['0.873', '3.206', '0.080', '1.00000', '0.00214', '-0.00021', '-0.00214',
    '1.00000', '0.00021', '0.00021', '-0.00021', '1.00000']
  '001.9333': ['0.910', '3.217', '0.080', '0.99980', '0.01991', '-0.00029', '-0.01991',
    '0.99980', '0.00030', '0.00030', '-0.00029', '1.00000']
  '002.0000': ['0.936', '3.220', '0.080', '0.99908', '0.04280', '-0.00027', '-0.04280',
    '0.99908', '0.00027', '0.00028', '-0.00026', '1.00000']
  '002.0667': ['0.959', '3.220', '0.080', '0.99791', '0.06465', '-0.00025', '-0.06465',
    '0.99791', '0.00030', '0.00027', '-0.00028', '1.00000']
  '002.1333': ['0.980', '3.218', '0.080', '0.99645', '0.08424', '-0.00021', '-0.08424',
    '0.99645', '0.00031', '0.00023', '-0.00029', '1.00000']
  '002.2000': ['1.001', '3.214', '0.080', '0.99511', '0.09882', '-0.00013', '-0.09882',
    '0.99511', '0.00029', '0.00015', '-0.00027', '1.00000']
  '002.2667': ['1.021', '3.211', '0.080', '0.99392', '0.11010', '-0.00010', '-0.11010',
    '0.99392', '0.00027', '0.00013', '-0.00026', '1.00000']
  '002.3333': ['1.041', '3.209', '0.080', '0.99277', '0.12003', '-0.00010', '-0.12003',
    '0.99277', '0.00025', '0.00013', '-0.00024', '1.00000']
  '002.4000': ['1.062', '3.206', '0.080', '0.99163', '0.12910', '-0.00011', '-0.12910',
    '0.99163', '0.00026', '0.00015', '-0.00024', '1.00000']
  '002.4667': ['1.083', '3.203', '0.080', '0.99051', '0.13746', '-0.00012', '-0.13746',
    '0.99051', '0.00028', '0.00016', '-0.00026', '1.00000']
  '002.5333': ['1.104', '3.200', '0.080', '0.98964', '0.14355', '-0.00010', '-0.14355',
    '0.98964', '0.00030', '0.00014', '-0.00028', '1.00000']
  '002.6000': ['1.126', '3.195', '0.080', '0.98909', '0.14729', '-0.00006', '-0.14729',
    '0.98909', '0.00031', '0.00011', '-0.00030', '1.00000']
  '002.6667': ['1.149', '3.191', '0.080', '0.98890', '0.14858', '-0.00002', '-0.14858',
    '0.98890', '0.00034', '0.00007', '-0.00033', '1.00000']
  '002.7333': ['1.170', '3.187', '0.080', '0.98907', '0.14746', '-0.00001', '-0.14746',
    '0.98907', '0.00036', '0.00006', '-0.00036', '1.00000']
  '002.8000': ['1.192', '3.184', '0.080', '0.98945', '0.14486', '-0.00002', '-0.14486',
    '0.98945', '0.00037', '0.00008', '-0.00036', '1.00000']
  '002.8667': ['1.214', '3.180', '0.080', '0.99007', '0.14057', '-0.00002', '-0.14057',
    '0.99007', '0.00038', '0.00007', '-0.00038', '1.00000']
  '002.9333': ['1.239', '3.177', '0.080', '0.99072', '0.13592', '-0.00001', '-0.13592',
    '0.99072', '0.00036', '0.00006', '-0.00035', '1.00000']
  '003.0000': ['1.264', '3.174', '0.080', '0.99143', '0.13062', '0.00002', '-0.13062',
    '0.99143', '0.00038', '0.00003', '-0.00038', '1.00000']
  '003.0667': ['1.288', '3.171', '0.080', '0.99228', '0.12401', '0.00009', '-0.12401',
    '0.99228', '0.00040', '-0.00004', '-0.00041', '1.00000']
  '003.1333': ['1.311', '3.168', '0.080', '0.99337', '0.11493', '0.00011', '-0.11493',
    '0.99337', '0.00041', '-0.00007', '-0.00042', '1.00000']
  '003.2000': ['1.338', '3.167', '0.080', '0.99416', '0.10792', '0.00011', '-0.10792',
    '0.99416', '0.00044', '-0.00006', '-0.00045', '1.00000']
  '003.2667': ['1.373', '3.172', '0.080', '0.99297', '0.11839', '-0.00009', '-0.11839',
    '0.99297', '0.00049', '0.00014', '-0.00048', '1.00000']
  '003.3333': ['1.398', '3.171', '0.080', '0.99146', '0.13043', '-0.00003', '-0.13043',
    '0.99146', '0.00047', '0.00009', '-0.00046', '1.00000']
  '003.4000': ['1.422', '3.168', '0.080', '0.99011', '0.14033', '0.00003', '-0.14033',
    '0.99010', '0.00046', '0.00003', '-0.00046', '1.00000']
  '003.4667': ['1.446', '3.165', '0.080', '0.98872', '0.14981', '0.00010', '-0.14981',
    '0.98872', '0.00047', '-0.00003', '-0.00048', '1.00000']
  '003.5333': ['1.469', '3.162', '0.080', '0.98733', '0.15866', '0.00018', '-0.15866',
    '0.98733', '0.00044', '-0.00010', '-0.00046', '1.00000']
  '003.6000': ['1.493', '3.158', '0.080', '0.98592', '0.16719', '0.00023', '-0.16719',
    '0.98592', '0.00045', '-0.00015', '-0.00049', '1.00000']
  '003.6667': ['1.517', '3.154', '0.080', '0.98460', '0.17484', '0.00030', '-0.17484',
    '0.98460', '0.00045', '-0.00022', '-0.00050', '1.00000']
  '003.7333': ['1.545', '3.151', '0.080', '0.98286', '0.18433', '0.00038', '-0.18433',
    '0.98286', '0.00043', '-0.00029', '-0.00049', '1.00000']
  '003.8000': ['1.571', '3.148', '0.080', '0.98065', '0.19576', '0.00040', '-0.19576',
    '0.98065', '0.00043', '-0.00031', '-0.00050', '1.00000']
  '003.8667': ['1.595', '3.144', '0.080', '0.97817', '0.20783', '0.00040', '-0.20783',
    '0.97817', '0.00045', '-0.00030', '-0.00052', '1.00000']
  '003.9333': ['1.622', '3.139', '0.080', '0.98008', '0.19863', '0.00042', '-0.19863',
    '0.98008', '0.00041', '-0.00033', '-0.00049', '1.00000']
  '004.0000': ['1.648', '3.133', '0.080', '0.99407', '0.10874', '0.00040', '-0.10874',
    '0.99407', '0.00043', '-0.00035', '-0.00047', '1.00000']
  '004.0667': ['1.672', '3.130', '0.080', '0.99649', '0.08376', '0.00041', '-0.08376',
    '0.99649', '0.00041', '-0.00037', '-0.00044', '1.00000']
  '004.1333': ['1.698', '3.127', '0.080', '0.99661', '0.08233', '0.00039', '-0.08233',
    '0.99661', '0.00040', '-0.00035', '-0.00043', '1.00000']
  '004.2000': ['1.723', '3.124', '0.080', '0.99711', '0.07595', '0.00041', '-0.07595',
    '0.99711', '0.00041', '-0.00038', '-0.00044', '1.00000']
  '004.2667': ['1.753', '3.123', '0.080', '0.99761', '0.06905', '0.00039', '-0.06905',
    '0.99761', '0.00042', '-0.00036', '-0.00045', '1.00000']
  '004.3333': ['1.780', '3.122', '0.080', '0.99794', '0.06414', '0.00036', '-0.06414',
    '0.99794', '0.00043', '-0.00033', '-0.00045', '1.00000']
  '004.4000': ['1.805', '3.122', '0.080', '0.99815', '0.06082', '0.00034', '-0.06082',
    '0.99815', '0.00042', '-0.00031', '-0.00044', '1.00000']
  '004.4667': ['1.829', '3.121', '0.080', '0.99833', '0.05778', '0.00031', '-0.05778',
    '0.99833', '0.00041', '-0.00028', '-0.00042', '1.00000']
  '004.5333': ['1.854', '3.118', '0.080', '0.99864', '0.05223', '0.00032', '-0.05223',
    '0.99864', '0.00040', '-0.00030', '-0.00042', '1.00000']
  '004.6000': ['1.880', '3.116', '0.080', '0.99901', '0.04437', '0.00035', '-0.04437',
    '0.99901', '0.00042', '-0.00033', '-0.00043', '1.00000']
  '004.6667': ['1.900', '3.117', '0.080', '0.99925', '0.03874', '0.00026', '-0.03874',
    '0.99925', '0.00052', '-0.00024', '-0.00053', '1.00000']
  '004.7333': ['1.924', '3.116', '0.080', '0.99952', '0.03083', '0.00028', '-0.03083',
    '0.99952', '0.00054', '-0.00026', '-0.00055', '1.00000']
  '004.8000': ['1.950', '3.115', '0.080', '0.99977', '0.02163', '0.00027', '-0.02163',
    '0.99977', '0.00051', '-0.00025', '-0.00052', '1.00000']
  '004.8667': ['1.975', '3.115', '0.080', '0.99994', '0.01076', '0.00026', '-0.01076',
    '0.99994', '0.00051', '-0.00026', '-0.00051', '1.00000']
  '004.9333': ['2.004', '3.115', '0.080', '1.00000', '-0.00130', '0.00028', '0.00130',
    '1.00000', '0.00049', '-0.00028', '-0.00049', '1.00000']
  '005.0000': ['2.047', '3.121', '0.080', '0.99926', '0.03856', '0.00047', '-0.03856',
    '0.99926', '0.00032', '-0.00046', '-0.00034', '1.00000']
  '005.0667': ['2.076', '3.122', '0.080', '0.99010', '0.14037', '0.00051', '-0.14037',
    '0.99010', '0.00025', '-0.00047', '-0.00032', '1.00000']
  '005.1333': ['2.097', '3.118', '0.080', '0.98783', '0.15552', '0.00051', '-0.15552',
    '0.98783', '0.00027', '-0.00046', '-0.00034', '1.00000']
  '005.2000': ['2.107', '3.112', '0.080', '0.98962', '0.14373', '0.00043', '-0.14373',
    '0.98962', '0.00040', '-0.00036', '-0.00046', '1.00000']
  '005.2667': ['2.125', '3.109', '0.080', '0.99102', '0.13370', '0.00036', '-0.13370',
    '0.99102', '0.00044', '-0.00030', '-0.00048', '1.00000']
  '005.3333': ['2.147', '3.106', '0.080', '0.99217', '0.12488', '0.00036', '-0.12488',
    '0.99217', '0.00046', '-0.00030', '-0.00050', '1.00000']
  '005.4000': ['2.166', '3.104', '0.080', '0.99307', '0.11752', '0.00033', '-0.11752',
    '0.99307', '0.00047', '-0.00027', '-0.00050', '1.00000']
  '005.4667': ['2.177', '3.106', '0.080', '0.99331', '0.11550', '0.00031', '-0.11550',
    '0.99331', '0.00034', '-0.00027', '-0.00037', '1.00000']
  '005.5333': ['2.201', '3.103', '0.080', '0.99354', '0.11344', '0.00038', '-0.11344',
    '0.99354', '0.00033', '-0.00034', '-0.00037', '1.00000']
  '005.6000': ['2.225', '3.099', '0.080', '0.99418', '0.10773', '0.00041', '-0.10773',
    '0.99418', '0.00033', '-0.00037', '-0.00037', '1.00000']
  '005.6667': ['2.251', '3.095', '0.080', '0.99525', '0.09740', '0.00041', '-0.09740',
    '0.99525', '0.00031', '-0.00038', '-0.00035', '1.00000']
  '005.7333': ['2.275', '3.091', '0.080', '0.99665', '0.08181', '0.00040', '-0.08181',
    '0.99665', '0.00031', '-0.00038', '-0.00034', '1.00000']
  '005.8000': ['2.300', '3.088', '0.080', '0.99495', '0.10033', '0.00037', '-0.10033',
    '0.99495', '0.00029', '-0.00034', '-0.00033', '1.00000']
  '005.8667': ['2.324', '3.084', '0.080', '0.98482', '0.17357', '0.00040', '-0.17357',
    '0.98482', '0.00028', '-0.00035', '-0.00035', '1.00000']
  '005.9333': ['2.345', '3.079', '0.080', '0.97018', '0.24238', '0.00041', '-0.24238',
    '0.97018', '0.00026', '-0.00034', '-0.00036', '1.00000']
  '006.0000': ['2.370', '3.074', '0.080', '0.94949', '0.31379', '0.00041', '-0.31379',
    '0.94949', '0.00026', '-0.00031', '-0.00038', '1.00000']
  '006.0667': ['2.393', '3.066', '0.080', '0.92231', '0.38646', '0.00037', '-0.38646',
    '0.92231', '0.00024', '-0.00025', '-0.00037', '1.00000']
  '006.1333': ['2.417', '3.057', '0.080', '0.88788', '0.46008', '0.00035', '-0.46008',
    '0.88788', '0.00022', '-0.00021', '-0.00035', '1.00000']
  '006.2000': ['2.438', '3.046', '0.080', '0.84550', '0.53398', '0.00033', '-0.53398',
    '0.84550', '0.00022', '-0.00016', '-0.00036', '1.00000']
  '006.2667': ['2.459', '3.033', '0.080', '0.79520', '0.60635', '0.00028', '-0.60635',
    '0.79520', '0.00021', '-0.00010', '-0.00034', '1.00000']
  '006.3333': ['2.479', '3.017', '0.080', '0.73753', '0.67531', '0.00029', '-0.67531',
    '0.73753', '0.00018', '-0.00009', '-0.00033', '1.00000']
  '006.4000': ['2.499', '2.998', '0.080', '0.67275', '0.73987', '0.00030', '-0.73987',
    '0.67275', '0.00017', '-0.00007', '-0.00034', '1.00000']
  '006.4667': ['2.515', '2.980', '0.080', '0.60159', '0.79880', '0.00029', '-0.79880',
    '0.60159', '0.00016', '-0.00005', '-0.00032', '1.00000']
  '006.5333': ['2.528', '2.961', '0.080', '0.52468', '0.85130', '0.00027', '-0.85130',
    '0.52468', '0.00015', '-0.00001', '-0.00031', '1.00000']
  '006.6000': ['2.541', '2.941', '0.080', '0.43966', '0.89816', '0.00026', '-0.89816',
    '0.43966', '0.00015', '0.00002', '-0.00030', '1.00000']
  '006.6667': ['2.551', '2.921', '0.080', '0.34700', '0.93787', '0.00025', '-0.93787',
    '0.34700', '0.00012', '0.00003', '-0.00027', '1.00000']
  '006.7333': ['2.561', '2.897', '0.080', '0.24693', '0.96903', '0.00030', '-0.96903',
    '0.24693', '0.00015', '0.00007', '-0.00033', '1.00000']
  '006.8000': ['2.567', '2.875', '0.080', '0.14092', '0.99002', '0.00028', '-0.99002',
    '0.14092', '0.00017', '0.00013', '-0.00030', '1.00000']
  '006.8667': ['2.570', '2.853', '0.080', '0.02879', '0.99959', '0.00027', '-0.99959',
    '0.02879', '0.00016', '0.00015', '-0.00028', '1.00000']
  '006.9333': ['2.572', '2.830', '0.080', '-0.09031', '0.99591', '0.00025', '-0.99591',
    '-0.09031', '0.00018', '0.00020', '-0.00023', '1.00000']
  '007.0000': ['2.572', '2.803', '0.080', '-0.21803', '0.97594', '0.00021', '-0.97594',
    '-0.21803', '0.00020', '0.00025', '-0.00016', '1.00000']
  '007.0667': ['2.568', '2.778', '0.080', '-0.26718', '0.96365', '0.00020', '-0.96365',
    '-0.26718', '0.00020', '0.00024', '-0.00014', '1.00000']
  '007.1333': ['2.562', '2.754', '0.080', '-0.30955', '0.95088', '0.00021', '-0.95088',
    '-0.30955', '0.00024', '0.00029', '-0.00013', '1.00000']
  '007.2000': ['2.550', '2.730', '0.080', '-0.34609', '0.93820', '0.00025', '-0.93820',
    '-0.34609', '0.00055', '0.00060', '-0.00005', '1.00000']
  '007.2667': ['2.540', '2.719', '0.080', '-0.28054', '0.95984', '0.00026', '-0.95984',
    '-0.28054', '0.00069', '0.00073', '-0.00006', '1.00000']
  '007.3333': ['2.531', '2.697', '0.080', '-0.20922', '0.97787', '0.00025', '-0.97787',
    '-0.20922', '0.00073', '0.00077', '-0.00009', '1.00000']
  '007.4000': ['2.523', '2.675', '0.080', '-0.12847', '0.99171', '0.00025', '-0.99171',
    '-0.12847', '0.00077', '0.00079', '-0.00015', '1.00000']
  '007.4667': ['2.519', '2.654', '0.080', '-0.03798', '0.99928', '0.00022', '-0.99928',
    '-0.03798', '0.00073', '0.00074', '-0.00020', '1.00000']
  '007.5333': ['2.517', '2.631', '0.080', '0.03764', '0.99929', '0.00020', '-0.99929',
    '0.03764', '0.00068', '0.00067', '-0.00023', '1.00000']
  '007.6000': ['2.518', '2.610', '0.080', '0.04312', '0.99907', '0.00023', '-0.99907',
    '0.04312', '0.00061', '0.00060', '-0.00025', '1.00000']
  '007.6667': ['2.519', '2.587', '0.080', '0.05390', '0.99855', '0.00024', '-0.99855',
    '0.05390', '0.00053', '0.00052', '-0.00027', '1.00000']
  '007.7333': ['2.521', '2.561', '0.080', '0.06356', '0.99798', '0.00023', '-0.99798',
    '0.06355', '0.00047', '0.00045', '-0.00026', '1.00000']
  '007.8000': ['2.524', '2.538', '0.080', '0.07127', '0.99746', '0.00023', '-0.99746',
    '0.07127', '0.00040', '0.00038', '-0.00025', '1.00000']
  '007.8667': ['2.524', '2.516', '0.080', '0.07924', '0.99686', '0.00021', '-0.99686',
    '0.07924', '0.00035', '0.00033', '-0.00023', '1.00000']
  '007.9333': ['2.525', '2.494', '0.080', '0.05675', '0.99839', '0.00023', '-0.99839',
    '0.05675', '0.00030', '0.00028', '-0.00025', '1.00000']
  '008.0000': ['2.524', '2.477', '0.080', '-0.03677', '0.99932', '0.00034', '-0.99932',
    '-0.03677', '0.00038', '0.00039', '-0.00032', '1.00000']
  '008.0667': ['2.512', '2.456', '0.080', '-0.05922', '0.99824', '0.00009', '-0.99824',
    '-0.05922', '0.00046', '0.00046', '-0.00006', '1.00000']
  '008.1333': ['2.509', '2.433', '0.080', '-0.03138', '0.99951', '-0.00001', '-0.99951',
    '-0.03138', '0.00040', '0.00040', '0.00002', '1.00000']
  '008.2000': ['2.513', '2.408', '0.080', '-0.01558', '0.99988', '-0.00008', '-0.99988',
    '-0.01558', '0.00033', '0.00033', '0.00008', '1.00000']
  '008.2667': ['2.530', '2.381', '0.080', '-0.03401', '0.99942', '-0.00013', '-0.99942',
    '-0.03401', '0.00028', '0.00028', '0.00014', '1.00000']
  '008.3333': ['2.533', '2.358', '0.080', '-0.05984', '0.99821', '-0.00011', '-0.99821',
    '-0.05984', '0.00026', '0.00025', '0.00012', '1.00000']
  '008.4000': ['2.533', '2.333', '0.080', '-0.08849', '0.99608', '-0.00008', '-0.99608',
    '-0.08849', '0.00023', '0.00022', '0.00010', '1.00000']
  '008.4667': ['2.532', '2.306', '0.080', '-0.12006', '0.99277', '-0.00010', '-0.99277',
    '-0.12006', '0.00018', '0.00017', '0.00012', '1.00000']
  '008.5333': ['2.528', '2.281', '0.080', '-0.12176', '0.99256', '-0.00007', '-0.99256',
    '-0.12176', '0.00011', '0.00010', '0.00009', '1.00000']
  '008.6000': ['2.525', '2.257', '0.080', '-0.05221', '0.99864', '-0.00009', '-0.99864',
    '-0.05221', '0.00003', '0.00002', '0.00009', '1.00000']
  '008.6667': ['2.518', '2.233', '0.080', '-0.05676', '0.99839', '-0.00010', '-0.99839',
    '-0.05676', '-0.00002', '-0.00003', '0.00010', '1.00000']
  '008.7333': ['2.505', '2.213', '0.080', '-0.05619', '0.99842', '-0.00019', '-0.99842',
    '-0.05619', '-0.00006', '-0.00007', '0.00019', '1.00000']
  '008.8000': ['2.504', '2.188', '0.080', '-0.05619', '0.99842', '-0.00019', '-0.99842',
    '-0.05619', '-0.00006', '-0.00007', '0.00019', '1.00000']
  '008.8667': ['2.502', '2.163', '0.080', '-0.05619', '0.99842', '-0.00019', '-0.99842',
    '-0.05619', '-0.00006', '-0.00007', '0.00019', '1.00000']
  '008.9333': ['2.501', '2.138', '0.080', '-0.05619', '0.99842', '-0.00019', '-0.99842',
    '-0.05619', '-0.00006', '-0.00007', '0.00019', '1.00000']
  '009.0000': ['2.499', '2.113', '0.080', '-0.05619', '0.99842', '-0.00019', '-0.99842',
    '-0.05619', '-0.00006', '-0.00007', '0.00019', '1.00000']
  '009.0667': ['2.498', '2.087', '0.080', '-0.05619', '0.99842', '-0.00019', '-0.99842',
    '-0.05619', '-0.00006', '-0.00007', '0.00019', '1.00000']
  '009.1333': ['2.497', '2.062', '0.080', '-0.05619', '0.99842', '-0.00019', '-0.99842',
    '-0.05619', '-0.00006', '-0.00007', '0.00019', '1.00000']
  '009.2000': ['2.495', '2.037', '0.080', '-0.05619', '0.99842', '-0.00019', '-0.99842',
    '-0.05619', '-0.00006', '-0.00007', '0.00019', '1.00000']
  '009.2667': ['2.494', '2.012', '0.080', '-0.05619', '0.99842', '-0.00019', '-0.99842',
    '-0.05619', '-0.00006', '-0.00007', '0.00019', '1.00000']
  '009.3333': ['2.492', '1.987', '0.080', '-0.05619', '0.99842', '-0.00019', '-0.99842',
    '-0.05619', '-0.00006', '-0.00007', '0.00019', '1.00000']
  '009.4000': ['2.491', '1.961', '0.080', '-0.05619', '0.99842', '-0.00019', '-0.99842',
    '-0.05619', '-0.00006', '-0.00007', '0.00019', '1.00000']
  '009.4667': ['2.490', '1.936', '0.080', '-0.05619', '0.99842', '-0.00019', '-0.99842',
    '-0.05619', '-0.00006', '-0.00007', '0.00019', '1.00000']
