begin_time_stamp: 1574101395.466664
data_header:
  time_stamp: [x, y, z, R11, R12, R13, R21, R22, R23, R31, R32, R33]
trajectory_data:
  '000.0000': ['1.366', '2.693', '0.080', '-0.39531', '0.91855', '0.00009', '-0.91855',
    '-0.39531', '-0.00010', '-0.00005', '-0.00012', '1.00000']
  '000.0667': ['1.340', '2.669', '0.080', '-0.37101', '0.92863', '-0.00020', '-0.92863',
    '-0.37101', '0.00041', '0.00030', '0.00034', '1.00000']
  '000.1333': ['1.314', '2.643', '0.080', '-0.31679', '0.94850', '-0.00052', '-0.94850',
    '-0.31679', '0.00090', '0.00069', '0.00078', '1.00000']
  '000.2000': ['1.296', '2.628', '0.080', '-0.24316', '0.96999', '-0.00067', '-0.96999',
    '-0.24316', '0.00052', '0.00034', '0.00078', '1.00000']
  '000.2667': ['1.288', '2.608', '0.080', '-0.16865', '0.98567', '-0.00067', '-0.98568',
    '-0.16865', '0.00033', '0.00021', '0.00072', '1.00000']
  '000.3333': ['1.286', '2.585', '0.080', '-0.10210', '0.99477', '-0.00071', '-0.99477',
    '-0.10210', '0.00021', '0.00014', '0.00072', '1.00000']
  '000.4000': ['1.289', '2.560', '0.080', '-0.04833', '0.99883', '-0.00070', '-0.99883',
    '-0.04833', '0.00010', '0.00006', '0.00071', '1.00000']
  '000.4667': ['1.301', '2.532', '0.080', '-0.02277', '0.99974', '-0.00055', '-0.99974',
    '-0.02277', '0.00006', '0.00005', '0.00055', '1.00000']
  '000.5333': ['1.303', '2.507', '0.080', '-0.00261', '1.00000', '-0.00053', '-1.00000',
    '-0.00261', '0.00004', '0.00004', '0.00053', '1.00000']
  '000.6000': ['1.303', '2.484', '0.080', '0.01961', '0.99981', '-0.00051', '-0.99981',
    '0.01961', '-0.00001', '0.00000', '0.00051', '1.00000']
  '000.6667': ['1.303', '2.458', '0.080', '0.04680', '0.99890', '-0.00051', '-0.99890',
    '0.04680', '-0.00003', '-0.00001', '0.00051', '1.00000']
  '000.7333': ['1.306', '2.430', '0.080', '0.07105', '0.99747', '-0.00051', '-0.99747',
    '0.07105', '-0.00003', '0.00000', '0.00051', '1.00000']
  '000.8000': ['1.315', '2.402', '0.080', '-0.01320', '0.99991', '-0.00042', '-0.99991',
    '-0.01320', '0.00005', '0.00004', '0.00042', '1.00000']
  '000.8667': ['1.314', '2.377', '0.080', '-0.09157', '0.99580', '-0.00041', '-0.99580',
    '-0.09157', '0.00006', '0.00002', '0.00042', '1.00000']
  '000.9333': ['1.310', '2.353', '0.080', '-0.16598', '0.98613', '-0.00043', '-0.98613',
    '-0.16598', '0.00007', '-0.00000', '0.00043', '1.00000']
  '001.0000': ['1.305', '2.326', '0.080', '-0.24161', '0.97037', '-0.00042', '-0.97037',
    '-0.24161', '0.00010', '-0.00000', '0.00043', '1.00000']
  '001.0667': ['1.299', '2.303', '0.080', '-0.32021', '0.94735', '-0.00041', '-0.94735',
    '-0.32021', '0.00012', '-0.00002', '0.00042', '1.00000']
  '001.1333': ['1.291', '2.281', '0.080', '-0.39982', '0.91659', '-0.00040', '-0.91660',
    '-0.39982', '0.00010', '-0.00007', '0.00041', '1.00000']
  '001.2000': ['1.283', '2.261', '0.080', '-0.48041', '0.87705', '-0.00043', '-0.87705',
    '-0.48041', '0.00008', '-0.00013', '0.00042', '1.00000']
  '001.2667': ['1.271', '2.240', '0.080', '-0.55966', '0.82872', '-0.00049', '-0.82872',
    '-0.55966', '0.00006', '-0.00022', '0.00044', '1.00000']
  '001.3333': ['1.256', '2.218', '0.080', '-0.63758', '0.77038', '-0.00049', '-0.77038',
    '-0.63758', '0.00006', '-0.00027', '0.00042', '1.00000']
  '001.4000': ['1.241', '2.201', '0.080', '-0.71258', '0.70159', '-0.00047', '-0.70159',
    '-0.71258', '0.00006', '-0.00029', '0.00038', '1.00000']
  '001.4667': ['1.224', '2.185', '0.080', '-0.78261', '0.62251', '-0.00051', '-0.62251',
    '-0.78261', '0.00008', '-0.00035', '0.00038', '1.00000']
  '001.5333': ['1.204', '2.170', '0.080', '-0.84559', '0.53383', '-0.00054', '-0.53383',
    '-0.84559', '0.00009', '-0.00041', '0.00036', '1.00000']
  '001.6000': ['1.182', '2.158', '0.080', '-0.89971', '0.43648', '-0.00056', '-0.43648',
    '-0.89972', '0.00010', '-0.00046', '0.00033', '1.00000']
  '001.6667': ['1.158', '2.147', '0.080', '-0.94392', '0.33016', '-0.00059', '-0.33016',
    '-0.94392', '0.00013', '-0.00052', '0.00031', '1.00000']
  '001.7333': ['1.136', '2.140', '0.080', '-0.97642', '0.21590', '-0.00059', '-0.21590',
    '-0.97642', '0.00013', '-0.00055', '0.00025', '1.00000']
  '001.8000': ['1.114', '2.134', '0.080', '-0.99579', '0.09164', '-0.00059', '-0.09164',
    '-0.99579', '0.00013', '-0.00058', '0.00019', '1.00000']
  '001.8667': ['1.093', '2.132', '0.080', '-0.99994', '-0.01051', '-0.00056', '0.01051',
    '-0.99994', '0.00014', '-0.00056', '0.00014', '1.00000']
  '001.9333': ['1.072', '2.133', '0.080', '-0.99895', '-0.04579', '-0.00056', '0.04579',
    '-0.99895', '0.00014', '-0.00056', '0.00012', '1.00000']
  '002.0000': ['1.049', '2.135', '0.080', '-0.99652', '-0.08338', '-0.00056', '0.08338',
    '-0.99652', '0.00017', '-0.00057', '0.00012', '1.00000']
  '002.0667': ['1.025', '2.138', '0.080', '-0.99292', '-0.11880', '-0.00056', '0.11880',
    '-0.99292', '0.00017', '-0.00057', '0.00010', '1.00000']
  '002.1333': ['1.001', '2.147', '0.080', '-0.98966', '-0.14342', '-0.00053', '0.14342',
    '-0.98966', '0.00016', '-0.00055', '0.00008', '1.00000']
  '002.2000': ['0.980', '2.153', '0.080', '-0.98709', '-0.16019', '-0.00050', '0.16019',
    '-0.98709', '0.00020', '-0.00053', '0.00011', '1.00000']
  '002.2667': ['0.959', '2.159', '0.080', '-0.98522', '-0.17129', '-0.00048', '0.17129',
    '-0.98522', '0.00019', '-0.00051', '0.00011', '1.00000']
  '002.3333': ['0.938', '2.164', '0.080', '-0.98396', '-0.17841', '-0.00051', '0.17841',
    '-0.98396', '0.00017', '-0.00053', '0.00008', '1.00000']
  '002.4000': ['0.918', '2.169', '0.080', '-0.99296', '-0.11848', '-0.00053', '0.11848',
    '-0.99296', '0.00014', '-0.00055', '0.00007', '1.00000']
  '002.4667': ['0.900', '2.171', '0.080', '-0.99955', '-0.03001', '-0.00056', '0.03001',
    '-0.99955', '0.00011', '-0.00057', '0.00009', '1.00000']
  '002.5333': ['0.890', '2.167', '0.080', '-0.99948', '-0.03237', '-0.00044', '0.03237',
    '-0.99948', '0.00009', '-0.00044', '0.00007', '1.00000']
  '002.6000': ['0.880', '2.162', '0.080', '-0.99926', '-0.03849', '-0.00033', '0.03849',
    '-0.99926', '0.00018', '-0.00034', '0.00016', '1.00000']
  '002.6667': ['0.860', '2.161', '0.080', '-0.99910', '-0.04244', '-0.00032', '0.04244',
    '-0.99910', '0.00018', '-0.00033', '0.00017', '1.00000']
  '002.7333': ['0.837', '2.163', '0.080', '-0.99908', '-0.04282', '-0.00032', '0.04282',
    '-0.99908', '0.00017', '-0.00033', '0.00016', '1.00000']
  '002.8000': ['0.816', '2.164', '0.080', '-0.99916', '-0.04086', '-0.00032', '0.04086',
    '-0.99916', '0.00016', '-0.00032', '0.00015', '1.00000']
  '002.8667': ['0.791', '2.166', '0.080', '-0.99931', '-0.03713', '-0.00034', '0.03713',
    '-0.99931', '0.00015', '-0.00035', '0.00014', '1.00000']
  '002.9333': ['0.765', '2.168', '0.080', '-0.99950', '-0.03149', '-0.00035', '0.03149',
    '-0.99950', '0.00014', '-0.00036', '0.00013', '1.00000']
  '003.0000': ['0.742', '2.169', '0.080', '-0.99968', '-0.02517', '-0.00035', '0.02517',
    '-0.99968', '0.00014', '-0.00035', '0.00013', '1.00000']
  '003.0667': ['0.717', '2.169', '0.080', '-0.99978', '-0.02086', '-0.00037', '0.02086',
    '-0.99978', '0.00011', '-0.00037', '0.00010', '1.00000']
  '003.1333': ['0.690', '2.170', '0.080', '-0.99987', '-0.01584', '-0.00039', '0.01584',
    '-0.99987', '0.00009', '-0.00039', '0.00008', '1.00000']
  '003.2000': ['0.667', '2.172', '0.080', '-0.99997', '-0.00756', '-0.00042', '0.00756',
    '-0.99997', '0.00007', '-0.00042', '0.00006', '1.00000']
  '003.2667': ['0.646', '2.171', '0.080', '-1.00000', '-0.00220', '-0.00044', '0.00220',
    '-1.00000', '0.00006', '-0.00044', '0.00006', '1.00000']
  '003.3333': ['0.626', '2.165', '0.080', '-0.99998', '-0.00632', '-0.00041', '0.00632',
    '-0.99998', '0.00006', '-0.00041', '0.00006', '1.00000']
  '003.4000': ['0.601', '2.164', '0.080', '-0.99991', '-0.01366', '-0.00042', '0.01366',
    '-0.99991', '0.00005', '-0.00042', '0.00005', '1.00000']
  '003.4667': ['0.576', '2.163', '0.080', '-0.99974', '-0.02287', '-0.00043', '0.02287',
    '-0.99974', '0.00005', '-0.00043', '0.00004', '1.00000']
  '003.5333': ['0.552', '2.164', '0.080', '-0.99948', '-0.03230', '-0.00041', '0.03230',
    '-0.99948', '0.00004', '-0.00042', '0.00002', '1.00000']
  '003.6000': ['0.529', '2.164', '0.080', '-0.99904', '-0.04384', '-0.00042', '0.04384',
    '-0.99904', '0.00003', '-0.00042', '0.00001', '1.00000']
  '003.6667': ['0.505', '2.165', '0.080', '-0.99910', '-0.04251', '-0.00043', '0.04251',
    '-0.99910', '0.00000', '-0.00043', '-0.00002', '1.00000']
  '003.7333': ['0.477', '2.166', '0.080', '-0.99899', '0.04489', '-0.00045', '-0.04489',
    '-0.99899', '-0.00002', '-0.00045', '0.00000', '1.00000']
  '003.8000': ['0.452', '2.166', '0.080', '-0.99109', '0.13319', '-0.00046', '-0.13319',
    '-0.99109', '-0.00004', '-0.00046', '0.00002', '1.00000']
  '003.8667': ['0.429', '2.163', '0.080', '-0.97463', '0.22381', '-0.00048', '-0.22381',
    '-0.97463', '-0.00006', '-0.00048', '0.00004', '1.00000']
  '003.9333': ['0.403', '2.158', '0.080', '-0.94831', '0.31735', '-0.00050', '-0.31735',
    '-0.94831', '-0.00007', '-0.00050', '0.00009', '1.00000']
  '004.0000': ['0.380', '2.151', '0.080', '-0.91095', '0.41252', '-0.00055', '-0.41252',
    '-0.91095', '-0.00010', '-0.00054', '0.00014', '1.00000']
  '004.0667': ['0.359', '2.142', '0.080', '-0.86224', '0.50649', '-0.00062', '-0.50649',
    '-0.86224', '-0.00012', '-0.00060', '0.00021', '1.00000']
  '004.1333': ['0.338', '2.131', '0.080', '-0.80011', '0.59986', '-0.00065', '-0.59986',
    '-0.80011', '-0.00016', '-0.00062', '0.00027', '1.00000']
  '004.2000': ['0.320', '2.117', '0.080', '-0.72495', '0.68880', '-0.00073', '-0.68880',
    '-0.72495', '-0.00018', '-0.00066', '0.00037', '1.00000']
  '004.2667': ['0.303', '2.100', '0.080', '-0.63653', '0.77125', '-0.00077', '-0.77125',
    '-0.63653', '-0.00024', '-0.00067', '0.00044', '1.00000']
  '004.3333': ['0.287', '2.080', '0.080', '-0.53590', '0.84428', '-0.00083', '-0.84428',
    '-0.53590', '-0.00028', '-0.00068', '0.00055', '1.00000']
  '004.4000': ['0.274', '2.060', '0.080', '-0.42333', '0.90598', '-0.00088', '-0.90598',
    '-0.42333', '-0.00030', '-0.00064', '0.00067', '1.00000']
  '004.4667': ['0.263', '2.038', '0.080', '-0.30849', '0.95123', '-0.00093', '-0.95123',
    '-0.30849', '-0.00033', '-0.00060', '0.00078', '1.00000']
  '004.5333': ['0.255', '2.013', '0.080', '-0.27400', '0.96173', '-0.00097', '-0.96173',
    '-0.27400', '-0.00034', '-0.00059', '0.00084', '1.00000']
  '004.6000': ['0.249', '1.989', '0.080', '-0.23870', '0.97109', '-0.00098', '-0.97109',
    '-0.23870', '-0.00032', '-0.00055', '0.00088', '1.00000']
  '004.6667': ['0.245', '1.965', '0.080', '-0.19975', '0.97985', '-0.00099', '-0.97985',
    '-0.19975', '-0.00036', '-0.00055', '0.00090', '1.00000']
  '004.7333': ['0.241', '1.942', '0.080', '-0.06973', '0.99757', '-0.00092', '-0.99757',
    '-0.06973', '-0.00036', '-0.00042', '0.00090', '1.00000']
  '004.8000': ['0.241', '1.921', '0.080', '-0.00176', '1.00000', '-0.00054', '-1.00000',
    '-0.00176', '-0.00010', '-0.00010', '0.00054', '1.00000']
  '004.8667': ['0.240', '1.898', '0.080', '0.02844', '0.99960', '-0.00048', '-0.99960',
    '0.02844', '-0.00008', '-0.00006', '0.00048', '1.00000']
  '004.9333': ['0.238', '1.884', '0.080', '0.06245', '0.99805', '-0.00062', '-0.99805',
    '0.06245', '0.00011', '0.00015', '0.00061', '1.00000']
  '005.0000': ['0.240', '1.863', '0.080', '0.03817', '0.99927', '-0.00063', '-0.99927',
    '0.03817', '0.00012', '0.00015', '0.00062', '1.00000']
  '005.0667': ['0.241', '1.839', '0.080', '-0.03162', '0.99950', '-0.00061', '-0.99950',
    '-0.03162', '0.00018', '0.00016', '0.00062', '1.00000']
  '005.1333': ['0.243', '1.815', '0.080', '-0.10611', '0.99435', '-0.00066', '-0.99435',
    '-0.10611', '0.00022', '0.00014', '0.00068', '1.00000']
  '005.2000': ['0.242', '1.790', '0.080', '-0.12717', '0.99188', '-0.00068', '-0.99188',
    '-0.12717', '0.00025', '0.00016', '0.00070', '1.00000']
  '005.2667': ['0.243', '1.766', '0.080', '-0.11479', '0.99339', '-0.00071', '-0.99339',
    '-0.11479', '0.00026', '0.00018', '0.00073', '1.00000']
  '005.3333': ['0.241', '1.739', '0.080', '-0.10492', '0.99448', '-0.00071', '-0.99448',
    '-0.10492', '0.00032', '0.00025', '0.00074', '1.00000']
  '005.4000': ['0.239', '1.714', '0.080', '-0.09678', '0.99531', '-0.00076', '-0.99531',
    '-0.09678', '0.00036', '0.00028', '0.00079', '1.00000']
  '005.4667': ['0.236', '1.688', '0.080', '-0.08845', '0.99608', '-0.00076', '-0.99608',
    '-0.08845', '0.00040', '0.00033', '0.00079', '1.00000']
  '005.5333': ['0.234', '1.664', '0.080', '-0.08033', '0.99677', '-0.00079', '-0.99677',
    '-0.08033', '0.00043', '0.00036', '0.00082', '1.00000']
  '005.6000': ['0.232', '1.639', '0.080', '-0.07084', '0.99749', '-0.00078', '-0.99749',
    '-0.07084', '0.00045', '0.00039', '0.00081', '1.00000']
  '005.6667': ['0.230', '1.613', '0.080', '-0.06016', '0.99819', '-0.00081', '-0.99819',
    '-0.06016', '0.00047', '0.00043', '0.00084', '1.00000']
  '005.7333': ['0.229', '1.589', '0.080', '-0.05015', '0.99874', '-0.00085', '-0.99874',
    '-0.05015', '0.00046', '0.00041', '0.00087', '1.00000']
  '005.8000': ['0.228', '1.564', '0.080', '-0.04000', '0.99920', '-0.00082', '-0.99920',
    '-0.04000', '0.00044', '0.00041', '0.00083', '1.00000']
  '005.8667': ['0.226', '1.539', '0.080', '-0.02876', '0.99959', '-0.00082', '-0.99959',
    '-0.02876', '0.00042', '0.00040', '0.00084', '1.00000']
  '005.9333': ['0.226', '1.515', '0.080', '-0.01737', '0.99985', '-0.00083', '-0.99985',
    '-0.01737', '0.00037', '0.00036', '0.00083', '1.00000']
  '006.0000': ['0.225', '1.489', '0.080', '-0.00576', '0.99998', '-0.00084', '-0.99998',
    '-0.00576', '0.00031', '0.00030', '0.00085', '1.00000']
  '006.0667': ['0.224', '1.463', '0.080', '0.00781', '0.99997', '-0.00080', '-0.99997',
    '0.00781', '0.00025', '0.00026', '0.00080', '1.00000']
  '006.1333': ['0.223', '1.435', '0.080', '0.02463', '0.99970', '-0.00072', '-0.99970',
    '0.02463', '0.00021', '0.00023', '0.00072', '1.00000']
  '006.2000': ['0.219', '1.404', '0.080', '0.05001', '0.99875', '-0.00041', '-0.99875',
    '0.05001', '0.00019', '0.00021', '0.00040', '1.00000']
  '006.2667': ['0.219', '1.377', '0.080', '0.07856', '0.99691', '-0.00036', '-0.99691',
    '0.07856', '0.00015', '0.00017', '0.00034', '1.00000']
  '006.3333': ['0.221', '1.351', '0.080', '0.05072', '0.99871', '-0.00032', '-0.99871',
    '0.05072', '0.00010', '0.00012', '0.00031', '1.00000']
  '006.4000': ['0.224', '1.326', '0.080', '-0.02693', '0.99964', '-0.00030', '-0.99964',
    '-0.02693', '0.00005', '0.00004', '0.00031', '1.00000']
  '006.4667': ['0.224', '1.301', '0.080', '-0.10820', '0.99413', '-0.00028', '-0.99413',
    '-0.10820', '0.00003', '-0.00000', '0.00028', '1.00000']
  '006.5333': ['0.223', '1.276', '0.080', '-0.12884', '0.99166', '-0.00029', '-0.99166',
    '-0.12884', '-0.00001', '-0.00005', '0.00029', '1.00000']
  '006.6000': ['0.220', '1.251', '0.080', '-0.11667', '0.99317', '-0.00027', '-0.99317',
    '-0.11667', '-0.00004', '-0.00007', '0.00027', '1.00000']
  '006.6667': ['0.217', '1.227', '0.080', '-0.10583', '0.99438', '-0.00027', '-0.99438',
    '-0.10583', '-0.00007', '-0.00010', '0.00027', '1.00000']
  '006.7333': ['0.214', '1.201', '0.080', '-0.09537', '0.99544', '-0.00027', '-0.99544',
    '-0.09537', '-0.00008', '-0.00011', '0.00026', '1.00000']
  '006.8000': ['0.211', '1.173', '0.080', '-0.08445', '0.99643', '-0.00026', '-0.99643',
    '-0.08445', '-0.00011', '-0.00013', '0.00025', '1.00000']
  '006.8667': ['0.209', '1.140', '0.080', '-0.07409', '0.99725', '-0.00023', '-0.99725',
    '-0.07409', '-0.00011', '-0.00013', '0.00022', '1.00000']
  '006.9333': ['0.207', '1.091', '0.080', '-0.06870', '0.99764', '0.00001', '-0.99764',
    '-0.06870', '0.00008', '0.00008', '-0.00001', '1.00000']
  '007.0000': ['0.206', '1.048', '0.080', '-0.06481', '0.99790', '0.00005', '-0.99790',
    '-0.06481', '0.00011', '0.00012', '-0.00004', '1.00000']
  '007.0667': ['0.204', '1.012', '0.080', '0.03812', '0.99927', '0.00005', '-0.99927',
    '0.03812', '0.00012', '0.00011', '-0.00006', '1.00000']
  '007.1333': ['0.205', '0.980', '0.080', '0.14037', '0.99010', '0.00005', '-0.99010',
    '0.14037', '0.00011', '0.00011', '-0.00006', '1.00000']
  '007.2000': ['0.208', '0.951', '0.080', '0.24189', '0.97030', '0.00004', '-0.97030',
    '0.24189', '0.00011', '0.00009', '-0.00007', '1.00000']
  '007.2667': ['0.214', '0.924', '0.080', '0.34168', '0.93982', '0.00004', '-0.93982',
    '0.34168', '0.00010', '0.00008', '-0.00008', '1.00000']
  '007.3333': ['0.222', '0.900', '0.080', '0.43805', '0.89895', '0.00004', '-0.89895',
    '0.43805', '0.00010', '0.00007', '-0.00008', '1.00000']
  '007.4000': ['0.232', '0.877', '0.080', '0.52962', '0.84824', '0.00004', '-0.84824',
    '0.52962', '0.00010', '0.00007', '-0.00009', '1.00000']
  '007.4667': ['0.245', '0.856', '0.080', '0.61539', '0.78823', '0.00004', '-0.78823',
    '0.61539', '0.00010', '0.00006', '-0.00010', '1.00000']
  '007.5333': ['0.260', '0.836', '0.080', '0.69441', '0.71958', '0.00004', '-0.71958',
    '0.69441', '0.00010', '0.00005', '-0.00010', '1.00000']
  '007.6000': ['0.277', '0.817', '0.080', '0.76583', '0.64305', '0.00004', '-0.64305',
    '0.76583', '0.00010', '0.00003', '-0.00011', '1.00000']
  '007.6667': ['0.296', '0.800', '0.080', '0.82885', '0.55947', '0.00004', '-0.55947',
    '0.82885', '0.00010', '0.00002', '-0.00011', '1.00000']
  '007.7333': ['0.316', '0.786', '0.080', '0.88279', '0.46976', '0.00004', '-0.46976',
    '0.88279', '0.00010', '0.00001', '-0.00011', '1.00000']
  '007.8000': ['0.338', '0.773', '0.080', '0.92602', '0.37748', '0.00004', '-0.37748',
    '0.92602', '0.00010', '-0.00000', '-0.00011', '1.00000']
  '007.8667': ['0.362', '0.764', '0.080', '0.92602', '0.37748', '0.00004', '-0.37748',
    '0.92602', '0.00010', '-0.00000', '-0.00011', '1.00000']
  '007.9333': ['0.385', '0.754', '0.080', '0.92602', '0.37748', '0.00004', '-0.37748',
    '0.92602', '0.00010', '-0.00000', '-0.00011', '1.00000']
  '008.0000': ['0.408', '0.745', '0.080', '0.92337', '0.38391', '0.00004', '-0.38391',
    '0.92337', '0.00010', '0.00000', '-0.00011', '1.00000']
  '008.0667': ['0.432', '0.736', '0.080', '0.87818', '0.47833', '0.00004', '-0.47833',
    '0.87818', '0.00010', '0.00001', '-0.00011', '1.00000']
  '008.1333': ['0.454', '0.725', '0.080', '0.82337', '0.56751', '0.00004', '-0.56751',
    '0.82337', '0.00010', '0.00002', '-0.00011', '1.00000']
  '008.2000': ['0.475', '0.711', '0.080', '0.75953', '0.65047', '0.00004', '-0.65047',
    '0.75953', '0.00010', '0.00004', '-0.00011', '1.00000']
  '008.2667': ['0.495', '0.695', '0.080', '0.68738', '0.72630', '0.00004', '-0.72630',
    '0.68738', '0.00010', '0.00005', '-0.00010', '1.00000']
  '008.3333': ['0.513', '0.678', '0.080', '0.60769', '0.79417', '0.00004', '-0.79417',
    '0.60769', '0.00010', '0.00006', '-0.00010', '1.00000']
  '008.4000': ['0.528', '0.658', '0.080', '0.52134', '0.85335', '0.00004', '-0.85335',
    '0.52134', '0.00010', '0.00007', '-0.00009', '1.00000']
  '008.4667': ['0.542', '0.637', '0.080', '0.42928', '0.90317', '0.00004', '-0.90317',
    '0.42928', '0.00010', '0.00008', '-0.00008', '1.00000']
  '008.5333': ['0.553', '0.614', '0.080', '0.33252', '0.94310', '0.00004', '-0.94310',
    '0.33252', '0.00010', '0.00008', '-0.00007', '1.00000']
  '008.6000': ['0.563', '0.591', '0.080', '0.23211', '0.97269', '0.00004', '-0.97269',
    '0.23211', '0.00010', '0.00009', '-0.00007', '1.00000']
