begin_time_stamp: 1574101494.3999977
data_header:
  time_stamp: [x, y, z, R11, R12, R13, R21, R22, R23, R31, R32, R33]
trajectory_data:
  '000.0000': ['0.377', '1.180', '0.080', '-0.19937', '-0.97992', '-0.00001', '0.97992',
    '-0.19937', '0.00011', '-0.00011', '0.00001', '1.00000']
  '000.0667': ['0.372', '1.204', '0.080', '-0.19991', '-0.97981', '-0.00001', '0.97981',
    '-0.19991', '0.00015', '-0.00015', '0.00002', '1.00000']
  '000.1333': ['0.367', '1.227', '0.080', '-0.19988', '-0.97982', '-0.00001', '0.97982',
    '-0.19988', '0.00017', '-0.00017', '0.00003', '1.00000']
  '000.2000': ['0.363', '1.249', '0.080', '-0.20068', '-0.97966', '-0.00002', '0.97966',
    '-0.20068', '0.00019', '-0.00019', '0.00002', '1.00000']
  '000.2667': ['0.359', '1.271', '0.080', '-0.20240', '-0.97930', '-0.00001', '0.97930',
    '-0.20240', '0.00020', '-0.00020', '0.00003', '1.00000']
  '000.3333': ['0.355', '1.291', '0.080', '-0.20504', '-0.97875', '-0.00001', '0.97875',
    '-0.20504', '0.00020', '-0.00020', '0.00003', '1.00000']
  '000.4000': ['0.350', '1.306', '0.080', '-0.13403', '-0.99098', '0.00000', '0.99098',
    '-0.13403', '0.00024', '-0.00024', '0.00003', '1.00000']
  '000.4667': ['0.344', '1.311', '0.080', '-0.03547', '-0.99937', '0.00013', '0.99937',
    '-0.03547', '0.00024', '-0.00024', '0.00013', '1.00000']
  '000.5333': ['0.343', '1.328', '0.080', '-0.02647', '-0.99965', '0.00015', '0.99965',
    '-0.02647', '0.00025', '-0.00024', '0.00015', '1.00000']
  '000.6000': ['0.342', '1.356', '0.080', '-0.01709', '-0.99985', '0.00013', '0.99985',
    '-0.01709', '0.00026', '-0.00026', '0.00013', '1.00000']
  '000.6667': ['0.343', '1.397', '0.080', '-0.01136', '-0.99994', '0.00001', '0.99994',
    '-0.01136', '0.00031', '-0.00031', '0.00001', '1.00000']
  '000.7333': ['0.343', '1.426', '0.080', '0.09776', '-0.99521', '0.00001', '0.99521',
    '0.09776', '0.00036', '-0.00036', '-0.00002', '1.00000']
  '000.8000': ['0.344', '1.452', '0.080', '0.15285', '-0.98825', '0.00002', '0.98825',
    '0.15285', '0.00038', '-0.00038', '-0.00004', '1.00000']
  '000.8667': ['0.349', '1.478', '0.080', '0.16288', '-0.98665', '-0.00001', '0.98665',
    '0.16288', '0.00040', '-0.00039', '-0.00008', '1.00000']
  '000.9333': ['0.355', '1.509', '0.080', '0.17063', '-0.98534', '-0.00018', '0.98534',
    '0.17062', '0.00049', '-0.00045', '-0.00026', '1.00000']
  '001.0000': ['0.361', '1.536', '0.080', '0.17652', '-0.98430', '-0.00021', '0.98430',
    '0.17652', '0.00050', '-0.00046', '-0.00030', '1.00000']
  '001.0667': ['0.366', '1.559', '0.080', '0.18133', '-0.98342', '-0.00022', '0.98342',
    '0.18133', '0.00050', '-0.00046', '-0.00031', '1.00000']
  '001.1333': ['0.372', '1.582', '0.080', '0.09519', '-0.99546', '-0.00027', '0.99546',
    '0.09519', '0.00050', '-0.00047', '-0.00031', '1.00000']
  '001.2000': ['0.375', '1.604', '0.080', '0.03714', '-0.99931', '-0.00026', '0.99931',
    '0.03714', '0.00052', '-0.00051', '-0.00028', '1.00000']
  '001.2667': ['0.377', '1.627', '0.080', '0.03247', '-0.99947', '-0.00025', '0.99947',
    '0.03247', '0.00055', '-0.00054', '-0.00026', '1.00000']
  '001.3333': ['0.379', '1.651', '0.080', '0.02398', '-0.99971', '-0.00025', '0.99971',
    '0.02398', '0.00056', '-0.00055', '-0.00026', '1.00000']
  '001.4000': ['0.380', '1.675', '0.080', '0.01298', '-0.99992', '-0.00026', '0.99992',
    '0.01298', '0.00052', '-0.00052', '-0.00027', '1.00000']
  '001.4667': ['0.380', '1.699', '0.080', '0.00203', '-1.00000', '-0.00028', '1.00000',
    '0.00203', '0.00052', '-0.00052', '-0.00028', '1.00000']
  '001.5333': ['0.381', '1.721', '0.080', '-0.01115', '-0.99994', '-0.00030', '0.99994',
    '-0.01115', '0.00051', '-0.00051', '-0.00029', '1.00000']
  '001.6000': ['0.381', '1.744', '0.080', '0.01254', '-0.99992', '-0.00029', '0.99992',
    '0.01254', '0.00049', '-0.00048', '-0.00030', '1.00000']
  '001.6667': ['0.381', '1.765', '0.080', '0.09893', '-0.99509', '-0.00030', '0.99509',
    '0.09893', '0.00044', '-0.00041', '-0.00034', '1.00000']
  '001.7333': ['0.382', '1.782', '0.080', '0.09338', '-0.99563', '-0.00028', '0.99563',
    '0.09338', '0.00038', '-0.00035', '-0.00031', '1.00000']
  '001.8000': ['0.383', '1.789', '0.080', '0.07757', '-0.99699', '-0.00018', '0.99699',
    '0.07757', '0.00014', '-0.00013', '-0.00019', '1.00000']
  '001.8667': ['0.383', '1.808', '0.080', '0.06369', '-0.99797', '-0.00015', '0.99797',
    '0.06369', '0.00010', '-0.00009', '-0.00016', '1.00000']
  '001.9333': ['0.383', '1.830', '0.080', '0.05278', '-0.99861', '-0.00015', '0.99861',
    '0.05278', '0.00008', '-0.00007', '-0.00015', '1.00000']
  '002.0000': ['0.378', '1.856', '0.080', '0.05281', '-0.99860', '-0.00031', '0.99860',
    '0.05281', '0.00000', '0.00001', '-0.00031', '1.00000']
  '002.0667': ['0.379', '1.878', '0.080', '0.05069', '-0.99871', '-0.00033', '0.99871',
    '0.05069', '0.00003', '-0.00002', '-0.00033', '1.00000']
  '002.1333': ['0.380', '1.900', '0.080', '0.04650', '-0.99892', '-0.00033', '0.99892',
    '0.04650', '0.00006', '-0.00005', '-0.00033', '1.00000']
  '002.2000': ['0.381', '1.921', '0.080', '0.03952', '-0.99922', '-0.00032', '0.99922',
    '0.03952', '0.00008', '-0.00006', '-0.00032', '1.00000']
  '002.2667': ['0.379', '1.941', '0.080', '0.03398', '-0.99942', '-0.00031', '0.99942',
    '0.03398', '0.00006', '-0.00005', '-0.00031', '1.00000']
  '002.3333': ['0.372', '1.954', '0.080', '-0.04278', '-0.99908', '-0.00033', '0.99908',
    '-0.04278', '-0.00011', '0.00010', '-0.00033', '1.00000']
  '002.4000': ['0.369', '1.975', '0.080', '-0.10887', '-0.99406', '-0.00031', '0.99406',
    '-0.10887', '-0.00014', '0.00010', '-0.00032', '1.00000']
  '002.4667': ['0.366', '1.999', '0.080', '-0.10514', '-0.99446', '-0.00029', '0.99446',
    '-0.10514', '-0.00012', '0.00009', '-0.00030', '1.00000']
  '002.5333': ['0.365', '2.022', '0.080', '-0.10703', '-0.99426', '-0.00029', '0.99426',
    '-0.10703', '-0.00010', '0.00007', '-0.00030', '1.00000']
  '002.6000': ['0.364', '2.045', '0.080', '-0.11273', '-0.99363', '-0.00028', '0.99363',
    '-0.11273', '-0.00010', '0.00007', '-0.00029', '1.00000']
  '002.6667': ['0.362', '2.066', '0.080', '-0.12124', '-0.99262', '-0.00027', '0.99262',
    '-0.12124', '-0.00008', '0.00005', '-0.00027', '1.00000']
  '002.7333': ['0.359', '2.089', '0.080', '-0.13103', '-0.99138', '-0.00026', '0.99138',
    '-0.13103', '-0.00009', '0.00006', '-0.00027', '1.00000']
  '002.8000': ['0.355', '2.114', '0.080', '-0.12439', '-0.99223', '-0.00022', '0.99223',
    '-0.12439', '-0.00011', '0.00008', '-0.00023', '1.00000']
  '002.8667': ['0.352', '2.138', '0.080', '-0.03190', '-0.99949', '-0.00025', '0.99949',
    '-0.03190', '-0.00009', '0.00008', '-0.00025', '1.00000']
  '002.9333': ['0.350', '2.160', '0.080', '-0.00695', '-0.99998', '-0.00025', '0.99998',
    '-0.00695', '-0.00009', '0.00009', '-0.00025', '1.00000']
  '003.0000': ['0.349', '2.184', '0.080', '-0.00837', '-0.99996', '-0.00022', '0.99996',
    '-0.00837', '-0.00010', '0.00010', '-0.00023', '1.00000']
  '003.0667': ['0.348', '2.212', '0.080', '-0.00627', '-0.99998', '-0.00020', '0.99998',
    '-0.00627', '-0.00008', '0.00008', '-0.00020', '1.00000']
  '003.1333': ['0.347', '2.237', '0.080', '-0.00203', '-1.00000', '-0.00018', '1.00000',
    '-0.00203', '-0.00009', '0.00009', '-0.00018', '1.00000']
  '003.2000': ['0.346', '2.259', '0.080', '0.00266', '-1.00000', '-0.00017', '1.00000',
    '0.00266', '-0.00008', '0.00008', '-0.00017', '1.00000']
  '003.2667': ['0.346', '2.281', '0.080', '0.00859', '-0.99996', '-0.00015', '0.99996',
    '0.00859', '-0.00009', '0.00009', '-0.00015', '1.00000']
  '003.3333': ['0.346', '2.304', '0.080', '0.01412', '-0.99990', '-0.00016', '0.99990',
    '0.01412', '-0.00007', '0.00008', '-0.00016', '1.00000']
  '003.4000': ['0.347', '2.330', '0.080', '0.01980', '-0.99980', '-0.00017', '0.99980',
    '0.01980', '-0.00006', '0.00006', '-0.00016', '1.00000']
  '003.4667': ['0.346', '2.353', '0.080', '0.02704', '-0.99963', '-0.00016', '0.99963',
    '0.02704', '-0.00004', '0.00004', '-0.00016', '1.00000']
  '003.5333': ['0.346', '2.377', '0.080', '0.03633', '-0.99934', '-0.00017', '0.99934',
    '0.03633', '-0.00001', '0.00002', '-0.00017', '1.00000']
  '003.6000': ['0.347', '2.401', '0.080', '0.04681', '-0.99890', '-0.00016', '0.99890',
    '0.04681', '0.00000', '0.00000', '-0.00016', '1.00000']
  '003.6667': ['0.346', '2.424', '0.080', '0.06060', '-0.99816', '-0.00011', '0.99816',
    '0.06060', '-0.00001', '0.00001', '-0.00011', '1.00000']
  '003.7333': ['0.348', '2.443', '0.080', '0.07467', '-0.99721', '-0.00008', '0.99721',
    '0.07467', '-0.00000', '0.00001', '-0.00008', '1.00000']
  '003.8000': ['0.351', '2.454', '0.080', '0.08493', '-0.99639', '0.00006', '0.99639',
    '0.08493', '-0.00014', '0.00013', '0.00007', '1.00000']
  '003.8667': ['0.360', '2.484', '0.080', '0.08225', '-0.99661', '0.00003', '0.99661',
    '0.08225', '0.00014', '-0.00014', '0.00002', '1.00000']
  '003.9333': ['0.365', '2.511', '0.080', '0.07474', '-0.99720', '0.00001', '0.99720',
    '0.07474', '0.00018', '-0.00018', '-0.00001', '1.00000']
  '004.0000': ['0.368', '2.538', '0.080', '0.06579', '-0.99783', '-0.00002', '0.99783',
    '0.06579', '0.00016', '-0.00016', '-0.00004', '1.00000']
  '004.0667': ['0.370', '2.560', '0.080', '0.05683', '-0.99838', '-0.00002', '0.99838',
    '0.05683', '0.00015', '-0.00014', '-0.00003', '1.00000']
  '004.1333': ['0.370', '2.577', '0.080', '0.04882', '-0.99881', '0.00000', '0.99881',
    '0.04882', '0.00022', '-0.00022', '-0.00001', '1.00000']
  '004.2000': ['0.368', '2.580', '0.080', '0.04372', '-0.99904', '0.00019', '0.99904',
    '0.04372', '0.00068', '-0.00068', '0.00016', '1.00000']
  '004.2667': ['0.369', '2.599', '0.080', '0.04191', '-0.99912', '0.00020', '0.99912',
    '0.04191', '0.00077', '-0.00077', '0.00017', '1.00000']
  '004.3333': ['0.367', '2.624', '0.080', '0.04806', '-0.99884', '0.00019', '0.99884',
    '0.04806', '0.00058', '-0.00059', '0.00016', '1.00000']
  '004.4000': ['0.365', '2.651', '0.080', '0.06351', '-0.99798', '0.00034', '0.99798',
    '0.06351', '0.00053', '-0.00055', '0.00030', '1.00000']
  '004.4667': ['0.367', '2.676', '0.080', '0.07947', '-0.99684', '0.00035', '0.99684',
    '0.07947', '0.00047', '-0.00050', '0.00031', '1.00000']
  '004.5333': ['0.370', '2.700', '0.080', '0.09202', '-0.99576', '0.00048', '0.99576',
    '0.09202', '0.00064', '-0.00068', '0.00042', '1.00000']
  '004.6000': ['0.376', '2.723', '0.080', '0.09701', '-0.99528', '0.00037', '0.99528',
    '0.09701', '0.00059', '-0.00063', '0.00031', '1.00000']
  '004.6667': ['0.382', '2.748', '0.080', '0.09417', '-0.99556', '-0.00005', '0.99556',
    '0.09417', '0.00022', '-0.00021', '-0.00007', '1.00000']
  '004.7333': ['0.386', '2.774', '0.080', '0.08941', '-0.99600', '-0.00006', '0.99600',
    '0.08941', '0.00023', '-0.00022', '-0.00008', '1.00000']
  '004.8000': ['0.390', '2.802', '0.080', '0.08057', '-0.99675', '-0.00007', '0.99675',
    '0.08057', '0.00021', '-0.00021', '-0.00009', '1.00000']
  '004.8667': ['0.393', '2.826', '0.080', '0.06869', '-0.99764', '-0.00007', '0.99764',
    '0.06869', '0.00020', '-0.00020', '-0.00008', '1.00000']
  '004.9333': ['0.399', '2.854', '0.080', '0.09470', '-0.99551', '-0.00011', '0.99551',
    '0.09470', '0.00014', '-0.00013', '-0.00013', '1.00000']
  '005.0000': ['0.404', '2.879', '0.080', '0.17051', '-0.98536', '-0.00013', '0.98536',
    '0.17051', '0.00015', '-0.00013', '-0.00015', '1.00000']
  '005.0667': ['0.411', '2.908', '0.080', '0.24344', '-0.96992', '-0.00010', '0.96992',
    '0.24344', '0.00016', '-0.00013', '-0.00014', '1.00000']
  '005.1333': ['0.417', '2.939', '0.080', '0.32019', '-0.94735', '-0.00005', '0.94735',
    '0.32019', '0.00016', '-0.00013', '-0.00010', '1.00000']
  '005.2000': ['0.425', '2.965', '0.080', '0.40019', '-0.91643', '-0.00009', '0.91643',
    '0.40019', '0.00013', '-0.00009', '-0.00013', '1.00000']
  '005.2667': ['0.434', '2.988', '0.080', '0.48408', '-0.87502', '-0.00010', '0.87502',
    '0.48408', '0.00011', '-0.00004', '-0.00014', '1.00000']
  '005.3333': ['0.447', '3.013', '0.080', '0.56786', '-0.82313', '-0.00011', '0.82313',
    '0.56786', '0.00009', '-0.00001', '-0.00015', '1.00000']
  '005.4000': ['0.461', '3.034', '0.080', '0.64904', '-0.76075', '-0.00007', '0.76075',
    '0.64904', '0.00009', '-0.00002', '-0.00011', '1.00000']
  '005.4667': ['0.479', '3.054', '0.080', '0.72517', '-0.68857', '-0.00007', '0.68857',
    '0.72517', '0.00009', '-0.00001', '-0.00011', '1.00000']
  '005.5333': ['0.497', '3.072', '0.080', '0.79547', '-0.60600', '-0.00005', '0.60600',
    '0.79547', '0.00008', '-0.00001', '-0.00009', '1.00000']
  '005.6000': ['0.517', '3.086', '0.080', '0.85764', '-0.51425', '-0.00004', '0.51425',
    '0.85764', '0.00009', '-0.00001', '-0.00010', '1.00000']
  '005.6667': ['0.538', '3.099', '0.080', '0.91040', '-0.41373', '-0.00004', '0.41373',
    '0.91040', '0.00011', '-0.00001', '-0.00011', '1.00000']
  '005.7333': ['0.562', '3.109', '0.080', '0.95235', '-0.30501', '-0.00003', '0.30501',
    '0.95235', '0.00010', '-0.00000', '-0.00011', '1.00000']
  '005.8000': ['0.584', '3.117', '0.080', '0.98218', '-0.18792', '-0.00001', '0.18792',
    '0.98218', '0.00007', '-0.00001', '-0.00007', '1.00000']
  '005.8667': ['0.607', '3.122', '0.080', '0.99036', '-0.13853', '-0.00000', '0.13853',
    '0.99036', '0.00007', '-0.00001', '-0.00007', '1.00000']
  '005.9333': ['0.629', '3.126', '0.080', '0.99386', '-0.11062', '0.00001', '0.11062',
    '0.99386', '0.00007', '-0.00002', '-0.00007', '1.00000']
  '006.0000': ['0.652', '3.127', '0.080', '0.99641', '-0.08470', '0.00002', '0.08470',
    '0.99641', '0.00009', '-0.00003', '-0.00009', '1.00000']
  '006.0667': ['0.678', '3.128', '0.080', '0.99814', '-0.06099', '0.00002', '0.06099',
    '0.99814', '0.00006', '-0.00002', '-0.00006', '1.00000']
  '006.1333': ['0.700', '3.127', '0.080', '0.99902', '-0.04433', '0.00002', '0.04433',
    '0.99902', '0.00007', '-0.00002', '-0.00007', '1.00000']
  '006.2000': ['0.725', '3.128', '0.080', '0.99954', '-0.03046', '0.00003', '0.03046',
    '0.99954', '0.00006', '-0.00004', '-0.00006', '1.00000']
  '006.2667': ['0.757', '3.130', '0.080', '0.99987', '-0.01639', '0.00000', '0.01639',
    '0.99987', '0.00010', '-0.00000', '-0.00010', '1.00000']
  '006.3333': ['0.783', '3.130', '0.080', '0.99999', '-0.00442', '-0.00001', '0.00442',
    '0.99999', '0.00011', '0.00000', '-0.00011', '1.00000']
  '006.4000': ['0.806', '3.129', '0.080', '1.00000', '0.00304', '0.00000', '-0.00304',
    '1.00000', '0.00008', '-0.00000', '-0.00008', '1.00000']
  '006.4667': ['0.826', '3.126', '0.080', '0.99999', '0.00421', '0.00004', '-0.00421',
    '0.99999', '0.00006', '-0.00004', '-0.00006', '1.00000']
  '006.5333': ['0.848', '3.132', '0.080', '0.99991', '0.01310', '-0.00016', '-0.01310',
    '0.99991', '0.00017', '0.00016', '-0.00017', '1.00000']
  '006.6000': ['0.872', '3.133', '0.080', '0.99980', '0.02005', '-0.00016', '-0.02005',
    '0.99980', '0.00018', '0.00017', '-0.00017', '1.00000']
  '006.6667': ['0.895', '3.132', '0.080', '0.99977', '0.02143', '-0.00016', '-0.02143',
    '0.99977', '0.00017', '0.00016', '-0.00017', '1.00000']
  '006.7333': ['0.916', '3.135', '0.080', '0.99972', '0.02383', '-0.00020', '-0.02383',
    '0.99972', '0.00021', '0.00021', '-0.00020', '1.00000']
  '006.8000': ['0.934', '3.136', '0.080', '0.99969', '0.02506', '-0.00018', '-0.02506',
    '0.99969', '0.00021', '0.00018', '-0.00021', '1.00000']
  '006.8667': ['0.941', '3.140', '0.080', '0.99954', '0.03016', '-0.00025', '-0.03016',
    '0.99954', '0.00030', '0.00026', '-0.00029', '1.00000']
  '006.9333': ['0.951', '3.150', '0.080', '0.99883', '0.04831', '-0.00032', '-0.04831',
    '0.99883', '0.00043', '0.00034', '-0.00042', '1.00000']
  '007.0000': ['0.955', '3.164', '0.080', '0.99627', '0.08628', '-0.00049', '-0.08628',
    '0.99627', '0.00070', '0.00055', '-0.00066', '1.00000']
  '007.0667': ['0.972', '3.167', '0.080', '0.99170', '0.12858', '-0.00043', '-0.12858',
    '0.99170', '0.00073', '0.00052', '-0.00067', '1.00000']
  '007.1333': ['0.990', '3.164', '0.080', '0.98586', '0.16759', '-0.00043', '-0.16759',
    '0.98586', '0.00079', '0.00055', '-0.00071', '1.00000']
  '007.2000': ['1.013', '3.159', '0.080', '0.99090', '0.13460', '-0.00050', '-0.13460',
    '0.99090', '0.00079', '0.00060', '-0.00071', '1.00000']
  '007.2667': ['1.035', '3.153', '0.080', '0.99809', '0.06182', '-0.00055', '-0.06181',
    '0.99809', '0.00076', '0.00060', '-0.00072', '1.00000']
  '007.3333': ['1.060', '3.149', '0.080', '0.99848', '0.05513', '-0.00057', '-0.05513',
    '0.99848', '0.00078', '0.00061', '-0.00075', '1.00000']
  '007.4000': ['1.083', '3.144', '0.080', '0.99778', '0.06665', '-0.00052', '-0.06665',
    '0.99778', '0.00080', '0.00057', '-0.00076', '1.00000']
  '007.4667': ['1.111', '3.139', '0.080', '0.99771', '0.06764', '-0.00046', '-0.06764',
    '0.99771', '0.00085', '0.00051', '-0.00082', '1.00000']
  '007.5333': ['1.137', '3.135', '0.080', '0.99813', '0.06106', '-0.00046', '-0.06106',
    '0.99813', '0.00084', '0.00051', '-0.00081', '1.00000']
  '007.6000': ['1.162', '3.131', '0.080', '0.99882', '0.04856', '-0.00047', '-0.04856',
    '0.99882', '0.00082', '0.00051', '-0.00079', '1.00000']
  '007.6667': ['1.185', '3.129', '0.080', '0.99949', '0.03206', '-0.00044', '-0.03206',
    '0.99949', '0.00086', '0.00047', '-0.00085', '1.00000']
  '007.7333': ['1.209', '3.129', '0.080', '0.99991', '0.01361', '-0.00043', '-0.01361',
    '0.99991', '0.00089', '0.00044', '-0.00088', '1.00000']
  '007.8000': ['1.239', '3.132', '0.080', '0.99851', '-0.05466', '-0.00036', '0.05466',
    '0.99850', '0.00086', '0.00032', '-0.00088', '1.00000']
  '007.8667': ['1.284', '3.146', '0.080', '0.98936', '-0.14547', '0.00011', '0.14547',
    '0.98936', '0.00068', '-0.00021', '-0.00066', '1.00000']
  '007.9333': ['1.333', '3.153', '0.080', '0.98789', '-0.15517', '-0.00024', '0.15517',
    '0.98789', '0.00058', '0.00015', '-0.00061', '1.00000']
  '008.0000': ['1.377', '3.163', '0.080', '0.98791', '-0.15503', '-0.00025', '0.15503',
    '0.98791', '0.00059', '0.00015', '-0.00062', '1.00000']
  '008.0667': ['1.419', '3.173', '0.080', '0.98861', '-0.15052', '-0.00019', '0.15052',
    '0.98861', '0.00063', '0.00009', '-0.00065', '1.00000']
  '008.1333': ['1.460', '3.185', '0.080', '0.99024', '-0.13936', '-0.00010', '0.13936',
    '0.99024', '0.00071', '-0.00000', '-0.00072', '1.00000']
  '008.2000': ['1.509', '3.201', '0.080', '0.99383', '-0.11087', '0.00005', '0.11087',
    '0.99383', '0.00096', '-0.00016', '-0.00095', '1.00000']
  '008.2667': ['1.545', '3.208', '0.080', '0.99693', '-0.07827', '0.00026', '0.07827',
    '0.99693', '0.00099', '-0.00033', '-0.00097', '1.00000']
  '008.3333': ['1.575', '3.211', '0.080', '0.99884', '-0.04806', '0.00045', '0.04806',
    '0.99884', '0.00096', '-0.00049', '-0.00093', '1.00000']
  '008.4000': ['1.604', '3.212', '0.080', '0.99976', '-0.02187', '0.00061', '0.02187',
    '0.99976', '0.00092', '-0.00063', '-0.00090', '1.00000']
  '008.4667': ['1.631', '3.211', '0.080', '1.00000', '-0.00139', '0.00073', '0.00138',
    '1.00000', '0.00092', '-0.00073', '-0.00092', '1.00000']
  '008.5333': ['1.656', '3.209', '0.080', '0.99991', '0.01321', '0.00081', '-0.01321',
    '0.99991', '0.00090', '-0.00080', '-0.00091', '1.00000']
  '008.6000': ['1.684', '3.207', '0.080', '0.99975', '0.02213', '0.00082', '-0.02213',
    '0.99975', '0.00089', '-0.00080', '-0.00091', '1.00000']
  '008.6667': ['1.709', '3.204', '0.080', '0.99970', '0.02466', '0.00086', '-0.02466',
    '0.99970', '0.00088', '-0.00083', '-0.00090', '1.00000']
  '008.7333': ['1.734', '3.204', '0.080', '0.99970', '0.02466', '0.00086', '-0.02466',
    '0.99970', '0.00088', '-0.00083', '-0.00090', '1.00000']
  '008.8000': ['1.759', '3.203', '0.080', '0.99970', '0.02466', '0.00086', '-0.02466',
    '0.99970', '0.00088', '-0.00083', '-0.00090', '1.00000']
  '008.8667': ['1.785', '3.202', '0.080', '0.99970', '0.02466', '0.00086', '-0.02466',
    '0.99970', '0.00088', '-0.00083', '-0.00090', '1.00000']
  '008.9333': ['1.810', '3.202', '0.080', '0.99970', '0.02466', '0.00086', '-0.02466',
    '0.99970', '0.00088', '-0.00083', '-0.00090', '1.00000']
  '009.0000': ['1.835', '3.201', '0.080', '0.99970', '0.02466', '0.00086', '-0.02466',
    '0.99970', '0.00088', '-0.00083', '-0.00090', '1.00000']
  '009.0667': ['1.860', '3.200', '0.080', '0.99970', '0.02466', '0.00086', '-0.02466',
    '0.99970', '0.00088', '-0.00083', '-0.00090', '1.00000']
  '009.1333': ['1.886', '3.200', '0.080', '0.99970', '0.02466', '0.00086', '-0.02466',
    '0.99970', '0.00088', '-0.00083', '-0.00090', '1.00000']
  '009.2000': ['1.911', '3.199', '0.080', '0.99970', '0.02466', '0.00086', '-0.02466',
    '0.99970', '0.00088', '-0.00083', '-0.00090', '1.00000']
  '009.2667': ['1.936', '3.199', '0.080', '0.99970', '0.02466', '0.00086', '-0.02466',
    '0.99970', '0.00088', '-0.00083', '-0.00090', '1.00000']
  '009.3333': ['1.961', '3.198', '0.080', '0.99970', '0.02466', '0.00086', '-0.02466',
    '0.99970', '0.00088', '-0.00083', '-0.00090', '1.00000']
  '009.4000': ['1.987', '3.197', '0.080', '0.99970', '0.02466', '0.00086', '-0.02466',
    '0.99970', '0.00088', '-0.00083', '-0.00090', '1.00000']
  '009.4667': ['2.012', '3.197', '0.080', '0.99970', '0.02466', '0.00086', '-0.02466',
    '0.99970', '0.00088', '-0.00083', '-0.00090', '1.00000']
  '009.5333': ['2.037', '3.196', '0.080', '0.99970', '0.02466', '0.00086', '-0.02466',
    '0.99970', '0.00088', '-0.00083', '-0.00090', '1.00000']
  '009.6000': ['2.062', '3.195', '0.080', '0.99970', '0.02466', '0.00086', '-0.02466',
    '0.99970', '0.00088', '-0.00083', '-0.00090', '1.00000']
  '009.6667': ['2.087', '3.195', '0.080', '0.99970', '0.02466', '0.00086', '-0.02466',
    '0.99970', '0.00088', '-0.00083', '-0.00090', '1.00000']
