begin_time_stamp: 1574101434.4666622
data_header:
  time_stamp: [x, y, z, R11, R12, R13, R21, R22, R23, R31, R32, R33]
trajectory_data:
  '000.0000': ['2.817', '2.236', '0.080', '-0.01775', '-0.99984', '0.00065', '0.99984',
    '-0.01775', '-0.00001', '0.00002', '0.00065', '1.00000']
  '000.0667': ['2.814', '2.259', '0.080', '-0.07444', '-0.99723', '0.00080', '0.99723',
    '-0.07444', '-0.00010', '0.00016', '0.00079', '1.00000']
  '000.1333': ['2.813', '2.293', '0.080', '-0.08367', '-0.99649', '0.00117', '0.99649',
    '-0.08367', '-0.00027', '0.00036', '0.00114', '1.00000']
  '000.2000': ['2.813', '2.322', '0.080', '-0.10110', '-0.99488', '0.00115', '0.99488',
    '-0.10110', '-0.00019', '0.00030', '0.00113', '1.00000']
  '000.2667': ['2.817', '2.355', '0.080', '-0.13499', '-0.99085', '0.00093', '0.99085',
    '-0.13499', '0.00002', '0.00011', '0.00093', '1.00000']
  '000.3333': ['2.816', '2.384', '0.080', '-0.17376', '-0.98479', '0.00087', '0.98479',
    '-0.17376', '0.00012', '0.00004', '0.00088', '1.00000']
  '000.4000': ['2.811', '2.410', '0.080', '-0.11368', '-0.99352', '0.00083', '0.99352',
    '-0.11368', '0.00021', '-0.00012', '0.00085', '1.00000']
  '000.4667': ['2.802', '2.430', '0.080', '-0.07710', '-0.99702', '0.00085', '0.99702',
    '-0.07710', '0.00023', '-0.00017', '0.00087', '1.00000']
  '000.5333': ['2.798', '2.460', '0.080', '-0.08901', '-0.99603', '0.00081', '0.99603',
    '-0.08901', '0.00033', '-0.00026', '0.00084', '1.00000']
  '000.6000': ['2.795', '2.489', '0.080', '-0.09715', '-0.99527', '0.00079', '0.99527',
    '-0.09715', '0.00036', '-0.00028', '0.00082', '1.00000']
  '000.6667': ['2.793', '2.518', '0.080', '-0.10521', '-0.99445', '0.00071', '0.99445',
    '-0.10521', '0.00043', '-0.00035', '0.00075', '1.00000']
  '000.7333': ['2.791', '2.544', '0.080', '-0.11389', '-0.99349', '0.00068', '0.99349',
    '-0.11389', '0.00050', '-0.00041', '0.00073', '1.00000']
  '000.8000': ['2.788', '2.569', '0.080', '-0.03345', '-0.99944', '0.00067', '0.99944',
    '-0.03345', '0.00050', '-0.00048', '0.00069', '1.00000']
  '000.8667': ['2.787', '2.595', '0.080', '0.01031', '-0.99995', '0.00064', '0.99995',
    '0.01031', '0.00052', '-0.00053', '0.00063', '1.00000']
  '000.9333': ['2.785', '2.621', '0.080', '0.01231', '-0.99992', '0.00057', '0.99992',
    '0.01231', '0.00051', '-0.00051', '0.00057', '1.00000']
  '001.0000': ['2.785', '2.647', '0.080', '0.01871', '-0.99982', '0.00053', '0.99982',
    '0.01871', '0.00048', '-0.00049', '0.00052', '1.00000']
  '001.0667': ['2.784', '2.673', '0.080', '0.02855', '-0.99959', '0.00056', '0.99959',
    '0.02855', '0.00052', '-0.00053', '0.00054', '1.00000']
  '001.1333': ['2.784', '2.695', '0.080', '0.04091', '-0.99916', '0.00053', '0.99916',
    '0.04091', '0.00048', '-0.00050', '0.00051', '1.00000']
  '001.2000': ['2.785', '2.717', '0.080', '-0.02124', '-0.99977', '0.00047', '0.99977',
    '-0.02124', '0.00045', '-0.00044', '0.00048', '1.00000']
  '001.2667': ['2.785', '2.739', '0.080', '-0.09005', '-0.99594', '0.00044', '0.99594',
    '-0.09005', '0.00045', '-0.00041', '0.00048', '1.00000']
  '001.3333': ['2.783', '2.760', '0.080', '-0.07968', '-0.99682', '0.00048', '0.99682',
    '-0.07968', '0.00047', '-0.00043', '0.00052', '1.00000']
  '001.4000': ['2.782', '2.780', '0.080', '-0.07257', '-0.99736', '0.00044', '0.99736',
    '-0.07257', '0.00046', '-0.00043', '0.00048', '1.00000']
  '001.4667': ['2.779', '2.795', '0.080', '-0.06423', '-0.99794', '0.00037', '0.99794',
    '-0.06423', '0.00039', '-0.00037', '0.00039', '1.00000']
  '001.5333': ['2.777', '2.815', '0.080', '-0.05615', '-0.99842', '0.00037', '0.99842',
    '-0.05615', '0.00038', '-0.00035', '0.00039', '1.00000']
  '001.6000': ['2.776', '2.838', '0.080', '-0.04803', '-0.99885', '0.00036', '0.99885',
    '-0.04803', '0.00034', '-0.00032', '0.00038', '1.00000']
  '001.6667': ['2.774', '2.863', '0.080', '-0.03992', '-0.99920', '0.00036', '0.99920',
    '-0.03992', '0.00032', '-0.00031', '0.00037', '1.00000']
  '001.7333': ['2.773', '2.887', '0.080', '-0.03117', '-0.99951', '0.00035', '0.99951',
    '-0.03117', '0.00032', '-0.00031', '0.00036', '1.00000']
  '001.8000': ['2.772', '2.914', '0.080', '-0.02022', '-0.99980', '0.00033', '0.99980',
    '-0.02022', '0.00032', '-0.00031', '0.00034', '1.00000']
  '001.8667': ['2.770', '2.940', '0.080', '-0.00504', '-0.99999', '0.00031', '0.99999',
    '-0.00504', '0.00029', '-0.00029', '0.00031', '1.00000']
  '001.9333': ['2.769', '2.965', '0.080', '-0.08783', '-0.99614', '0.00032', '0.99614',
    '-0.08783', '0.00028', '-0.00025', '0.00034', '1.00000']
  '002.0000': ['2.766', '2.990', '0.080', '-0.16954', '-0.98552', '0.00032', '0.98552',
    '-0.16954', '0.00029', '-0.00023', '0.00037', '1.00000']
  '002.0667': ['2.762', '3.017', '0.080', '-0.25122', '-0.96793', '0.00034', '0.96793',
    '-0.25122', '0.00033', '-0.00023', '0.00041', '1.00000']
  '002.1333': ['2.757', '3.042', '0.080', '-0.33561', '-0.94200', '0.00035', '0.94200',
    '-0.33561', '0.00038', '-0.00025', '0.00046', '1.00000']
  '002.2000': ['2.750', '3.071', '0.080', '-0.42727', '-0.90413', '0.00025', '0.90413',
    '-0.42727', '0.00044', '-0.00029', '0.00041', '1.00000']
  '002.2667': ['2.740', '3.097', '0.080', '-0.52181', '-0.85306', '0.00022', '0.85306',
    '-0.52181', '0.00046', '-0.00028', '0.00043', '1.00000']
  '002.3333': ['2.728', '3.123', '0.080', '-0.55142', '-0.83423', '0.00023', '0.83423',
    '-0.55142', '0.00049', '-0.00028', '0.00046', '1.00000']
  '002.4000': ['2.713', '3.147', '0.080', '-0.56598', '-0.82442', '0.00023', '0.82442',
    '-0.56598', '0.00052', '-0.00029', '0.00048', '1.00000']
  '002.4667': ['2.695', '3.173', '0.080', '-0.57909', '-0.81526', '0.00023', '0.81526',
    '-0.57909', '0.00053', '-0.00029', '0.00050', '1.00000']
  '002.5333': ['2.676', '3.197', '0.080', '-0.65781', '-0.75318', '0.00023', '0.75318',
    '-0.65781', '0.00055', '-0.00026', '0.00054', '1.00000']
  '002.6000': ['2.659', '3.216', '0.080', '-0.73486', '-0.67821', '0.00021', '0.67821',
    '-0.73486', '0.00058', '-0.00023', '0.00057', '1.00000']
  '002.6667': ['2.641', '3.232', '0.080', '-0.80315', '-0.59577', '0.00019', '0.59577',
    '-0.80315', '0.00061', '-0.00021', '0.00060', '1.00000']
  '002.7333': ['2.621', '3.247', '0.080', '-0.82566', '-0.56417', '0.00020', '0.56417',
    '-0.82566', '0.00061', '-0.00018', '0.00061', '1.00000']
  '002.8000': ['2.598', '3.264', '0.080', '-0.84924', '-0.52801', '0.00019', '0.52801',
    '-0.84924', '0.00058', '-0.00015', '0.00059', '1.00000']
  '002.8667': ['2.576', '3.279', '0.080', '-0.90390', '-0.42775', '0.00017', '0.42775',
    '-0.90390', '0.00058', '-0.00010', '0.00060', '1.00000']
  '002.9333': ['2.554', '3.291', '0.080', '-0.91462', '-0.40432', '0.00016', '0.40432',
    '-0.91462', '0.00055', '-0.00008', '0.00057', '1.00000']
  '003.0000': ['2.531', '3.302', '0.080', '-0.92159', '-0.38816', '0.00016', '0.38816',
    '-0.92159', '0.00052', '-0.00005', '0.00054', '1.00000']
  '003.0667': ['2.506', '3.313', '0.080', '-0.92804', '-0.37248', '0.00015', '0.37248',
    '-0.92804', '0.00048', '-0.00004', '0.00051', '1.00000']
  '003.1333': ['2.483', '3.321', '0.080', '-0.93302', '-0.35984', '0.00015', '0.35984',
    '-0.93302', '0.00047', '-0.00003', '0.00049', '1.00000']
  '003.2000': ['2.459', '3.328', '0.080', '-0.93558', '-0.35312', '0.00016', '0.35312',
    '-0.93558', '0.00048', '-0.00002', '0.00050', '1.00000']
  '003.2667': ['2.435', '3.336', '0.080', '-0.93628', '-0.35126', '0.00015', '0.35126',
    '-0.93628', '0.00044', '-0.00002', '0.00047', '1.00000']
  '003.3333': ['2.412', '3.343', '0.080', '-0.95951', '-0.28166', '0.00013', '0.28166',
    '-0.95951', '0.00044', '-0.00000', '0.00046', '1.00000']
  '003.4000': ['2.393', '3.347', '0.080', '-0.98227', '-0.18749', '0.00011', '0.18749',
    '-0.98227', '0.00044', '0.00002', '0.00046', '1.00000']
  '003.4667': ['2.378', '3.348', '0.080', '-0.99549', '-0.09482', '0.00010', '0.09482',
    '-0.99549', '0.00045', '0.00006', '0.00046', '1.00000']
  '003.5333': ['2.374', '3.340', '0.080', '-0.99482', '-0.10165', '0.00017', '0.10165',
    '-0.99482', '0.00053', '0.00012', '0.00054', '1.00000']
  '003.6000': ['2.360', '3.339', '0.080', '-0.99237', '-0.12333', '0.00024', '0.12333',
    '-0.99237', '0.00054', '0.00017', '0.00057', '1.00000']
  '003.6667': ['2.340', '3.341', '0.080', '-0.98963', '-0.14364', '0.00029', '0.14364',
    '-0.98963', '0.00057', '0.00020', '0.00061', '1.00000']
  '003.7333': ['2.319', '3.345', '0.080', '-0.99409', '-0.10854', '0.00028', '0.10854',
    '-0.99409', '0.00055', '0.00022', '0.00058', '1.00000']
  '003.8000': ['2.297', '3.348', '0.080', '-0.99975', '-0.02229', '0.00027', '0.02229',
    '-0.99975', '0.00057', '0.00025', '0.00058', '1.00000']
  '003.8667': ['2.274', '3.350', '0.080', '-0.99986', '-0.01649', '0.00026', '0.01649',
    '-0.99986', '0.00058', '0.00025', '0.00058', '1.00000']
  '003.9333': ['2.249', '3.352', '0.080', '-0.99973', '-0.02342', '0.00024', '0.02342',
    '-0.99973', '0.00058', '0.00023', '0.00059', '1.00000']
  '004.0000': ['2.226', '3.354', '0.080', '-0.99963', '-0.02712', '0.00023', '0.02712',
    '-0.99963', '0.00058', '0.00021', '0.00058', '1.00000']
  '004.0667': ['2.203', '3.355', '0.080', '-0.99958', '-0.02904', '0.00022', '0.02904',
    '-0.99958', '0.00057', '0.00020', '0.00058', '1.00000']
  '004.1333': ['2.183', '3.357', '0.080', '-0.99958', '-0.02885', '0.00021', '0.02885',
    '-0.99958', '0.00057', '0.00020', '0.00057', '1.00000']
  '004.2000': ['2.170', '3.360', '0.080', '-0.99970', '-0.02447', '0.00029', '0.02447',
    '-0.99970', '0.00079', '0.00027', '0.00079', '1.00000']
  '004.2667': ['2.151', '3.360', '0.080', '-0.99981', '-0.01945', '0.00026', '0.01945',
    '-0.99981', '0.00088', '0.00024', '0.00089', '1.00000']
  '004.3333': ['2.129', '3.360', '0.080', '-0.99989', '-0.01472', '0.00015', '0.01472',
    '-0.99989', '0.00094', '0.00014', '0.00094', '1.00000']
  '004.4000': ['2.107', '3.360', '0.080', '-0.99995', '-0.00997', '0.00009', '0.00997',
    '-0.99995', '0.00094', '0.00008', '0.00094', '1.00000']
  '004.4667': ['2.081', '3.358', '0.080', '-0.99996', '-0.00872', '0.00007', '0.00872',
    '-0.99996', '0.00087', '0.00007', '0.00087', '1.00000']
  '004.5333': ['2.042', '3.351', '0.080', '-0.99969', '-0.02493', '0.00040', '0.02493',
    '-0.99969', '0.00074', '0.00038', '0.00075', '1.00000']
  '004.6000': ['2.002', '3.345', '0.080', '-0.99854', '-0.05409', '0.00035', '0.05409',
    '-0.99854', '0.00080', '0.00030', '0.00082', '1.00000']
  '004.6667': ['1.971', '3.348', '0.080', '-0.99687', '-0.07911', '0.00036', '0.07911',
    '-0.99687', '0.00081', '0.00029', '0.00084', '1.00000']
  '004.7333': ['1.952', '3.357', '0.080', '-0.99605', '-0.08882', '0.00045', '0.08882',
    '-0.99605', '0.00077', '0.00038', '0.00081', '1.00000']
  '004.8000': ['1.927', '3.364', '0.080', '-0.99591', '-0.09031', '0.00041', '0.09031',
    '-0.99591', '0.00071', '0.00034', '0.00074', '1.00000']
  '004.8667': ['1.901', '3.369', '0.080', '-0.99625', '-0.08654', '0.00035', '0.08654',
    '-0.99625', '0.00065', '0.00030', '0.00068', '1.00000']
  '004.9333': ['1.876', '3.371', '0.080', '-0.99658', '-0.08268', '0.00030', '0.08268',
    '-0.99658', '0.00063', '0.00024', '0.00066', '1.00000']
  '005.0000': ['1.845', '3.369', '0.080', '-0.99606', '-0.08866', '0.00012', '0.08866',
    '-0.99606', '0.00063', '0.00007', '0.00064', '1.00000']
  '005.0667': ['1.819', '3.371', '0.080', '-0.99552', '-0.09455', '0.00008', '0.09455',
    '-0.99552', '0.00063', '0.00002', '0.00064', '1.00000']
  '005.1333': ['1.795', '3.373', '0.080', '-0.99504', '-0.09946', '0.00005', '0.09946',
    '-0.99504', '0.00062', '-0.00002', '0.00062', '1.00000']
  '005.2000': ['1.771', '3.376', '0.080', '-0.99462', '-0.10359', '0.00005', '0.10359',
    '-0.99462', '0.00061', '-0.00002', '0.00061', '1.00000']
  '005.2667': ['1.747', '3.377', '0.080', '-0.99396', '-0.10973', '0.00007', '0.10973',
    '-0.99396', '0.00062', '0.00000', '0.00062', '1.00000']
  '005.3333': ['1.724', '3.380', '0.080', '-0.99328', '-0.11571', '0.00008', '0.11571',
    '-0.99328', '0.00064', '0.00001', '0.00064', '1.00000']
  '005.4000': ['1.700', '3.382', '0.080', '-0.99243', '-0.12279', '0.00014', '0.12279',
    '-0.99243', '0.00062', '0.00006', '0.00063', '1.00000']
  '005.4667': ['1.678', '3.384', '0.080', '-0.99142', '-0.13074', '0.00017', '0.13074',
    '-0.99142', '0.00063', '0.00009', '0.00065', '1.00000']
  '005.5333': ['1.653', '3.387', '0.080', '-0.99032', '-0.13882', '0.00022', '0.13882',
    '-0.99032', '0.00065', '0.00012', '0.00067', '1.00000']
  '005.6000': ['1.629', '3.389', '0.080', '-0.98875', '-0.14957', '0.00023', '0.14957',
    '-0.98875', '0.00064', '0.00013', '0.00067', '1.00000']
  '005.6667': ['1.603', '3.391', '0.080', '-0.98665', '-0.16286', '0.00024', '0.16286',
    '-0.98665', '0.00064', '0.00013', '0.00067', '1.00000']
  '005.7333': ['1.578', '3.395', '0.080', '-0.99170', '-0.12860', '0.00022', '0.12860',
    '-0.99170', '0.00069', '0.00013', '0.00072', '1.00000']
  '005.8000': ['1.553', '3.398', '0.080', '-0.99907', '-0.04308', '0.00016', '0.04309',
    '-0.99907', '0.00073', '0.00013', '0.00074', '1.00000']
  '005.8667': ['1.529', '3.400', '0.080', '-0.99886', '0.04780', '0.00007', '-0.04780',
    '-0.99886', '0.00075', '0.00011', '0.00075', '1.00000']
  '005.9333': ['1.504', '3.399', '0.080', '-0.98930', '0.14588', '-0.00002', '-0.14588',
    '-0.98930', '0.00077', '0.00010', '0.00077', '1.00000']
  '006.0000': ['1.474', '3.395', '0.080', '-0.96837', '0.24953', '-0.00010', '-0.24953',
    '-0.96837', '0.00078', '0.00010', '0.00078', '1.00000']
  '006.0667': ['1.447', '3.389', '0.080', '-0.93261', '0.36089', '-0.00019', '-0.36089',
    '-0.93261', '0.00082', '0.00012', '0.00083', '1.00000']
  '006.1333': ['1.416', '3.378', '0.080', '-0.87758', '0.47944', '-0.00005', '-0.47944',
    '-0.87758', '0.00074', '0.00031', '0.00068', '1.00000']
  '006.2000': ['1.398', '3.372', '0.080', '-0.80180', '0.59759', '-0.00002', '-0.59759',
    '-0.80180', '0.00062', '0.00036', '0.00051', '1.00000']
  '006.2667': ['1.387', '3.367', '0.080', '-0.70636', '0.70786', '0.00000', '-0.70786',
    '-0.70636', '0.00058', '0.00041', '0.00041', '1.00000']
  '006.3333': ['1.382', '3.363', '0.080', '-0.59347', '0.80486', '0.00001', '-0.80486',
    '-0.59347', '0.00054', '0.00044', '0.00031', '1.00000']
  '006.4000': ['1.380', '3.360', '0.080', '-0.53931', '0.84211', '0.00003', '-0.84211',
    '-0.53931', '0.00052', '0.00045', '0.00025', '1.00000']
  '006.4667': ['1.379', '3.358', '0.080', '-0.50152', '0.86515', '0.00005', '-0.86515',
    '-0.50152', '0.00051', '0.00047', '0.00021', '1.00000']
  '006.5333': ['1.379', '3.357', '0.080', '-0.46617', '0.88470', '0.00005', '-0.88470',
    '-0.46617', '0.00053', '0.00049', '0.00020', '1.00000']
  '006.6000': ['1.379', '3.357', '0.080', '-0.43338', '0.90121', '0.00005', '-0.90121',
    '-0.43338', '0.00054', '0.00051', '0.00019', '1.00000']
  '006.6667': ['1.379', '3.357', '0.080', '-0.43935', '0.89832', '0.00005', '-0.89832',
    '-0.43935', '0.00053', '0.00050', '0.00019', '1.00000']
  '006.7333': ['1.378', '3.357', '0.080', '-0.50403', '0.86369', '0.00006', '-0.86369',
    '-0.50403', '0.00053', '0.00049', '0.00021', '1.00000']
  '006.8000': ['1.377', '3.357', '0.080', '-0.56972', '0.82184', '0.00007', '-0.82184',
    '-0.56972', '0.00054', '0.00048', '0.00025', '1.00000']
  '006.8667': ['1.377', '3.358', '0.080', '-0.63578', '0.77187', '0.00007', '-0.77187',
    '-0.63578', '0.00055', '0.00046', '0.00030', '1.00000']
  '006.9333': ['1.376', '3.359', '0.080', '-0.70073', '0.71343', '0.00006', '-0.71343',
    '-0.70073', '0.00056', '0.00044', '0.00035', '1.00000']
  '007.0000': ['1.376', '3.360', '0.080', '-0.76307', '0.64631', '0.00005', '-0.64631',
    '-0.76307', '0.00057', '0.00041', '0.00040', '1.00000']
  '007.0667': ['1.377', '3.362', '0.080', '-0.82126', '0.57056', '0.00005', '-0.57056',
    '-0.82125', '0.00059', '0.00037', '0.00045', '1.00000']
  '007.1333': ['1.377', '3.364', '0.080', '-0.87343', '0.48695', '0.00004', '-0.48695',
    '-0.87343', '0.00061', '0.00033', '0.00051', '1.00000']
  '007.2000': ['1.378', '3.366', '0.080', '-0.91798', '0.39662', '0.00003', '-0.39662',
    '-0.91798', '0.00062', '0.00028', '0.00055', '1.00000']
  '007.2667': ['1.380', '3.367', '0.080', '-0.95374', '0.30062', '0.00004', '-0.30062',
    '-0.95374', '0.00063', '0.00023', '0.00059', '1.00000']
  '007.3333': ['1.382', '3.369', '0.080', '-0.97979', '0.20002', '0.00006', '-0.20002',
    '-0.97979', '0.00066', '0.00019', '0.00063', '1.00000']
  '007.4000': ['1.389', '3.373', '0.080', '-0.98586', '0.16756', '0.00011', '-0.16756',
    '-0.98586', '0.00066', '0.00021', '0.00064', '1.00000']
  '007.4667': ['1.405', '3.379', '0.080', '-0.98614', '0.16590', '0.00046', '-0.16590',
    '-0.98614', '0.00074', '0.00058', '0.00065', '1.00000']
  '007.5333': ['1.411', '3.381', '0.080', '-0.98629', '0.16503', '0.00052', '-0.16503',
    '-0.98629', '0.00075', '0.00064', '0.00065', '1.00000']
  '007.6000': ['1.411', '3.381', '0.080', '-0.98629', '0.16503', '0.00052', '-0.16503',
    '-0.98629', '0.00075', '0.00064', '0.00065', '1.00000']
  '007.6667': ['1.411', '3.381', '0.080', '-0.98629', '0.16503', '0.00052', '-0.16503',
    '-0.98629', '0.00075', '0.00064', '0.00065', '1.00000']
  '007.7333': ['1.411', '3.381', '0.080', '-0.98629', '0.16503', '0.00052', '-0.16503',
    '-0.98629', '0.00075', '0.00064', '0.00065', '1.00000']
  '007.8000': ['1.411', '3.381', '0.080', '-0.98629', '0.16503', '0.00052', '-0.16503',
    '-0.98629', '0.00075', '0.00064', '0.00065', '1.00000']
  '007.8667': ['1.411', '3.381', '0.080', '-0.98314', '0.18287', '0.00052', '-0.18287',
    '-0.98314', '0.00075', '0.00065', '0.00064', '1.00000']
  '007.9333': ['1.411', '3.381', '0.080', '-0.95864', '0.28464', '0.00052', '-0.28464',
    '-0.95864', '0.00075', '0.00072', '0.00057', '1.00000']
  '008.0000': ['1.411', '3.381', '0.080', '-0.92363', '0.38329', '0.00052', '-0.38329',
    '-0.92363', '0.00075', '0.00077', '0.00049', '1.00000']
  '008.0667': ['1.411', '3.381', '0.080', '-0.87850', '0.47774', '0.00052', '-0.47774',
    '-0.87850', '0.00075', '0.00082', '0.00041', '1.00000']
  '008.1333': ['1.411', '3.381', '0.080', '-0.82375', '0.56695', '0.00052', '-0.56695',
    '-0.82375', '0.00075', '0.00086', '0.00032', '1.00000']
  '008.2000': ['1.411', '3.381', '0.080', '-0.80240', '0.59679', '0.00052', '-0.59679',
    '-0.80240', '0.00075', '0.00087', '0.00029', '1.00000']
  '008.2667': ['1.411', '3.381', '0.080', '-0.80240', '0.59679', '0.00052', '-0.59679',
    '-0.80240', '0.00075', '0.00087', '0.00029', '1.00000']
  '008.3333': ['1.411', '3.381', '0.080', '-0.80240', '0.59679', '0.00052', '-0.59679',
    '-0.80240', '0.00075', '0.00087', '0.00029', '1.00000']
  '008.4000': ['1.411', '3.381', '0.080', '-0.80240', '0.59679', '0.00052', '-0.59679',
    '-0.80240', '0.00075', '0.00087', '0.00029', '1.00000']
  '008.4667': ['1.411', '3.381', '0.080', '-0.80240', '0.59679', '0.00052', '-0.59679',
    '-0.80240', '0.00075', '0.00087', '0.00029', '1.00000']
  '008.5333': ['1.411', '3.381', '0.080', '-0.80240', '0.59679', '0.00052', '-0.59679',
    '-0.80240', '0.00075', '0.00087', '0.00029', '1.00000']
  '008.6000': ['1.411', '3.381', '0.080', '-0.83768', '0.54617', '0.00052', '-0.54617',
    '-0.83768', '0.00075', '0.00085', '0.00034', '1.00000']
  '008.6667': ['1.411', '3.381', '0.080', '-0.89018', '0.45561', '0.00052', '-0.45561',
    '-0.89018', '0.00075', '0.00081', '0.00043', '1.00000']
  '008.7333': ['1.411', '3.381', '0.080', '-0.93293', '0.36006', '0.00052', '-0.36006',
    '-0.93293', '0.00075', '0.00076', '0.00051', '1.00000']
  '008.8000': ['1.411', '3.381', '0.080', '-0.96546', '0.26056', '0.00052', '-0.26056',
    '-0.96546', '0.00075', '0.00070', '0.00059', '1.00000']
  '008.8667': ['1.411', '3.381', '0.080', '-0.98740', '0.15821', '0.00052', '-0.15821',
    '-0.98740', '0.00075', '0.00064', '0.00066', '1.00000']
  '008.9333': ['1.411', '3.381', '0.080', '-0.99853', '0.05413', '0.00052', '-0.05413',
    '-0.99853', '0.00075', '0.00056', '0.00072', '1.00000']
  '009.0000': ['1.411', '3.381', '0.080', '-0.99872', '-0.05055', '0.00052', '0.05055',
    '-0.99872', '0.00075', '0.00049', '0.00078', '1.00000']
  '009.0667': ['1.411', '3.381', '0.080', '-0.98996', '-0.14137', '0.00052', '0.14137',
    '-0.98996', '0.00075', '0.00041', '0.00082', '1.00000']
  '009.1333': ['1.411', '3.381', '0.080', '-0.98996', '-0.14137', '0.00052', '0.14137',
    '-0.98996', '0.00075', '0.00041', '0.00082', '1.00000']
  '009.2000': ['1.411', '3.381', '0.080', '-0.98996', '-0.14137', '0.00052', '0.14137',
    '-0.98996', '0.00075', '0.00041', '0.00082', '1.00000']
  '009.2667': ['1.411', '3.381', '0.080', '-0.98996', '-0.14137', '0.00052', '0.14137',
    '-0.98996', '0.00075', '0.00041', '0.00082', '1.00000']
  '009.3333': ['1.411', '3.381', '0.080', '-0.98996', '-0.14137', '0.00052', '0.14137',
    '-0.98996', '0.00075', '0.00041', '0.00082', '1.00000']
  '009.4000': ['1.396', '3.383', '0.080', '-0.98996', '-0.14137', '0.00052', '0.14137',
    '-0.98996', '0.00075', '0.00041', '0.00082', '1.00000']
  '009.4667': ['1.371', '3.386', '0.080', '-0.98996', '-0.14137', '0.00052', '0.14137',
    '-0.98996', '0.00075', '0.00041', '0.00082', '1.00000']
  '009.5333': ['1.346', '3.390', '0.080', '-0.98996', '-0.14137', '0.00052', '0.14137',
    '-0.98996', '0.00075', '0.00041', '0.00082', '1.00000']
