begin_time_stamp: 1574101444.3999972
data_header:
  time_stamp: [x, y, z, R11, R12, R13, R21, R22, R23, R31, R32, R33]
trajectory_data:
  '000.0000': ['1.254', '3.391', '0.080', '-0.99453', '0.10445', '-0.00017', '-0.10445',
    '-0.99453', '0.00133', '-0.00003', '0.00134', '1.00000']
  '000.0667': ['1.231', '3.387', '0.080', '-0.98879', '0.14931', '-0.00033', '-0.14931',
    '-0.98879', '0.00156', '-0.00009', '0.00159', '1.00000']
  '000.1333': ['1.209', '3.378', '0.080', '-0.98888', '0.14871', '-0.00029', '-0.14871',
    '-0.98888', '0.00100', '-0.00013', '0.00103', '1.00000']
  '000.2000': ['1.185', '3.375', '0.080', '-0.98818', '0.15329', '-0.00032', '-0.15329',
    '-0.98818', '0.00080', '-0.00019', '0.00084', '1.00000']
  '000.2667': ['1.162', '3.373', '0.080', '-0.98690', '0.16134', '-0.00033', '-0.16134',
    '-0.98690', '0.00076', '-0.00021', '0.00081', '1.00000']
  '000.3333': ['1.136', '3.369', '0.080', '-0.98511', '0.17191', '-0.00035', '-0.17191',
    '-0.98511', '0.00078', '-0.00021', '0.00083', '1.00000']
  '000.4000': ['1.112', '3.365', '0.080', '-0.98296', '0.18384', '-0.00040', '-0.18384',
    '-0.98296', '0.00075', '-0.00025', '0.00081', '1.00000']
  '000.4667': ['1.089', '3.360', '0.080', '-0.98046', '0.19671', '-0.00043', '-0.19671',
    '-0.98046', '0.00072', '-0.00028', '0.00080', '1.00000']
  '000.5333': ['1.066', '3.354', '0.080', '-0.97788', '0.20918', '-0.00046', '-0.20918',
    '-0.97788', '0.00065', '-0.00031', '0.00074', '1.00000']
  '000.6000': ['1.042', '3.348', '0.080', '-0.99227', '0.12411', '-0.00047', '-0.12411',
    '-0.99227', '0.00065', '-0.00038', '0.00070', '1.00000']
  '000.6667': ['1.017', '3.343', '0.080', '-0.99716', '0.07533', '-0.00053', '-0.07533',
    '-0.99716', '0.00064', '-0.00048', '0.00068', '1.00000']
  '000.7333': ['0.990', '3.339', '0.080', '-0.99721', '0.07459', '-0.00051', '-0.07459',
    '-0.99721', '0.00060', '-0.00046', '0.00064', '1.00000']
  '000.8000': ['0.963', '3.336', '0.080', '-0.99753', '0.07017', '-0.00046', '-0.07017',
    '-0.99753', '0.00057', '-0.00042', '0.00060', '1.00000']
  '000.8667': ['0.938', '3.333', '0.080', '-0.99796', '0.06386', '-0.00043', '-0.06386',
    '-0.99796', '0.00057', '-0.00039', '0.00060', '1.00000']
  '000.9333': ['0.913', '3.331', '0.080', '-0.99862', '0.05254', '-0.00042', '-0.05254',
    '-0.99862', '0.00055', '-0.00039', '0.00057', '1.00000']
  '001.0000': ['0.886', '3.328', '0.080', '-0.99837', '-0.05708', '-0.00042', '0.05708',
    '-0.99837', '0.00055', '-0.00045', '0.00052', '1.00000']
  '001.0667': ['0.859', '3.327', '0.080', '-0.99242', '-0.12293', '-0.00040', '0.12293',
    '-0.99242', '0.00053', '-0.00046', '0.00048', '1.00000']
  '001.1333': ['0.833', '3.329', '0.080', '-0.99011', '-0.14026', '-0.00041', '0.14026',
    '-0.99011', '0.00053', '-0.00048', '0.00047', '1.00000']
  '001.2000': ['0.809', '3.331', '0.080', '-0.98702', '-0.16059', '-0.00041', '0.16059',
    '-0.98702', '0.00053', '-0.00049', '0.00046', '1.00000']
  '001.2667': ['0.784', '3.333', '0.080', '-0.98263', '-0.18556', '-0.00040', '0.18555',
    '-0.98263', '0.00054', '-0.00049', '0.00046', '1.00000']
  '001.3333': ['0.758', '3.331', '0.080', '-0.97498', '-0.22229', '-0.00029', '0.22229',
    '-0.97498', '0.00051', '-0.00040', '0.00043', '1.00000']
  '001.4000': ['0.733', '3.334', '0.080', '-0.96438', '-0.26450', '-0.00027', '0.26450',
    '-0.96438', '0.00053', '-0.00041', '0.00044', '1.00000']
  '001.4667': ['0.709', '3.340', '0.080', '-0.96373', '-0.26689', '-0.00027', '0.26689',
    '-0.96373', '0.00050', '-0.00040', '0.00041', '1.00000']
  '001.5333': ['0.685', '3.347', '0.080', '-0.97691', '-0.21365', '-0.00030', '0.21365',
    '-0.97691', '0.00047', '-0.00039', '0.00039', '1.00000']
  '001.6000': ['0.662', '3.353', '0.080', '-0.98736', '-0.15849', '-0.00032', '0.15849',
    '-0.98736', '0.00045', '-0.00039', '0.00039', '1.00000']
  '001.6667': ['0.636', '3.359', '0.080', '-0.99520', '-0.09786', '-0.00036', '0.09786',
    '-0.99520', '0.00048', '-0.00040', '0.00044', '1.00000']
  '001.7333': ['0.613', '3.364', '0.080', '-0.99954', '-0.03039', '-0.00034', '0.03039',
    '-0.99954', '0.00049', '-0.00036', '0.00047', '1.00000']
  '001.8000': ['0.590', '3.366', '0.080', '-0.99912', '0.04201', '-0.00037', '-0.04201',
    '-0.99912', '0.00048', '-0.00035', '0.00049', '1.00000']
  '001.8667': ['0.566', '3.365', '0.080', '-0.99312', '0.11706', '-0.00033', '-0.11706',
    '-0.99312', '0.00045', '-0.00027', '0.00049', '1.00000']
  '001.9333': ['0.544', '3.360', '0.080', '-0.98202', '0.18876', '0.00019', '-0.18876',
    '-0.98202', '0.00065', '0.00031', '0.00061', '1.00000']
  '002.0000': ['0.525', '3.359', '0.080', '-0.96731', '0.25359', '-0.00045', '-0.25359',
    '-0.96731', '0.00061', '-0.00028', '0.00070', '1.00000']
  '002.0667': ['0.501', '3.355', '0.080', '-0.94567', '0.32512', '-0.00056', '-0.32513',
    '-0.94567', '0.00043', '-0.00039', '0.00059', '1.00000']
  '002.1333': ['0.477', '3.347', '0.080', '-0.91781', '0.39702', '-0.00059', '-0.39702',
    '-0.91781', '0.00043', '-0.00037', '0.00063', '1.00000']
  '002.2000': ['0.455', '3.336', '0.080', '-0.88467', '0.46622', '-0.00065', '-0.46622',
    '-0.88467', '0.00049', '-0.00034', '0.00073', '1.00000']
  '002.2667': ['0.434', '3.323', '0.080', '-0.84815', '0.52975', '-0.00079', '-0.52975',
    '-0.84815', '0.00080', '-0.00024', '0.00110', '1.00000']
  '002.3333': ['0.408', '3.310', '0.080', '-0.80140', '0.59813', '-0.00068', '-0.59813',
    '-0.80140', '0.00052', '-0.00024', '0.00082', '1.00000']
  '002.4000': ['0.384', '3.295', '0.080', '-0.74383', '0.66837', '-0.00066', '-0.66837',
    '-0.74383', '0.00040', '-0.00022', '0.00074', '1.00000']
  '002.4667': ['0.364', '3.279', '0.080', '-0.70108', '0.71309', '-0.00063', '-0.71309',
    '-0.70108', '0.00034', '-0.00020', '0.00068', '1.00000']
  '002.5333': ['0.344', '3.260', '0.080', '-0.70120', '0.71297', '-0.00061', '-0.71297',
    '-0.70120', '0.00029', '-0.00022', '0.00064', '1.00000']
  '002.6000': ['0.326', '3.240', '0.080', '-0.70396', '0.71024', '-0.00059', '-0.71024',
    '-0.70396', '0.00026', '-0.00023', '0.00061', '1.00000']
  '002.6667': ['0.309', '3.220', '0.080', '-0.69610', '0.71795', '-0.00059', '-0.71795',
    '-0.69610', '0.00024', '-0.00024', '0.00059', '1.00000']
  '002.7333': ['0.293', '3.201', '0.080', '-0.63345', '0.77379', '-0.00062', '-0.77379',
    '-0.63345', '0.00022', '-0.00022', '0.00062', '1.00000']
  '002.8000': ['0.274', '3.180', '0.080', '-0.56622', '0.82426', '-0.00055', '-0.82426',
    '-0.56622', '0.00020', '-0.00014', '0.00057', '1.00000']
  '002.8667': ['0.252', '3.155', '0.080', '-0.48689', '0.87346', '0.00047', '-0.87346',
    '-0.48690', '0.00070', '0.00084', '-0.00007', '1.00000']
  '002.9333': ['0.237', '3.133', '0.080', '-0.39650', '0.91803', '0.00015', '-0.91803',
    '-0.39650', '0.00041', '0.00043', '0.00002', '1.00000']
  '003.0000': ['0.224', '3.109', '0.080', '-0.37111', '0.92859', '0.00018', '-0.92859',
    '-0.37111', '0.00041', '0.00044', '-0.00002', '1.00000']
  '003.0667': ['0.208', '3.081', '0.080', '-0.35572', '0.93459', '0.00023', '-0.93459',
    '-0.35572', '0.00048', '0.00053', '-0.00005', '1.00000']
  '003.1333': ['0.197', '3.054', '0.080', '-0.33853', '0.94095', '0.00002', '-0.94095',
    '-0.33853', '0.00038', '0.00036', '0.00011', '1.00000']
  '003.2000': ['0.197', '3.038', '0.080', '-0.33170', '0.94338', '-0.00052', '-0.94338',
    '-0.33170', '0.00003', '-0.00015', '0.00050', '1.00000']
  '003.2667': ['0.191', '3.016', '0.080', '-0.32957', '0.94413', '-0.00057', '-0.94413',
    '-0.32957', '-0.00001', '-0.00020', '0.00054', '1.00000']
  '003.3333': ['0.185', '2.994', '0.080', '-0.33068', '0.94374', '-0.00058', '-0.94374',
    '-0.33068', '-0.00001', '-0.00020', '0.00055', '1.00000']
  '003.4000': ['0.178', '2.971', '0.080', '-0.33510', '0.94218', '-0.00059', '-0.94218',
    '-0.33510', '-0.00000', '-0.00020', '0.00055', '1.00000']
  '003.4667': ['0.170', '2.946', '0.080', '-0.34359', '0.93912', '-0.00058', '-0.93912',
    '-0.34359', '-0.00001', '-0.00021', '0.00054', '1.00000']
  '003.5333': ['0.163', '2.922', '0.080', '-0.35674', '0.93421', '-0.00057', '-0.93421',
    '-0.35674', '-0.00002', '-0.00022', '0.00052', '1.00000']
  '003.6000': ['0.155', '2.899', '0.080', '-0.32477', '0.94579', '-0.00061', '-0.94579',
    '-0.32477', '-0.00001', '-0.00021', '0.00058', '1.00000']
  '003.6667': ['0.148', '2.876', '0.080', '-0.24670', '0.96909', '-0.00058', '-0.96909',
    '-0.24670', '-0.00003', '-0.00017', '0.00056', '1.00000']
  '003.7333': ['0.142', '2.853', '0.080', '-0.16671', '0.98601', '-0.00054', '-0.98601',
    '-0.16671', '-0.00003', '-0.00012', '0.00053', '1.00000']
  '003.8000': ['0.137', '2.830', '0.080', '-0.12925', '0.99161', '-0.00055', '-0.99161',
    '-0.12925', '-0.00001', '-0.00008', '0.00054', '1.00000']
  '003.8667': ['0.134', '2.807', '0.080', '-0.14285', '0.98974', '-0.00057', '-0.98974',
    '-0.14285', '0.00002', '-0.00006', '0.00056', '1.00000']
  '003.9333': ['0.130', '2.782', '0.080', '-0.15578', '0.98779', '-0.00060', '-0.98779',
    '-0.15578', '0.00002', '-0.00007', '0.00060', '1.00000']
  '004.0000': ['0.126', '2.757', '0.080', '-0.16993', '0.98546', '-0.00063', '-0.98546',
    '-0.16993', '0.00004', '-0.00007', '0.00062', '1.00000']
  '004.0667': ['0.121', '2.737', '0.080', '-0.18271', '0.98317', '-0.00089', '-0.98317',
    '-0.18271', '0.00013', '-0.00004', '0.00090', '1.00000']
  '004.1333': ['0.116', '2.716', '0.080', '-0.09708', '0.99528', '-0.00093', '-0.99528',
    '-0.09708', '0.00009', '0.00000', '0.00094', '1.00000']
  '004.2000': ['0.114', '2.693', '0.080', '-0.04412', '0.99903', '-0.00100', '-0.99903',
    '-0.04412', '0.00000', '-0.00004', '0.00100', '1.00000']
  '004.2667': ['0.113', '2.672', '0.080', '-0.05852', '0.99829', '-0.00102', '-0.99829',
    '-0.05852', '-0.00004', '-0.00010', '0.00102', '1.00000']
  '004.3333': ['0.112', '2.647', '0.080', '-0.07237', '0.99738', '-0.00102', '-0.99738',
    '-0.07237', '-0.00015', '-0.00022', '0.00100', '1.00000']
  '004.4000': ['0.109', '2.626', '0.080', '-0.08541', '0.99635', '-0.00092', '-0.99635',
    '-0.08541', '-0.00043', '-0.00051', '0.00088', '1.00000']
  '004.4667': ['0.106', '2.603', '0.080', '-0.09695', '0.99529', '-0.00072', '-0.99529',
    '-0.09695', '-0.00052', '-0.00059', '0.00067', '1.00000']
  '004.5333': ['0.102', '2.581', '0.080', '-0.02076', '0.99978', '-0.00057', '-0.99978',
    '-0.02076', '-0.00072', '-0.00073', '0.00056', '1.00000']
  '004.6000': ['0.099', '2.554', '0.080', '0.07428', '0.99724', '-0.00046', '-0.99724',
    '0.07428', '-0.00079', '-0.00075', '0.00052', '1.00000']
  '004.6667': ['0.099', '2.530', '0.080', '0.17277', '0.98496', '-0.00040', '-0.98496',
    '0.17277', '-0.00080', '-0.00072', '0.00053', '1.00000']
  '004.7333': ['0.100', '2.507', '0.080', '0.19443', '0.98092', '-0.00035', '-0.98092',
    '0.19443', '-0.00082', '-0.00074', '0.00050', '1.00000']
  '004.8000': ['0.103', '2.485', '0.080', '0.19991', '0.97981', '-0.00029', '-0.97981',
    '0.19991', '-0.00078', '-0.00070', '0.00043', '1.00000']
  '004.8667': ['0.108', '2.459', '0.080', '0.20815', '0.97810', '-0.00026', '-0.97810',
    '0.20815', '-0.00076', '-0.00069', '0.00041', '1.00000']
  '004.9333': ['0.113', '2.433', '0.080', '0.21644', '0.97630', '-0.00027', '-0.97630',
    '0.21644', '-0.00074', '-0.00067', '0.00042', '1.00000']
  '005.0000': ['0.119', '2.405', '0.080', '0.22391', '0.97461', '-0.00025', '-0.97461',
    '0.22391', '-0.00074', '-0.00067', '0.00041', '1.00000']
  '005.0667': ['0.125', '2.380', '0.080', '0.22987', '0.97322', '-0.00026', '-0.97322',
    '0.22987', '-0.00076', '-0.00068', '0.00042', '1.00000']
  '005.1333': ['0.132', '2.356', '0.080', '0.23439', '0.97214', '-0.00028', '-0.97214',
    '0.23439', '-0.00076', '-0.00067', '0.00045', '1.00000']
  '005.2000': ['0.137', '2.333', '0.080', '0.23833', '0.97118', '-0.00029', '-0.97118',
    '0.23833', '-0.00074', '-0.00065', '0.00046', '1.00000']
  '005.2667': ['0.143', '2.309', '0.080', '0.24209', '0.97025', '-0.00028', '-0.97025',
    '0.24209', '-0.00072', '-0.00063', '0.00044', '1.00000']
  '005.3333': ['0.150', '2.282', '0.080', '0.24544', '0.96941', '-0.00028', '-0.96941',
    '0.24544', '-0.00068', '-0.00059', '0.00044', '1.00000']
  '005.4000': ['0.157', '2.260', '0.080', '0.24834', '0.96867', '-0.00031', '-0.96867',
    '0.24834', '-0.00069', '-0.00059', '0.00047', '1.00000']
  '005.4667': ['0.163', '2.241', '0.080', '0.24850', '0.96863', '-0.00037', '-0.96863',
    '0.24850', '-0.00067', '-0.00055', '0.00052', '1.00000']
  '005.5333': ['0.172', '2.226', '0.080', '0.23998', '0.97078', '-0.00064', '-0.97078',
    '0.23998', '-0.00040', '-0.00023', '0.00072', '1.00000']
  '005.6000': ['0.179', '2.201', '0.080', '0.23274', '0.97254', '-0.00069', '-0.97254',
    '0.23274', '-0.00039', '-0.00022', '0.00076', '1.00000']
  '005.6667': ['0.184', '2.177', '0.080', '0.22845', '0.97356', '-0.00072', '-0.97356',
    '0.22845', '-0.00039', '-0.00021', '0.00079', '1.00000']
  '005.7333': ['0.189', '2.152', '0.080', '0.29552', '0.95534', '-0.00074', '-0.95534',
    '0.29552', '-0.00041', '-0.00018', '0.00083', '1.00000']
  '005.8000': ['0.196', '2.131', '0.080', '0.39572', '0.91837', '-0.00082', '-0.91837',
    '0.39572', '-0.00044', '-0.00008', '0.00093', '1.00000']
  '005.8667': ['0.203', '2.131', '0.080', '0.49835', '0.86697', '-0.00143', '-0.86698',
    '0.49835', '-0.00031', '0.00044', '0.00140', '1.00000']
  '005.9333': ['0.208', '2.127', '0.080', '0.59938', '0.80046', '-0.00149', '-0.80046',
    '0.59938', '-0.00029', '0.00066', '0.00136', '1.00000']
  '006.0000': ['0.212', '2.122', '0.080', '0.69543', '0.71859', '-0.00157', '-0.71860',
    '0.69543', '-0.00023', '0.00093', '0.00129', '1.00000']
  '006.0667': ['0.215', '2.120', '0.080', '0.78274', '0.62235', '-0.00156', '-0.62235',
    '0.78274', '-0.00017', '0.00112', '0.00111', '1.00000']
  '006.1333': ['0.215', '2.121', '0.080', '0.85793', '0.51377', '-0.00153', '-0.51377',
    '0.85793', '-0.00013', '0.00125', '0.00090', '1.00000']
  '006.2000': ['0.211', '2.123', '0.080', '0.91324', '0.40743', '-0.00151', '-0.40743',
    '0.91324', '-0.00012', '0.00133', '0.00072', '1.00000']
  '006.2667': ['0.220', '2.121', '0.080', '0.92409', '0.38216', '-0.00150', '-0.38217',
    '0.92409', '-0.00007', '0.00136', '0.00064', '1.00000']
  '006.3333': ['0.228', '2.118', '0.080', '0.93344', '0.35874', '-0.00146', '-0.35874',
    '0.93344', '-0.00006', '0.00134', '0.00058', '1.00000']
  '006.4000': ['0.239', '2.114', '0.080', '0.94157', '0.33681', '-0.00137', '-0.33681',
    '0.94157', '-0.00010', '0.00126', '0.00056', '1.00000']
  '006.4667': ['0.254', '2.109', '0.080', '0.94910', '0.31498', '-0.00128', '-0.31498',
    '0.94910', '-0.00013', '0.00118', '0.00053', '1.00000']
  '006.5333': ['0.272', '2.103', '0.080', '0.95638', '0.29211', '-0.00117', '-0.29211',
    '0.95639', '-0.00016', '0.00107', '0.00049', '1.00000']
  '006.6000': ['0.293', '2.095', '0.080', '0.96773', '0.25201', '-0.00106', '-0.25201',
    '0.96773', '-0.00020', '0.00097', '0.00046', '1.00000']
  '006.6667': ['0.301', '2.093', '0.080', '0.99251', '0.12215', '-0.00092', '-0.12215',
    '0.99251', '-0.00024', '0.00088', '0.00035', '1.00000']
  '006.7333': ['0.307', '2.093', '0.080', '0.99991', '-0.01321', '-0.00081', '0.01321',
    '0.99991', '-0.00020', '0.00081', '0.00019', '1.00000']
  '006.8000': ['0.309', '2.094', '0.080', '0.98845', '-0.15154', '-0.00075', '0.15154',
    '0.98845', '-0.00017', '0.00076', '0.00005', '1.00000']
  '006.8667': ['0.310', '2.095', '0.080', '0.95727', '-0.28921', '-0.00071', '0.28921',
    '0.95727', '-0.00011', '0.00071', '-0.00011', '1.00000']
  '006.9333': ['0.308', '2.095', '0.080', '0.90633', '-0.42256', '-0.00068', '0.42256',
    '0.90633', '-0.00006', '0.00064', '-0.00024', '1.00000']
  '007.0000': ['0.302', '2.093', '0.080', '0.83722', '-0.54687', '-0.00067', '0.54687',
    '0.83722', '-0.00001', '0.00057', '-0.00035', '1.00000']
  '007.0667': ['0.309', '2.099', '0.080', '0.81580', '-0.57833', '-0.00067', '0.57833',
    '0.81580', '0.00003', '0.00053', '-0.00041', '1.00000']
  '007.1333': ['0.315', '2.106', '0.080', '0.79654', '-0.60459', '-0.00065', '0.60459',
    '0.79654', '0.00005', '0.00049', '-0.00044', '1.00000']
  '007.2000': ['0.322', '2.117', '0.080', '0.78189', '-0.62341', '-0.00060', '0.62341',
    '0.78189', '0.00006', '0.00043', '-0.00042', '1.00000']
  '007.2667': ['0.331', '2.129', '0.080', '0.77246', '-0.63506', '-0.00054', '0.63506',
    '0.77246', '0.00007', '0.00037', '-0.00040', '1.00000']
  '007.3333': ['0.342', '2.144', '0.080', '0.76861', '-0.63972', '-0.00048', '0.63972',
    '0.76861', '0.00006', '0.00033', '-0.00035', '1.00000']
  '007.4000': ['0.355', '2.160', '0.080', '0.76889', '-0.63938', '-0.00045', '0.63938',
    '0.76889', '0.00007', '0.00030', '-0.00034', '1.00000']
  '007.4667': ['0.371', '2.175', '0.080', '0.74021', '-0.67238', '-0.00039', '0.67238',
    '0.74021', '0.00007', '0.00025', '-0.00032', '1.00000']
  '007.5333': ['0.386', '2.192', '0.080', '0.67215', '-0.74042', '-0.00033', '0.74042',
    '0.67215', '0.00006', '0.00017', '-0.00029', '1.00000']
  '007.6000': ['0.402', '2.209', '0.080', '0.59665', '-0.80250', '-0.00032', '0.80250',
    '0.59665', '0.00011', '0.00010', '-0.00032', '1.00000']
  '007.6667': ['0.417', '2.228', '0.080', '0.51292', '-0.85844', '-0.00030', '0.85844',
    '0.51292', '0.00015', '0.00002', '-0.00033', '1.00000']
  '007.7333': ['0.431', '2.248', '0.080', '0.42037', '-0.90735', '-0.00030', '0.90735',
    '0.42037', '0.00015', '-0.00001', '-0.00033', '1.00000']
  '007.8000': ['0.431', '2.248', '0.080', '0.32322', '-0.94632', '-0.00030', '0.94632',
    '0.32322', '0.00015', '-0.00005', '-0.00033', '1.00000']
  '007.8667': ['0.431', '2.248', '0.080', '0.22253', '-0.97493', '-0.00030', '0.97493',
    '0.22253', '0.00015', '-0.00008', '-0.00032', '1.00000']
  '007.9333': ['0.431', '2.248', '0.080', '0.11940', '-0.99285', '-0.00030', '0.99285',
    '0.11940', '0.00015', '-0.00011', '-0.00031', '1.00000']
  '008.0000': ['0.431', '2.248', '0.080', '0.01496', '-0.99989', '-0.00030', '0.99989',
    '0.01496', '0.00015', '-0.00015', '-0.00030', '1.00000']
  '008.0667': ['0.431', '2.248', '0.080', '-0.08965', '-0.99597', '-0.00030', '0.99597',
    '-0.08965', '0.00015', '-0.00018', '-0.00028', '1.00000']
  '008.1333': ['0.431', '2.248', '0.080', '-0.19327', '-0.98115', '-0.00030', '0.98115',
    '-0.19327', '0.00015', '-0.00021', '-0.00026', '1.00000']
  '008.2000': ['0.431', '2.248', '0.080', '-0.21037', '-0.97762', '-0.00030', '0.97762',
    '-0.21037', '0.00015', '-0.00021', '-0.00026', '1.00000']
  '008.2667': ['0.427', '2.266', '0.080', '-0.21037', '-0.97762', '-0.00030', '0.97762',
    '-0.21037', '0.00015', '-0.00021', '-0.00026', '1.00000']
  '008.3333': ['0.421', '2.291', '0.080', '-0.21037', '-0.97762', '-0.00030', '0.97762',
    '-0.21037', '0.00015', '-0.00021', '-0.00026', '1.00000']
  '008.4000': ['0.416', '2.316', '0.080', '-0.21037', '-0.97762', '-0.00030', '0.97762',
    '-0.21037', '0.00015', '-0.00021', '-0.00026', '1.00000']
  '008.4667': ['0.410', '2.340', '0.080', '-0.17008', '-0.98543', '-0.00030', '0.98543',
    '-0.17008', '0.00015', '-0.00020', '-0.00027', '1.00000']
  '008.5333': ['0.405', '2.365', '0.080', '-0.06614', '-0.99781', '-0.00030', '0.99781',
    '-0.06614', '0.00015', '-0.00017', '-0.00029', '1.00000']
  '008.6000': ['0.403', '2.390', '0.080', '0.03853', '-0.99926', '-0.00030', '0.99926',
    '0.03853', '0.00015', '-0.00014', '-0.00030', '1.00000']
  '008.6667': ['0.404', '2.415', '0.080', '0.10362', '-0.99462', '-0.00030', '0.99462',
    '0.10362', '0.00015', '-0.00012', '-0.00031', '1.00000']
  '008.7333': ['0.406', '2.440', '0.080', '0.10362', '-0.99462', '-0.00030', '0.99462',
    '0.10362', '0.00015', '-0.00012', '-0.00031', '1.00000']
  '008.8000': ['0.408', '2.465', '0.080', '0.18168', '-0.98336', '-0.00030', '0.98336',
    '0.18168', '0.00015', '-0.00009', '-0.00032', '1.00000']
  '008.8667': ['0.412', '2.490', '0.080', '0.28347', '-0.95898', '-0.00030', '0.95898',
    '0.28347', '0.00015', '-0.00006', '-0.00033', '1.00000']
  '008.9333': ['0.419', '2.514', '0.080', '0.37020', '-0.92895', '-0.00030', '0.92895',
    '0.37020', '0.00015', '-0.00003', '-0.00033', '1.00000']
  '009.0000': ['0.429', '2.537', '0.080', '0.37020', '-0.92895', '-0.00030', '0.92895',
    '0.37020', '0.00015', '-0.00003', '-0.00033', '1.00000']
  '009.0667': ['0.438', '2.561', '0.080', '0.37020', '-0.92895', '-0.00030', '0.92895',
    '0.37020', '0.00015', '-0.00003', '-0.00033', '1.00000']
  '009.1333': ['0.447', '2.584', '0.080', '0.37020', '-0.92895', '-0.00030', '0.92895',
    '0.37020', '0.00015', '-0.00003', '-0.00033', '1.00000']
  '009.2000': ['0.457', '2.608', '0.080', '0.37020', '-0.92895', '-0.00030', '0.92895',
    '0.37020', '0.00015', '-0.00003', '-0.00033', '1.00000']
  '009.2667': ['0.466', '2.631', '0.080', '0.37020', '-0.92895', '-0.00030', '0.92895',
    '0.37020', '0.00015', '-0.00003', '-0.00033', '1.00000']
  '009.3333': ['0.475', '2.655', '0.080', '0.37020', '-0.92895', '-0.00030', '0.92895',
    '0.37020', '0.00015', '-0.00003', '-0.00033', '1.00000']
  '009.4000': ['0.485', '2.678', '0.080', '0.37020', '-0.92895', '-0.00030', '0.92895',
    '0.37020', '0.00015', '-0.00003', '-0.00033', '1.00000']
  '009.4667': ['0.494', '2.702', '0.080', '0.37020', '-0.92895', '-0.00030', '0.92895',
    '0.37020', '0.00015', '-0.00003', '-0.00033', '1.00000']
  '009.5333': ['0.503', '2.725', '0.080', '0.37020', '-0.92895', '-0.00030', '0.92895',
    '0.37020', '0.00015', '-0.00003', '-0.00033', '1.00000']
  '009.6000': ['0.513', '2.748', '0.080', '0.37020', '-0.92895', '-0.00030', '0.92895',
    '0.37020', '0.00015', '-0.00003', '-0.00033', '1.00000']
  '009.6667': ['0.522', '2.772', '0.080', '0.37020', '-0.92895', '-0.00030', '0.92895',
    '0.37020', '0.00015', '-0.00003', '-0.00033', '1.00000']
