begin_time_stamp: 1574101474.4666643
data_header:
  time_stamp: [x, y, z, R11, R12, R13, R21, R22, R23, R31, R32, R33]
trajectory_data:
  '000.0000': ['0.702', '0.957', '0.080', '-0.99718', '0.07507', '0.00003', '-0.07507',
    '-0.99718', '0.00004', '0.00004', '0.00004', '1.00000']
  '000.0667': ['0.676', '0.956', '0.080', '-1.00000', '0.00229', '0.00003', '-0.00229',
    '-1.00000', '0.00001', '0.00003', '0.00001', '1.00000']
  '000.1333': ['0.650', '0.958', '0.080', '-0.99610', '-0.08820', '0.00003', '0.08820',
    '-0.99610', '0.00000', '0.00003', '0.00000', '1.00000']
  '000.2000': ['0.625', '0.961', '0.080', '-0.98461', '-0.17478', '0.00001', '0.17478',
    '-0.98461', '-0.00000', '0.00001', '-0.00000', '1.00000']
  '000.2667': ['0.599', '0.966', '0.080', '-0.96573', '-0.25957', '0.00001', '0.25957',
    '-0.96573', '-0.00001', '0.00002', '-0.00001', '1.00000']
  '000.3333': ['0.572', '0.975', '0.080', '-0.94013', '-0.34082', '0.00001', '0.34082',
    '-0.94013', '-0.00002', '0.00001', '-0.00001', '1.00000']
  '000.4000': ['0.549', '0.987', '0.080', '-0.91012', '-0.41435', '-0.00009', '0.41435',
    '-0.91012', '-0.00005', '-0.00006', '-0.00008', '1.00000']
  '000.4667': ['0.526', '0.996', '0.080', '-0.87209', '-0.48934', '-0.00009', '0.48934',
    '-0.87209', '-0.00005', '-0.00006', '-0.00009', '1.00000']
  '000.5333': ['0.500', '1.007', '0.080', '-0.82235', '-0.56898', '0.00001', '0.56898',
    '-0.82235', '-0.00000', '0.00001', '0.00000', '1.00000']
  '000.6000': ['0.479', '1.019', '0.080', '-0.76241', '-0.64709', '0.00002', '0.64709',
    '-0.76241', '0.00000', '0.00001', '0.00001', '1.00000']
  '000.6667': ['0.458', '1.034', '0.080', '-0.69167', '-0.72222', '0.00002', '0.72222',
    '-0.69167', '0.00000', '0.00001', '0.00001', '1.00000']
  '000.7333': ['0.441', '1.050', '0.080', '-0.61456', '-0.78887', '0.00002', '0.78887',
    '-0.61456', '0.00001', '0.00001', '0.00002', '1.00000']
  '000.8000': ['0.426', '1.068', '0.080', '-0.60997', '-0.79243', '0.00001', '0.79243',
    '-0.60997', '0.00001', '0.00000', '0.00001', '1.00000']
  '000.8667': ['0.412', '1.087', '0.080', '-0.60565', '-0.79573', '0.00001', '0.79573',
    '-0.60565', '0.00002', '-0.00001', '0.00002', '1.00000']
  '000.9333': ['0.399', '1.106', '0.080', '-0.59911', '-0.80066', '0.00001', '0.80066',
    '-0.59911', '0.00004', '-0.00002', '0.00003', '1.00000']
  '001.0000': ['0.385', '1.125', '0.080', '-0.51250', '-0.85869', '-0.00001', '0.85869',
    '-0.51250', '0.00004', '-0.00004', '0.00002', '1.00000']
  '001.0667': ['0.372', '1.145', '0.080', '-0.42139', '-0.90688', '0.00000', '0.90688',
    '-0.42139', '0.00007', '-0.00006', '0.00003', '1.00000']
  '001.1333': ['0.362', '1.166', '0.080', '-0.32912', '-0.94429', '-0.00000', '0.94429',
    '-0.32912', '0.00007', '-0.00007', '0.00002', '1.00000']
  '001.2000': ['0.354', '1.189', '0.080', '-0.32693', '-0.94505', '-0.00001', '0.94505',
    '-0.32693', '0.00012', '-0.00011', '0.00003', '1.00000']
  '001.2667': ['0.347', '1.211', '0.080', '-0.32501', '-0.94571', '-0.00001', '0.94571',
    '-0.32501', '0.00014', '-0.00013', '0.00004', '1.00000']
  '001.3333': ['0.340', '1.232', '0.080', '-0.32141', '-0.94694', '-0.00001', '0.94694',
    '-0.32141', '0.00016', '-0.00016', '0.00005', '1.00000']
  '001.4000': ['0.333', '1.254', '0.080', '-0.22346', '-0.97471', '0.00001', '0.97471',
    '-0.22346', '0.00017', '-0.00016', '0.00005', '1.00000']
  '001.4667': ['0.328', '1.277', '0.080', '-0.12372', '-0.99232', '0.00000', '0.99232',
    '-0.12372', '0.00018', '-0.00018', '0.00003', '1.00000']
  '001.5333': ['0.324', '1.299', '0.080', '-0.02093', '-0.99978', '-0.00000', '0.99978',
    '-0.02093', '0.00021', '-0.00021', '0.00000', '1.00000']
  '001.6000': ['0.322', '1.322', '0.080', '0.08703', '-0.99621', '0.00002', '0.99621',
    '0.08703', '0.00023', '-0.00023', '-0.00000', '1.00000']
  '001.6667': ['0.323', '1.345', '0.080', '0.17016', '-0.98542', '0.00000', '0.98542',
    '0.17016', '0.00025', '-0.00025', '-0.00004', '1.00000']
  '001.7333': ['0.326', '1.370', '0.080', '0.18422', '-0.98288', '-0.00001', '0.98288',
    '0.18422', '0.00029', '-0.00028', '-0.00006', '1.00000']
  '001.8000': ['0.332', '1.400', '0.080', '0.19833', '-0.98014', '-0.00012', '0.98014',
    '0.19833', '0.00033', '-0.00030', '-0.00018', '1.00000']
  '001.8667': ['0.339', '1.425', '0.080', '0.17285', '-0.98495', '-0.00014', '0.98495',
    '0.17285', '0.00037', '-0.00034', '-0.00020', '1.00000']
  '001.9333': ['0.345', '1.448', '0.080', '0.08064', '-0.99674', '-0.00015', '0.99674',
    '0.08064', '0.00038', '-0.00037', '-0.00018', '1.00000']
  '002.0000': ['0.349', '1.472', '0.080', '0.07045', '-0.99752', '-0.00019', '0.99751',
    '0.07045', '0.00037', '-0.00036', '-0.00021', '1.00000']
  '002.0667': ['0.351', '1.495', '0.080', '0.07355', '-0.99729', '-0.00018', '0.99729',
    '0.07355', '0.00043', '-0.00041', '-0.00021', '1.00000']
  '002.1333': ['0.353', '1.518', '0.080', '0.07472', '-0.99720', '-0.00017', '0.99720',
    '0.07472', '0.00044', '-0.00043', '-0.00020', '1.00000']
  '002.2000': ['0.355', '1.541', '0.080', '0.07428', '-0.99724', '-0.00016', '0.99724',
    '0.07428', '0.00046', '-0.00045', '-0.00019', '1.00000']
  '002.2667': ['0.358', '1.564', '0.080', '0.07221', '-0.99739', '-0.00017', '0.99739',
    '0.07221', '0.00048', '-0.00046', '-0.00021', '1.00000']
  '002.3333': ['0.360', '1.588', '0.080', '0.06804', '-0.99768', '-0.00019', '0.99768',
    '0.06804', '0.00047', '-0.00046', '-0.00022', '1.00000']
  '002.4000': ['0.363', '1.611', '0.080', '0.06103', '-0.99814', '-0.00020', '0.99814',
    '0.06103', '0.00046', '-0.00044', '-0.00022', '1.00000']
  '002.4667': ['0.365', '1.635', '0.080', '0.05138', '-0.99868', '-0.00020', '0.99868',
    '0.05138', '0.00045', '-0.00044', '-0.00023', '1.00000']
  '002.5333': ['0.367', '1.658', '0.080', '0.03953', '-0.99922', '-0.00021', '0.99922',
    '0.03953', '0.00042', '-0.00041', '-0.00023', '1.00000']
  '002.6000': ['0.369', '1.681', '0.080', '0.02579', '-0.99967', '-0.00023', '0.99967',
    '0.02579', '0.00040', '-0.00040', '-0.00024', '1.00000']
  '002.6667': ['0.370', '1.703', '0.080', '0.01577', '-0.99988', '-0.00023', '0.99988',
    '0.01577', '0.00040', '-0.00040', '-0.00024', '1.00000']
  '002.7333': ['0.370', '1.726', '0.080', '0.10113', '-0.99487', '-0.00022', '0.99487',
    '0.10113', '0.00038', '-0.00036', '-0.00026', '1.00000']
  '002.8000': ['0.373', '1.747', '0.080', '0.18377', '-0.98297', '-0.00019', '0.98297',
    '0.18377', '0.00036', '-0.00032', '-0.00025', '1.00000']
  '002.8667': ['0.376', '1.767', '0.080', '0.26483', '-0.96430', '-0.00016', '0.96430',
    '0.26483', '0.00036', '-0.00030', '-0.00025', '1.00000']
  '002.9333': ['0.383', '1.784', '0.080', '0.33987', '-0.94047', '-0.00013', '0.94047',
    '0.33987', '0.00028', '-0.00022', '-0.00022', '1.00000']
  '003.0000': ['0.393', '1.796', '0.080', '0.40267', '-0.91535', '-0.00011', '0.91535',
    '0.40267', '0.00008', '-0.00003', '-0.00013', '1.00000']
  '003.0667': ['0.402', '1.821', '0.080', '0.46788', '-0.88379', '-0.00030', '0.88379',
    '0.46788', '-0.00005', '0.00019', '-0.00024', '1.00000']
  '003.1333': ['0.411', '1.842', '0.080', '0.53514', '-0.84476', '-0.00029', '0.84476',
    '0.53514', '-0.00008', '0.00022', '-0.00020', '1.00000']
  '003.2000': ['0.420', '1.866', '0.080', '0.60845', '-0.79359', '-0.00031', '0.79359',
    '0.60845', '-0.00011', '0.00027', '-0.00018', '1.00000']
  '003.2667': ['0.434', '1.885', '0.080', '0.67859', '-0.73451', '-0.00038', '0.73451',
    '0.67859', '-0.00020', '0.00040', '-0.00014', '1.00000']
  '003.3333': ['0.450', '1.903', '0.080', '0.74429', '-0.66786', '-0.00039', '0.66786',
    '0.74429', '-0.00022', '0.00043', '-0.00010', '1.00000']
  '003.4000': ['0.465', '1.919', '0.080', '0.80533', '-0.59282', '-0.00039', '0.59282',
    '0.80533', '-0.00023', '0.00045', '-0.00005', '1.00000']
  '003.4667': ['0.482', '1.933', '0.080', '0.85983', '-0.51057', '-0.00041', '0.51057',
    '0.85984', '-0.00024', '0.00048', '0.00000', '1.00000']
  '003.5333': ['0.500', '1.944', '0.080', '0.90697', '-0.42119', '-0.00040', '0.42119',
    '0.90697', '-0.00025', '0.00047', '0.00006', '1.00000']
  '003.6000': ['0.521', '1.954', '0.080', '0.94542', '-0.32585', '-0.00041', '0.32585',
    '0.94542', '-0.00027', '0.00048', '0.00012', '1.00000']
  '003.6667': ['0.544', '1.962', '0.080', '0.97445', '-0.22460', '-0.00043', '0.22460',
    '0.97445', '-0.00027', '0.00048', '0.00017', '1.00000']
  '003.7333': ['0.566', '1.967', '0.080', '0.99299', '-0.11823', '-0.00043', '0.11823',
    '0.99299', '-0.00028', '0.00046', '0.00022', '1.00000']
  '003.8000': ['0.589', '1.971', '0.080', '0.99998', '-0.00683', '-0.00043', '0.00683',
    '0.99998', '-0.00027', '0.00043', '0.00026', '1.00000']
  '003.8667': ['0.614', '1.972', '0.080', '0.99385', '0.11075', '-0.00044', '-0.11076',
    '0.99385', '-0.00029', '0.00040', '0.00033', '1.00000']
  '003.9333': ['0.643', '1.971', '0.080', '0.99086', '0.13488', '-0.00031', '-0.13488',
    '0.99086', '-0.00016', '0.00029', '0.00021', '1.00000']
  '004.0000': ['0.660', '1.967', '0.080', '0.98752', '0.15747', '-0.00040', '-0.15747',
    '0.98752', '-0.00030', '0.00034', '0.00036', '1.00000']
  '004.0667': ['0.682', '1.963', '0.080', '0.98366', '0.18002', '-0.00041', '-0.18002',
    '0.98366', '-0.00034', '0.00034', '0.00041', '1.00000']
  '004.1333': ['0.705', '1.958', '0.080', '0.99283', '0.11950', '-0.00040', '-0.11950',
    '0.99283', '-0.00036', '0.00035', '0.00041', '1.00000']
  '004.2000': ['0.727', '1.953', '0.080', '0.99805', '0.06239', '-0.00036', '-0.06239',
    '0.99805', '-0.00037', '0.00034', '0.00039', '1.00000']
  '004.2667': ['0.750', '1.951', '0.080', '0.99764', '0.06865', '-0.00034', '-0.06865',
    '0.99764', '-0.00038', '0.00032', '0.00040', '1.00000']
  '004.3333': ['0.767', '1.955', '0.080', '0.99697', '0.07773', '-0.00042', '-0.07773',
    '0.99697', '-0.00044', '0.00039', '0.00047', '1.00000']
  '004.4000': ['0.788', '1.954', '0.080', '0.99636', '0.08526', '-0.00032', '-0.08526',
    '0.99636', '-0.00050', '0.00028', '0.00052', '1.00000']
  '004.4667': ['0.809', '1.951', '0.080', '0.99595', '0.08994', '-0.00024', '-0.08994',
    '0.99595', '-0.00049', '0.00020', '0.00051', '1.00000']
  '004.5333': ['0.831', '1.948', '0.080', '0.99590', '0.09041', '-0.00016', '-0.09041',
    '0.99590', '-0.00039', '0.00012', '0.00041', '1.00000']
  '004.6000': ['0.858', '1.944', '0.080', '0.99609', '0.08830', '-0.00016', '-0.08830',
    '0.99609', '-0.00034', '0.00013', '0.00035', '1.00000']
  '004.6667': ['0.882', '1.942', '0.080', '0.99639', '0.08485', '-0.00015', '-0.08485',
    '0.99639', '-0.00030', '0.00013', '0.00031', '1.00000']
  '004.7333': ['0.906', '1.939', '0.080', '0.99999', '0.00319', '-0.00018', '-0.00319',
    '0.99999', '-0.00029', '0.00018', '0.00029', '1.00000']
  '004.8000': ['0.931', '1.941', '0.080', '0.99670', '-0.08121', '-0.00042', '0.08121',
    '0.99670', '-0.00038', '0.00045', '0.00035', '1.00000']
  '004.8667': ['0.957', '1.942', '0.080', '0.99606', '-0.08867', '-0.00043', '0.08867',
    '0.99606', '-0.00039', '0.00046', '0.00035', '1.00000']
  '004.9333': ['0.980', '1.944', '0.080', '0.99513', '-0.09855', '-0.00044', '0.09855',
    '0.99513', '-0.00041', '0.00047', '0.00036', '1.00000']
  '005.0000': ['1.004', '1.947', '0.080', '0.99403', '-0.10911', '-0.00040', '0.10911',
    '0.99403', '-0.00040', '0.00044', '0.00036', '1.00000']
  '005.0667': ['1.029', '1.950', '0.080', '0.99282', '-0.11965', '-0.00039', '0.11965',
    '0.99282', '-0.00038', '0.00043', '0.00033', '1.00000']
  '005.1333': ['1.053', '1.953', '0.080', '0.99176', '-0.12814', '-0.00039', '0.12814',
    '0.99176', '-0.00039', '0.00044', '0.00034', '1.00000']
  '005.2000': ['1.079', '1.952', '0.080', '0.99239', '-0.12311', '-0.00036', '0.12311',
    '0.99239', '-0.00032', '0.00039', '0.00027', '1.00000']
  '005.2667': ['1.105', '1.954', '0.080', '0.99927', '-0.03832', '-0.00035', '0.03832',
    '0.99927', '-0.00031', '0.00037', '0.00030', '1.00000']
  '005.3333': ['1.133', '1.955', '0.080', '1.00000', '0.00101', '-0.00030', '-0.00101',
    '1.00000', '-0.00027', '0.00030', '0.00028', '1.00000']
  '005.4000': ['1.157', '1.956', '0.080', '1.00000', '0.00190', '-0.00030', '-0.00190',
    '1.00000', '-0.00021', '0.00030', '0.00021', '1.00000']
  '005.4667': ['1.181', '1.956', '0.080', '0.99996', '0.00913', '-0.00034', '-0.00913',
    '0.99996', '-0.00024', '0.00034', '0.00024', '1.00000']
  '005.5333': ['1.206', '1.954', '0.080', '0.99982', '0.01885', '-0.00029', '-0.01885',
    '0.99982', '-0.00025', '0.00029', '0.00026', '1.00000']
  '005.6000': ['1.233', '1.952', '0.080', '0.99960', '0.02829', '-0.00026', '-0.02829',
    '0.99960', '-0.00027', '0.00026', '0.00028', '1.00000']
  '005.6667': ['1.258', '1.950', '0.080', '0.99928', '0.03798', '-0.00023', '-0.03798',
    '0.99928', '-0.00026', '0.00022', '0.00027', '1.00000']
  '005.7333': ['1.283', '1.947', '0.080', '0.99887', '0.04755', '-0.00020', '-0.04755',
    '0.99887', '-0.00026', '0.00019', '0.00027', '1.00000']
  '005.8000': ['1.308', '1.945', '0.080', '0.99832', '0.05787', '-0.00021', '-0.05787',
    '0.99832', '-0.00025', '0.00020', '0.00027', '1.00000']
  '005.8667': ['1.335', '1.942', '0.080', '0.99762', '0.06899', '-0.00020', '-0.06900',
    '0.99762', '-0.00023', '0.00018', '0.00024', '1.00000']
  '005.9333': ['1.362', '1.941', '0.080', '0.99957', '0.02925', '-0.00019', '-0.02925',
    '0.99957', '-0.00023', '0.00018', '0.00023', '1.00000']
  '006.0000': ['1.387', '1.938', '0.080', '0.99831', '-0.05807', '-0.00017', '0.05806',
    '0.99831', '-0.00023', '0.00018', '0.00022', '1.00000']
  '006.0667': ['1.411', '1.938', '0.080', '0.99811', '-0.06139', '-0.00015', '0.06139',
    '0.99811', '-0.00023', '0.00017', '0.00022', '1.00000']
  '006.1333': ['1.436', '1.937', '0.080', '0.99817', '-0.06044', '-0.00012', '0.06044',
    '0.99817', '-0.00022', '0.00013', '0.00021', '1.00000']
  '006.2000': ['1.464', '1.934', '0.080', '0.99747', '-0.07116', '0.00003', '0.07116',
    '0.99747', '-0.00010', '-0.00003', '0.00010', '1.00000']
  '006.2667': ['1.490', '1.934', '0.080', '0.99634', '-0.08548', '0.00005', '0.08548',
    '0.99634', '-0.00007', '-0.00004', '0.00008', '1.00000']
  '006.3333': ['1.515', '1.936', '0.080', '0.99486', '-0.10121', '0.00006', '0.10121',
    '0.99486', '-0.00008', '-0.00005', '0.00008', '1.00000']
  '006.4000': ['1.538', '1.938', '0.080', '0.99308', '-0.11740', '0.00007', '0.11740',
    '0.99308', '-0.00008', '-0.00006', '0.00009', '1.00000']
  '006.4667': ['1.563', '1.943', '0.080', '0.99877', '-0.04953', '0.00006', '0.04953',
    '0.99877', '-0.00008', '-0.00006', '0.00009', '1.00000']
  '006.5333': ['1.579', '1.947', '0.080', '0.99966', '0.02595', '-0.00012', '-0.02595',
    '0.99966', '-0.00018', '0.00012', '0.00018', '1.00000']
  '006.6000': ['1.606', '1.947', '0.080', '0.99966', '0.02626', '-0.00011', '-0.02626',
    '0.99966', '-0.00021', '0.00010', '0.00021', '1.00000']
  '006.6667': ['1.638', '1.945', '0.080', '0.99963', '0.02725', '-0.00018', '-0.02725',
    '0.99963', '-0.00030', '0.00017', '0.00030', '1.00000']
  '006.7333': ['1.666', '1.941', '0.080', '0.99966', '0.02604', '-0.00016', '-0.02604',
    '0.99966', '-0.00029', '0.00015', '0.00029', '1.00000']
  '006.8000': ['1.690', '1.940', '0.080', '0.99966', '0.02608', '-0.00013', '-0.02608',
    '0.99966', '-0.00029', '0.00012', '0.00029', '1.00000']
  '006.8667': ['1.716', '1.940', '0.080', '0.99959', '0.02851', '-0.00009', '-0.02851',
    '0.99959', '-0.00029', '0.00009', '0.00030', '1.00000']
  '006.9333': ['1.737', '1.941', '0.080', '0.99975', '0.02254', '-0.00008', '-0.02254',
    '0.99975', '-0.00032', '0.00007', '0.00032', '1.00000']
  '007.0000': ['1.749', '1.945', '0.080', '0.99779', '-0.06642', '0.00004', '0.06642',
    '0.99779', '-0.00033', '-0.00002', '0.00033', '1.00000']
  '007.0667': ['1.770', '1.949', '0.080', '0.99611', '-0.08812', '0.00009', '0.08812',
    '0.99611', '-0.00027', '-0.00006', '0.00027', '1.00000']
  '007.1333': ['1.793', '1.950', '0.080', '0.99685', '-0.07935', '0.00007', '0.07935',
    '0.99685', '-0.00027', '-0.00005', '0.00027', '1.00000']
  '007.2000': ['1.814', '1.950', '0.080', '0.99709', '-0.07618', '0.00012', '0.07618',
    '0.99709', '-0.00027', '-0.00009', '0.00028', '1.00000']
  '007.2667': ['1.836', '1.951', '0.080', '0.99714', '-0.07562', '0.00013', '0.07562',
    '0.99714', '-0.00028', '-0.00010', '0.00029', '1.00000']
  '007.3333': ['1.864', '1.953', '0.080', '0.99714', '-0.07559', '0.00015', '0.07559',
    '0.99714', '-0.00028', '-0.00013', '0.00029', '1.00000']
  '007.4000': ['1.891', '1.956', '0.080', '0.99731', '-0.07327', '0.00016', '0.07327',
    '0.99731', '-0.00029', '-0.00014', '0.00030', '1.00000']
  '007.4667': ['1.916', '1.959', '0.080', '0.99760', '-0.06927', '0.00014', '0.06927',
    '0.99760', '-0.00026', '-0.00012', '0.00027', '1.00000']
  '007.5333': ['1.952', '1.960', '0.080', '0.99771', '-0.06767', '-0.00008', '0.06767',
    '0.99771', '-0.00015', '0.00009', '0.00014', '1.00000']
  '007.6000': ['1.984', '1.963', '0.080', '0.99802', '-0.06297', '-0.00011', '0.06297',
    '0.99802', '-0.00013', '0.00011', '0.00012', '1.00000']
  '007.6667': ['2.016', '1.969', '0.080', '0.99873', '-0.05040', '-0.00028', '0.05040',
    '0.99873', '-0.00005', '0.00028', '0.00003', '1.00000']
  '007.7333': ['2.041', '1.969', '0.080', '0.99916', '-0.04098', '-0.00024', '0.04098',
    '0.99916', '-0.00006', '0.00024', '0.00005', '1.00000']
  '007.8000': ['2.068', '1.964', '0.080', '0.99898', '-0.04515', '-0.00008', '0.04515',
    '0.99898', '-0.00006', '0.00008', '0.00005', '1.00000']
  '007.8667': ['2.101', '1.961', '0.080', '0.99826', '-0.05898', '-0.00009', '0.05898',
    '0.99826', '-0.00004', '0.00009', '0.00004', '1.00000']
  '007.9333': ['2.127', '1.962', '0.080', '0.99725', '-0.07405', '-0.00007', '0.07405',
    '0.99725', '-0.00007', '0.00007', '0.00007', '1.00000']
  '008.0000': ['2.151', '1.963', '0.080', '0.99590', '-0.09048', '-0.00002', '0.09048',
    '0.99590', '-0.00005', '0.00003', '0.00005', '1.00000']
  '008.0667': ['2.176', '1.968', '0.080', '0.99450', '-0.10474', '0.00002', '0.10474',
    '0.99450', '-0.00008', '-0.00002', '0.00008', '1.00000']
  '008.1333': ['2.206', '1.978', '0.080', '0.99426', '-0.10696', '-0.00007', '0.10696',
    '0.99426', '-0.00014', '0.00008', '0.00013', '1.00000']
  '008.2000': ['2.232', '1.983', '0.080', '0.99445', '-0.10523', '-0.00005', '0.10523',
    '0.99445', '-0.00014', '0.00007', '0.00013', '1.00000']
  '008.2667': ['2.256', '1.988', '0.080', '0.99482', '-0.10166', '-0.00001', '0.10166',
    '0.99482', '-0.00018', '0.00003', '0.00018', '1.00000']
  '008.3333': ['2.280', '1.990', '0.080', '0.99538', '-0.09606', '0.00001', '0.09606',
    '0.99538', '-0.00020', '0.00000', '0.00020', '1.00000']
  '008.4000': ['2.304', '1.993', '0.080', '0.99998', '0.00690', '0.00006', '-0.00690',
    '0.99998', '-0.00020', '-0.00006', '0.00020', '1.00000']
  '008.4667': ['2.329', '1.993', '0.080', '0.99395', '0.10979', '0.00012', '-0.10979',
    '0.99395', '-0.00021', '-0.00014', '0.00019', '1.00000']
  '008.5333': ['2.354', '1.991', '0.080', '0.97703', '0.21309', '0.00012', '-0.21309',
    '0.97703', '-0.00021', '-0.00016', '0.00018', '1.00000']
  '008.6000': ['2.379', '1.986', '0.080', '0.94940', '0.31406', '0.00012', '-0.31406',
    '0.94940', '-0.00021', '-0.00018', '0.00016', '1.00000']
  '008.6667': ['2.403', '1.979', '0.080', '0.91137', '0.41158', '0.00012', '-0.41158',
    '0.91137', '-0.00021', '-0.00019', '0.00014', '1.00000']
  '008.7333': ['2.426', '1.969', '0.080', '0.86336', '0.50460', '0.00012', '-0.50460',
    '0.86336', '-0.00021', '-0.00021', '0.00012', '1.00000']
  '008.8000': ['2.448', '1.957', '0.080', '0.80588', '0.59208', '0.00012', '-0.59208',
    '0.80588', '-0.00021', '-0.00022', '0.00010', '1.00000']
  '008.8667': ['2.469', '1.943', '0.080', '0.73957', '0.67308', '0.00012', '-0.67308',
    '0.73957', '-0.00021', '-0.00023', '0.00007', '1.00000']
  '008.9333': ['2.487', '1.926', '0.080', '0.66516', '0.74670', '0.00012', '-0.74670',
    '0.66516', '-0.00021', '-0.00023', '0.00005', '1.00000']
  '009.0000': ['2.505', '1.908', '0.080', '0.58346', '0.81214', '0.00012', '-0.81214',
    '0.58346', '-0.00021', '-0.00024', '0.00002', '1.00000']
  '009.0667': ['2.520', '1.888', '0.080', '0.49537', '0.86868', '0.00012', '-0.86868',
    '0.49537', '-0.00021', '-0.00024', '-0.00000', '1.00000']
  '009.1333': ['2.533', '1.866', '0.080', '0.40185', '0.91571', '0.00012', '-0.91571',
    '0.40185', '-0.00021', '-0.00024', '-0.00003', '1.00000']
  '009.2000': ['2.544', '1.844', '0.080', '0.30393', '0.95270', '0.00012', '-0.95270',
    '0.30393', '-0.00021', '-0.00023', '-0.00005', '1.00000']
  '009.2667': ['2.552', '1.820', '0.080', '0.20267', '0.97925', '0.00012', '-0.97925',
    '0.20267', '-0.00021', '-0.00023', '-0.00007', '1.00000']
  '009.3333': ['2.558', '1.796', '0.080', '0.09920', '0.99507', '0.00012', '-0.99507',
    '0.09920', '-0.00021', '-0.00022', '-0.00010', '1.00000']
  '009.4000': ['2.561', '1.771', '0.080', '-0.00536', '0.99999', '0.00012', '-0.99999',
    '-0.00536', '-0.00021', '-0.00021', '-0.00012', '1.00000']
  '009.4667': ['2.562', '1.746', '0.080', '-0.10987', '0.99395', '0.00012', '-0.99395',
    '-0.10987', '-0.00021', '-0.00019', '-0.00014', '1.00000']
  '009.5333': ['2.560', '1.720', '0.080', '-0.21316', '0.97702', '0.00012', '-0.97702',
    '-0.21316', '-0.00021', '-0.00018', '-0.00016', '1.00000']
  '009.6000': ['2.555', '1.696', '0.080', '-0.31413', '0.94938', '0.00012', '-0.94938',
    '-0.31413', '-0.00021', '-0.00016', '-0.00018', '1.00000']
