begin_time_stamp: 1574101514.466663
data_header:
  time_stamp: [x, y, z, R11, R12, R13, R21, R22, R23, R31, R32, R33]
trajectory_data:
  '000.0000': ['0.937', '3.346', '0.080', '-0.99842', '-0.05621', '-0.00030', '0.05621',
    '-0.99842', '0.00044', '-0.00033', '0.00043', '1.00000']
  '000.0667': ['0.909', '3.354', '0.080', '-0.99906', '-0.04336', '-0.00059', '0.04336',
    '-0.99906', '0.00070', '-0.00062', '0.00068', '1.00000']
  '000.1333': ['0.886', '3.356', '0.080', '-0.99958', '-0.02900', '-0.00060', '0.02900',
    '-0.99958', '0.00069', '-0.00062', '0.00067', '1.00000']
  '000.2000': ['0.862', '3.353', '0.080', '-0.99981', '-0.01937', '-0.00064', '0.01937',
    '-0.99981', '0.00069', '-0.00065', '0.00068', '1.00000']
  '000.2667': ['0.839', '3.347', '0.080', '-0.99975', '-0.02225', '-0.00037', '0.02225',
    '-0.99975', '0.00048', '-0.00038', '0.00047', '1.00000']
  '000.3333': ['0.815', '3.345', '0.080', '-0.99956', '-0.02969', '-0.00036', '0.02969',
    '-0.99956', '0.00047', '-0.00037', '0.00046', '1.00000']
  '000.4000': ['0.791', '3.345', '0.080', '-0.99927', '-0.03819', '-0.00036', '0.03819',
    '-0.99927', '0.00048', '-0.00038', '0.00047', '1.00000']
  '000.4667': ['0.765', '3.346', '0.080', '-0.99885', '-0.04799', '-0.00037', '0.04799',
    '-0.99885', '0.00049', '-0.00039', '0.00047', '1.00000']
  '000.5333': ['0.742', '3.346', '0.080', '-0.99822', '-0.05962', '-0.00038', '0.05962',
    '-0.99822', '0.00046', '-0.00041', '0.00044', '1.00000']
  '000.6000': ['0.718', '3.346', '0.080', '-0.99713', '-0.07571', '-0.00033', '0.07571',
    '-0.99713', '0.00051', '-0.00037', '0.00048', '1.00000']
  '000.6667': ['0.691', '3.341', '0.080', '-0.99435', '-0.10616', '0.00036', '0.10616',
    '-0.99435', '0.00086', '0.00026', '0.00089', '1.00000']
  '000.7333': ['0.667', '3.349', '0.080', '-0.99480', '-0.10181', '-0.00034', '0.10181',
    '-0.99480', '0.00052', '-0.00039', '0.00048', '1.00000']
  '000.8000': ['0.643', '3.353', '0.080', '-0.99962', '-0.02755', '-0.00044', '0.02755',
    '-0.99962', '0.00045', '-0.00045', '0.00044', '1.00000']
  '000.8667': ['0.620', '3.355', '0.080', '-0.99879', '0.04910', '-0.00047', '-0.04910',
    '-0.99879', '0.00043', '-0.00045', '0.00045', '1.00000']
  '000.9333': ['0.596', '3.355', '0.080', '-0.99161', '0.12928', '-0.00049', '-0.12928',
    '-0.99161', '0.00060', '-0.00040', '0.00066', '1.00000']
  '001.0000': ['0.574', '3.354', '0.080', '-0.97640', '0.21598', '-0.00049', '-0.21598',
    '-0.97640', '0.00055', '-0.00036', '0.00065', '1.00000']
  '001.0667': ['0.550', '3.348', '0.080', '-0.95244', '0.30474', '-0.00050', '-0.30474',
    '-0.95244', '0.00052', '-0.00032', '0.00065', '1.00000']
  '001.1333': ['0.528', '3.341', '0.080', '-0.91889', '0.39451', '-0.00055', '-0.39451',
    '-0.91889', '0.00050', '-0.00031', '0.00068', '1.00000']
  '001.2000': ['0.513', '3.331', '0.080', '-0.87688', '0.48072', '-0.00066', '-0.48072',
    '-0.87688', '0.00060', '-0.00029', '0.00084', '1.00000']
  '001.2667': ['0.500', '3.322', '0.080', '-0.82717', '0.56195', '-0.00067', '-0.56195',
    '-0.82717', '0.00037', '-0.00035', '0.00068', '1.00000']
  '001.3333': ['0.481', '3.308', '0.080', '-0.79400', '0.60792', '-0.00064', '-0.60792',
    '-0.79400', '0.00033', '-0.00031', '0.00065', '1.00000']
  '001.4000': ['0.459', '3.293', '0.080', '-0.79813', '0.60249', '-0.00064', '-0.60249',
    '-0.79813', '0.00035', '-0.00030', '0.00066', '1.00000']
  '001.4667': ['0.428', '3.275', '0.080', '-0.79674', '0.60432', '-0.00065', '-0.60432',
    '-0.79674', '0.00048', '-0.00022', '0.00078', '1.00000']
  '001.5333': ['0.403', '3.262', '0.080', '-0.79034', '0.61267', '-0.00063', '-0.61267',
    '-0.79034', '0.00032', '-0.00030', '0.00064', '1.00000']
  '001.6000': ['0.379', '3.244', '0.080', '-0.78592', '0.61833', '-0.00059', '-0.61833',
    '-0.78592', '0.00026', '-0.00030', '0.00057', '1.00000']
  '001.6667': ['0.358', '3.226', '0.080', '-0.78521', '0.61923', '-0.00059', '-0.61923',
    '-0.78521', '0.00023', '-0.00032', '0.00055', '1.00000']
  '001.7333': ['0.338', '3.208', '0.080', '-0.79006', '0.61303', '-0.00061', '-0.61304',
    '-0.79006', '0.00023', '-0.00034', '0.00056', '1.00000']
  '001.8000': ['0.323', '3.193', '0.080', '-0.80095', '0.59873', '-0.00064', '-0.59873',
    '-0.80095', '0.00021', '-0.00039', '0.00055', '1.00000']
  '001.8667': ['0.305', '3.177', '0.080', '-0.76450', '0.64462', '-0.00065', '-0.64462',
    '-0.76450', '0.00019', '-0.00038', '0.00056', '1.00000']
  '001.9333': ['0.285', '3.160', '0.080', '-0.71731', '0.69676', '-0.00064', '-0.69676',
    '-0.71731', '0.00012', '-0.00038', '0.00054', '1.00000']
  '002.0000': ['0.259', '3.145', '0.080', '-0.65706', '0.75384', '-0.00071', '-0.75384',
    '-0.65706', '0.00006', '-0.00042', '0.00057', '1.00000']
  '002.0667': ['0.241', '3.127', '0.080', '-0.58881', '0.80827', '-0.00071', '-0.80827',
    '-0.58881', '0.00002', '-0.00040', '0.00058', '1.00000']
  '002.1333': ['0.226', '3.108', '0.080', '-0.51396', '0.85781', '-0.00070', '-0.85781',
    '-0.51396', '-0.00002', '-0.00037', '0.00059', '1.00000']
  '002.2000': ['0.213', '3.089', '0.080', '-0.43206', '0.90184', '-0.00069', '-0.90184',
    '-0.43206', '-0.00007', '-0.00036', '0.00060', '1.00000']
  '002.2667': ['0.202', '3.067', '0.080', '-0.34280', '0.93941', '-0.00071', '-0.93941',
    '-0.34280', '-0.00009', '-0.00033', '0.00064', '1.00000']
  '002.3333': ['0.192', '3.045', '0.080', '-0.24639', '0.96917', '-0.00071', '-0.96917',
    '-0.24640', '-0.00009', '-0.00026', '0.00067', '1.00000']
  '002.4000': ['0.186', '3.021', '0.080', '-0.20311', '0.97916', '-0.00067', '-0.97916',
    '-0.20311', '-0.00010', '-0.00023', '0.00063', '1.00000']
  '002.4667': ['0.180', '2.996', '0.080', '-0.19787', '0.98023', '-0.00065', '-0.98023',
    '-0.19787', '-0.00010', '-0.00023', '0.00061', '1.00000']
  '002.5333': ['0.175', '2.973', '0.080', '-0.19208', '0.98138', '-0.00065', '-0.98138',
    '-0.19208', '-0.00010', '-0.00023', '0.00062', '1.00000']
  '002.6000': ['0.172', '2.950', '0.080', '-0.18778', '0.98221', '-0.00065', '-0.98221',
    '-0.18778', '-0.00008', '-0.00020', '0.00062', '1.00000']
  '002.6667': ['0.168', '2.928', '0.080', '-0.18545', '0.98265', '-0.00067', '-0.98265',
    '-0.18545', '-0.00009', '-0.00021', '0.00064', '1.00000']
  '002.7333': ['0.165', '2.907', '0.080', '-0.18486', '0.98277', '-0.00068', '-0.98277',
    '-0.18486', '-0.00010', '-0.00023', '0.00065', '1.00000']
  '002.8000': ['0.161', '2.885', '0.080', '-0.18624', '0.98250', '-0.00070', '-0.98250',
    '-0.18624', '-0.00011', '-0.00023', '0.00067', '1.00000']
  '002.8667': ['0.158', '2.862', '0.080', '-0.19080', '0.98163', '-0.00067', '-0.98163',
    '-0.19080', '-0.00010', '-0.00022', '0.00064', '1.00000']
  '002.9333': ['0.154', '2.841', '0.080', '-0.19771', '0.98026', '-0.00067', '-0.98026',
    '-0.19771', '-0.00007', '-0.00020', '0.00064', '1.00000']
  '003.0000': ['0.151', '2.819', '0.080', '-0.20748', '0.97824', '-0.00065', '-0.97824',
    '-0.20748', '-0.00005', '-0.00019', '0.00063', '1.00000']
  '003.0667': ['0.146', '2.796', '0.080', '-0.18464', '0.98281', '-0.00065', '-0.98281',
    '-0.18464', '-0.00004', '-0.00016', '0.00063', '1.00000']
  '003.1333': ['0.142', '2.773', '0.080', '-0.09611', '0.99537', '-0.00067', '-0.99537',
    '-0.09611', '-0.00008', '-0.00014', '0.00066', '1.00000']
  '003.2000': ['0.138', '2.749', '0.080', '-0.09141', '0.99581', '-0.00067', '-0.99581',
    '-0.09141', '-0.00010', '-0.00016', '0.00066', '1.00000']
  '003.2667': ['0.135', '2.727', '0.080', '-0.09785', '0.99520', '-0.00071', '-0.99520',
    '-0.09785', '-0.00008', '-0.00015', '0.00070', '1.00000']
  '003.3333': ['0.133', '2.704', '0.080', '-0.10376', '0.99460', '-0.00068', '-0.99460',
    '-0.10376', '-0.00003', '-0.00010', '0.00067', '1.00000']
  '003.4000': ['0.131', '2.678', '0.080', '-0.11143', '0.99377', '-0.00070', '-0.99377',
    '-0.11143', '-0.00008', '-0.00016', '0.00068', '1.00000']
  '003.4667': ['0.129', '2.652', '0.080', '-0.12197', '0.99253', '-0.00063', '-0.99253',
    '-0.12197', '-0.00017', '-0.00024', '0.00061', '1.00000']
  '003.5333': ['0.126', '2.629', '0.080', '-0.13494', '0.99085', '-0.00060', '-0.99085',
    '-0.13494', '-0.00029', '-0.00037', '0.00056', '1.00000']
  '003.6000': ['0.122', '2.606', '0.080', '-0.06850', '0.99765', '-0.00052', '-0.99765',
    '-0.06851', '-0.00041', '-0.00044', '0.00049', '1.00000']
  '003.6667': ['0.118', '2.583', '0.080', '-0.00207', '1.00000', '-0.00052', '-1.00000',
    '-0.00207', '-0.00045', '-0.00045', '0.00051', '1.00000']
  '003.7333': ['0.113', '2.561', '0.080', '-0.00221', '1.00000', '-0.00061', '-1.00000',
    '-0.00221', '-0.00073', '-0.00073', '0.00061', '1.00000']
  '003.8000': ['0.110', '2.538', '0.080', '0.00330', '0.99999', '-0.00058', '-0.99999',
    '0.00330', '-0.00076', '-0.00076', '0.00058', '1.00000']
  '003.8667': ['0.108', '2.512', '0.080', '0.01170', '0.99993', '-0.00050', '-0.99993',
    '0.01170', '-0.00077', '-0.00076', '0.00051', '1.00000']
  '003.9333': ['0.108', '2.488', '0.080', '0.02039', '0.99979', '-0.00047', '-0.99979',
    '0.02039', '-0.00077', '-0.00076', '0.00049', '1.00000']
  '004.0000': ['0.109', '2.464', '0.080', '0.02770', '0.99962', '-0.00046', '-0.99962',
    '0.02770', '-0.00077', '-0.00075', '0.00048', '1.00000']
  '004.0667': ['0.110', '2.440', '0.080', '0.03267', '0.99947', '-0.00045', '-0.99947',
    '0.03267', '-0.00077', '-0.00075', '0.00048', '1.00000']
  '004.1333': ['0.112', '2.412', '0.080', '0.03490', '0.99939', '-0.00047', '-0.99939',
    '0.03490', '-0.00073', '-0.00071', '0.00050', '1.00000']
  '004.2000': ['0.114', '2.387', '0.080', '0.03554', '0.99937', '-0.00047', '-0.99937',
    '0.03554', '-0.00074', '-0.00072', '0.00049', '1.00000']
  '004.2667': ['0.115', '2.363', '0.080', '0.03474', '0.99940', '-0.00048', '-0.99940',
    '0.03474', '-0.00076', '-0.00074', '0.00050', '1.00000']
  '004.3333': ['0.116', '2.338', '0.080', '0.03306', '0.99945', '-0.00048', '-0.99945',
    '0.03306', '-0.00077', '-0.00075', '0.00050', '1.00000']
  '004.4000': ['0.117', '2.311', '0.080', '0.03143', '0.99951', '-0.00048', '-0.99951',
    '0.03143', '-0.00076', '-0.00075', '0.00051', '1.00000']
  '004.4667': ['0.118', '2.288', '0.080', '0.03019', '0.99954', '-0.00054', '-0.99954',
    '0.03019', '-0.00069', '-0.00068', '0.00056', '1.00000']
  '004.5333': ['0.118', '2.261', '0.080', '0.02892', '0.99958', '-0.00053', '-0.99958',
    '0.02892', '-0.00069', '-0.00068', '0.00055', '1.00000']
  '004.6000': ['0.119', '2.236', '0.080', '0.02772', '0.99962', '-0.00050', '-0.99962',
    '0.02772', '-0.00071', '-0.00070', '0.00052', '1.00000']
  '004.6667': ['0.120', '2.214', '0.080', '0.02739', '0.99962', '-0.00050', '-0.99962',
    '0.02739', '-0.00072', '-0.00071', '0.00052', '1.00000']
  '004.7333': ['0.120', '2.192', '0.080', '0.02803', '0.99961', '-0.00048', '-0.99961',
    '0.02803', '-0.00076', '-0.00075', '0.00050', '1.00000']
  '004.8000': ['0.121', '2.170', '0.080', '0.02906', '0.99958', '-0.00052', '-0.99958',
    '0.02906', '-0.00076', '-0.00074', '0.00055', '1.00000']
  '004.8667': ['0.122', '2.149', '0.080', '0.03141', '0.99951', '-0.00071', '-0.99951',
    '0.03141', '-0.00067', '-0.00065', '0.00073', '1.00000']
  '004.9333': ['0.123', '2.127', '0.080', '0.13375', '0.99101', '-0.00090', '-0.99102',
    '0.13375', '-0.00059', '-0.00047', '0.00097', '1.00000']
  '005.0000': ['0.125', '2.118', '0.080', '0.23357', '0.97234', '-0.00108', '-0.97234',
    '0.23357', '-0.00052', '-0.00025', '0.00117', '1.00000']
  '005.0667': ['0.126', '2.121', '0.080', '0.33108', '0.94360', '-0.00127', '-0.94360',
    '0.33108', '-0.00044', '0.00001', '0.00134', '1.00000']
  '005.1333': ['0.126', '2.125', '0.080', '0.42525', '0.90507', '-0.00145', '-0.90508',
    '0.42525', '-0.00036', '0.00029', '0.00147', '1.00000']
  '005.2000': ['0.127', '2.128', '0.080', '0.51510', '0.85713', '-0.00164', '-0.85713',
    '0.51510', '-0.00028', '0.00061', '0.00155', '1.00000']
  '005.2667': ['0.128', '2.131', '0.080', '0.59968', '0.80023', '-0.00183', '-0.80024',
    '0.59968', '-0.00020', '0.00094', '0.00158', '1.00000']
  '005.3333': ['0.127', '2.135', '0.080', '0.68033', '0.73290', '-0.00183', '-0.73290',
    '0.68034', '-0.00017', '0.00112', '0.00146', '1.00000']
  '005.4000': ['0.121', '2.140', '0.080', '0.72896', '0.68456', '-0.00178', '-0.68456',
    '0.72896', '-0.00019', '0.00117', '0.00135', '1.00000']
  '005.4667': ['0.115', '2.145', '0.080', '0.73079', '0.68260', '-0.00172', '-0.68260',
    '0.73079', '-0.00020', '0.00112', '0.00132', '1.00000']
  '005.5333': ['0.126', '2.136', '0.080', '0.73238', '0.68089', '-0.00168', '-0.68089',
    '0.73238', '-0.00021', '0.00109', '0.00130', '1.00000']
  '005.6000': ['0.139', '2.124', '0.080', '0.73368', '0.67949', '-0.00165', '-0.67950',
    '0.73368', '-0.00020', '0.00108', '0.00127', '1.00000']
  '005.6667': ['0.152', '2.113', '0.080', '0.73466', '0.67843', '-0.00164', '-0.67843',
    '0.73466', '-0.00018', '0.00108', '0.00124', '1.00000']
  '005.7333': ['0.165', '2.101', '0.080', '0.73533', '0.67771', '-0.00164', '-0.67771',
    '0.73533', '-0.00015', '0.00110', '0.00122', '1.00000']
  '005.8000': ['0.178', '2.089', '0.080', '0.73566', '0.67735', '-0.00165', '-0.67735',
    '0.73566', '-0.00011', '0.00114', '0.00119', '1.00000']
  '005.8667': ['0.197', '2.072', '0.080', '0.73627', '0.67668', '-0.00161', '-0.67668',
    '0.73627', '-0.00013', '0.00109', '0.00118', '1.00000']
  '005.9333': ['0.207', '2.061', '0.080', '0.78976', '0.61341', '-0.00152', '-0.61341',
    '0.78976', '-0.00021', '0.00107', '0.00110', '1.00000']
  '006.0000': ['0.216', '2.053', '0.080', '0.85189', '0.52373', '-0.00138', '-0.52373',
    '0.85189', '-0.00030', '0.00102', '0.00098', '1.00000']
  '006.0667': ['0.221', '2.048', '0.080', '0.90523', '0.42493', '-0.00134', '-0.42493',
    '0.90523', '-0.00027', '0.00109', '0.00081', '1.00000']
  '006.1333': ['0.225', '2.047', '0.080', '0.94782', '0.31881', '-0.00129', '-0.31881',
    '0.94782', '-0.00025', '0.00115', '0.00065', '1.00000']
  '006.2000': ['0.225', '2.048', '0.080', '0.97825', '0.20743', '-0.00128', '-0.20743',
    '0.97825', '-0.00024', '0.00120', '0.00050', '1.00000']
  '006.2667': ['0.223', '2.050', '0.080', '0.99568', '0.09279', '-0.00123', '-0.09279',
    '0.99569', '-0.00020', '0.00121', '0.00032', '1.00000']
  '006.3333': ['0.220', '2.052', '0.080', '0.99973', '-0.02323', '-0.00120', '0.02323',
    '0.99973', '-0.00018', '0.00120', '0.00015', '1.00000']
  '006.4000': ['0.216', '2.055', '0.080', '0.99033', '-0.13870', '-0.00118', '0.13870',
    '0.99033', '-0.00015', '0.00119', '-0.00001', '1.00000']
  '006.4667': ['0.212', '2.056', '0.080', '0.96777', '-0.25183', '-0.00116', '0.25183',
    '0.96777', '-0.00009', '0.00114', '-0.00020', '1.00000']
  '006.5333': ['0.209', '2.058', '0.080', '0.93265', '-0.36078', '-0.00114', '0.36078',
    '0.93265', '-0.00003', '0.00108', '-0.00038', '1.00000']
  '006.6000': ['0.207', '2.058', '0.080', '0.88612', '-0.46346', '-0.00114', '0.46346',
    '0.88612', '0.00002', '0.00100', '-0.00054', '1.00000']
  '006.6667': ['0.206', '2.058', '0.080', '0.82948', '-0.55853', '-0.00116', '0.55853',
    '0.82948', '0.00004', '0.00094', '-0.00068', '1.00000']
  '006.7333': ['0.207', '2.057', '0.080', '0.76406', '-0.64514', '-0.00117', '0.64514',
    '0.76406', '0.00006', '0.00086', '-0.00080', '1.00000']
  '006.8000': ['0.207', '2.057', '0.080', '0.69095', '-0.72291', '-0.00118', '0.72291',
    '0.69095', '0.00005', '0.00078', '-0.00089', '1.00000']
  '006.8667': ['0.207', '2.057', '0.080', '0.61084', '-0.79176', '-0.00119', '0.79176',
    '0.61084', '0.00006', '0.00068', '-0.00098', '1.00000']
  '006.9333': ['0.207', '2.057', '0.080', '0.52473', '-0.85127', '-0.00119', '0.85127',
    '0.52473', '0.00006', '0.00058', '-0.00104', '1.00000']
  '007.0000': ['0.207', '2.057', '0.080', '0.43287', '-0.90146', '-0.00119', '0.90146',
    '0.43287', '0.00006', '0.00046', '-0.00110', '1.00000']
  '007.0667': ['0.207', '2.057', '0.080', '0.33626', '-0.94177', '-0.00119', '0.94177',
    '0.33626', '0.00006', '0.00035', '-0.00114', '1.00000']
  '007.1333': ['0.207', '2.057', '0.080', '0.23597', '-0.97176', '-0.00119', '0.97176',
    '0.23597', '0.00006', '0.00023', '-0.00117', '1.00000']
  '007.2000': ['0.207', '2.057', '0.080', '0.13310', '-0.99110', '-0.00119', '0.99110',
    '0.13310', '0.00006', '0.00010', '-0.00119', '1.00000']
  '007.2667': ['0.207', '2.057', '0.080', '0.02877', '-0.99959', '-0.00119', '0.99959',
    '0.02877', '0.00006', '-0.00002', '-0.00119', '1.00000']
  '007.3333': ['0.207', '2.057', '0.080', '-0.07588', '-0.99712', '-0.00119', '0.99712',
    '-0.07588', '0.00006', '-0.00015', '-0.00118', '1.00000']
  '007.4000': ['0.207', '2.057', '0.080', '-0.17970', '-0.98372', '-0.00119', '0.98372',
    '-0.17970', '0.00006', '-0.00027', '-0.00116', '1.00000']
  '007.4667': ['0.207', '2.057', '0.080', '-0.28154', '-0.95955', '-0.00119', '0.95955',
    '-0.28154', '0.00006', '-0.00039', '-0.00113', '1.00000']
  '007.5333': ['0.207', '2.057', '0.080', '-0.38031', '-0.92486', '-0.00119', '0.92486',
    '-0.38031', '0.00006', '-0.00051', '-0.00108', '1.00000']
  '007.6000': ['0.207', '2.057', '0.080', '-0.47490', '-0.88004', '-0.00119', '0.88004',
    '-0.47490', '0.00006', '-0.00062', '-0.00102', '1.00000']
  '007.6667': ['0.207', '2.057', '0.080', '-0.56429', '-0.82557', '-0.00119', '0.82557',
    '-0.56429', '0.00006', '-0.00072', '-0.00095', '1.00000']
  '007.7333': ['0.207', '2.057', '0.080', '-0.64750', '-0.76206', '-0.00119', '0.76206',
    '-0.64750', '0.00006', '-0.00081', '-0.00087', '1.00000']
  '007.8000': ['0.207', '2.057', '0.080', '-0.72362', '-0.69020', '-0.00119', '0.69020',
    '-0.72362', '0.00006', '-0.00090', '-0.00078', '1.00000']
  '007.8667': ['0.207', '2.057', '0.080', '-0.79180', '-0.61078', '-0.00119', '0.61078',
    '-0.79180', '0.00006', '-0.00098', '-0.00068', '1.00000']
  '007.9333': ['0.207', '2.057', '0.080', '-0.85131', '-0.52466', '-0.00119', '0.52466',
    '-0.85131', '0.00006', '-0.00104', '-0.00058', '1.00000']
  '008.0000': ['0.207', '2.057', '0.080', '-0.90149', '-0.43280', '-0.00119', '0.43280',
    '-0.90149', '0.00006', '-0.00110', '-0.00046', '1.00000']
  '008.0667': ['0.207', '2.057', '0.080', '-0.94179', '-0.33619', '-0.00119', '0.33619',
    '-0.94179', '0.00006', '-0.00114', '-0.00035', '1.00000']
  '008.1333': ['0.207', '2.057', '0.080', '-0.97178', '-0.23590', '-0.00119', '0.23590',
    '-0.97178', '0.00006', '-0.00117', '-0.00023', '1.00000']
  '008.2000': ['0.207', '2.057', '0.080', '-0.99111', '-0.13303', '-0.00119', '0.13303',
    '-0.99111', '0.00006', '-0.00119', '-0.00010', '1.00000']
  '008.2667': ['0.207', '2.057', '0.080', '-0.99959', '-0.02869', '-0.00119', '0.02869',
    '-0.99959', '0.00006', '-0.00119', '0.00002', '1.00000']
  '008.3333': ['0.207', '2.057', '0.080', '-0.99711', '0.07595', '-0.00119', '-0.07595',
    '-0.99711', '0.00006', '-0.00118', '0.00015', '1.00000']
  '008.4000': ['0.207', '2.057', '0.080', '-0.98371', '0.17977', '-0.00119', '-0.17977',
    '-0.98371', '0.00006', '-0.00116', '0.00027', '1.00000']
  '008.4667': ['0.196', '2.055', '0.080', '-0.95953', '0.28161', '-0.00119', '-0.28161',
    '-0.95953', '0.00006', '-0.00113', '0.00039', '1.00000']
  '008.5333': ['0.172', '2.048', '0.080', '-0.92483', '0.38037', '-0.00119', '-0.38037',
    '-0.92483', '0.00006', '-0.00108', '0.00051', '1.00000']
  '008.6000': ['0.149', '2.039', '0.080', '-0.88000', '0.47497', '-0.00119', '-0.47497',
    '-0.88000', '0.00006', '-0.00102', '0.00062', '1.00000']
  '008.6667': ['0.136', '2.033', '0.080', '-0.82553', '0.56435', '-0.00119', '-0.56435',
    '-0.82553', '0.00006', '-0.00095', '0.00072', '1.00000']
  '008.7333': ['0.136', '2.033', '0.080', '-0.76202', '0.64756', '-0.00119', '-0.64756',
    '-0.76202', '0.00006', '-0.00087', '0.00081', '1.00000']
  '008.8000': ['0.136', '2.033', '0.080', '-0.69015', '0.72367', '-0.00119', '-0.72367',
    '-0.69015', '0.00006', '-0.00078', '0.00090', '1.00000']
  '008.8667': ['0.136', '2.033', '0.080', '-0.61072', '0.79184', '-0.00119', '-0.79185',
    '-0.61072', '0.00006', '-0.00068', '0.00098', '1.00000']
  '008.9333': ['0.136', '2.033', '0.080', '-0.52460', '0.85135', '-0.00119', '-0.85135',
    '-0.52460', '0.00006', '-0.00058', '0.00104', '1.00000']
