begin_time_stamp: 1574101384.3999982
data_header:
  time_stamp: [x, y, z, R11, R12, R13, R21, R22, R23, R31, R32, R33]
trajectory_data:
  '000.0000': ['0.911', '0.532', '0.080', '-0.51933', '-0.85457', '0.00002', '0.85457',
    '-0.51933', '0.00005', '-0.00004', '0.00004', '1.00000']
  '000.0667': ['0.899', '0.550', '0.080', '-0.42647', '-0.90450', '-0.00012', '0.90450',
    '-0.42647', '0.00010', '-0.00014', '-0.00006', '1.00000']
  '000.1333': ['0.890', '0.568', '0.080', '-0.32815', '-0.94463', '-0.00014', '0.94463',
    '-0.32815', '0.00012', '-0.00016', '-0.00009', '1.00000']
  '000.2000': ['0.882', '0.588', '0.080', '-0.22348', '-0.97471', '-0.00013', '0.97471',
    '-0.22348', '0.00014', '-0.00017', '-0.00010', '1.00000']
  '000.2667': ['0.875', '0.609', '0.080', '-0.11097', '-0.99382', '-0.00009', '0.99382',
    '-0.11097', '0.00014', '-0.00015', '-0.00007', '1.00000']
  '000.3333': ['0.869', '0.636', '0.080', '-0.08439', '-0.99643', '0.00003', '0.99643',
    '-0.08439', '0.00011', '-0.00010', '0.00004', '1.00000']
  '000.4000': ['0.866', '0.660', '0.080', '-0.10643', '-0.99432', '0.00004', '0.99432',
    '-0.10643', '0.00011', '-0.00011', '0.00005', '1.00000']
  '000.4667': ['0.863', '0.684', '0.080', '-0.18226', '-0.98325', '0.00004', '0.98325',
    '-0.18226', '0.00014', '-0.00013', '0.00006', '1.00000']
  '000.5333': ['0.859', '0.708', '0.080', '-0.25761', '-0.96625', '0.00003', '0.96625',
    '-0.25761', '0.00014', '-0.00013', '0.00006', '1.00000']
  '000.6000': ['0.854', '0.731', '0.080', '-0.33378', '-0.94265', '0.00001', '0.94265',
    '-0.33378', '0.00012', '-0.00011', '0.00004', '1.00000']
  '000.6667': ['0.848', '0.753', '0.080', '-0.41188', '-0.91124', '0.00002', '0.91124',
    '-0.41188', '0.00012', '-0.00010', '0.00007', '1.00000']
  '000.7333': ['0.840', '0.776', '0.080', '-0.49133', '-0.87097', '0.00002', '0.87097',
    '-0.49133', '0.00010', '-0.00008', '0.00007', '1.00000']
  '000.8000': ['0.829', '0.797', '0.080', '-0.56836', '-0.82278', '0.00002', '0.82278',
    '-0.56836', '0.00010', '-0.00007', '0.00008', '1.00000']
  '000.8667': ['0.814', '0.817', '0.080', '-0.63881', '-0.76937', '0.00002', '0.76937',
    '-0.63881', '0.00014', '-0.00010', '0.00011', '1.00000']
  '000.9333': ['0.797', '0.834', '0.080', '-0.70260', '-0.71159', '-0.00000', '0.71159',
    '-0.70260', '0.00015', '-0.00011', '0.00011', '1.00000']
  '001.0000': ['0.780', '0.852', '0.080', '-0.76102', '-0.64873', '-0.00001', '0.64873',
    '-0.76102', '0.00016', '-0.00011', '0.00012', '1.00000']
  '001.0667': ['0.760', '0.870', '0.080', '-0.81454', '-0.58011', '-0.00003', '0.58011',
    '-0.81454', '0.00015', '-0.00011', '0.00010', '1.00000']
  '001.1333': ['0.732', '0.895', '0.080', '-0.86664', '-0.49893', '-0.00007', '0.49893',
    '-0.86664', '0.00005', '-0.00009', '0.00001', '1.00000']
  '001.2000': ['0.709', '0.914', '0.080', '-0.91576', '-0.40172', '-0.00016', '0.40172',
    '-0.91576', '-0.00004', '-0.00014', '-0.00010', '1.00000']
  '001.2667': ['0.686', '0.928', '0.080', '-0.95648', '-0.29181', '-0.00020', '0.29181',
    '-0.95648', '-0.00006', '-0.00018', '-0.00012', '1.00000']
  '001.3333': ['0.662', '0.940', '0.080', '-0.93228', '-0.36174', '-0.00025', '0.36174',
    '-0.93228', '-0.00019', '-0.00016', '-0.00027', '1.00000']
  '001.4000': ['0.635', '0.956', '0.080', '-0.90817', '-0.41860', '-0.00039', '0.41860',
    '-0.90817', '-0.00068', '-0.00007', '-0.00078', '1.00000']
  '001.4667': ['0.609', '0.970', '0.080', '-0.88684', '-0.46207', '-0.00047', '0.46207',
    '-0.88684', '-0.00103', '0.00005', '-0.00113', '1.00000']
  '001.5333': ['0.582', '0.974', '0.080', '-0.90161', '-0.43254', '-0.00013', '0.43254',
    '-0.90161', '-0.00008', '-0.00009', '-0.00013', '1.00000']
  '001.6000': ['0.557', '0.982', '0.080', '-0.91163', '-0.41101', '-0.00012', '0.41101',
    '-0.91163', '-0.00003', '-0.00010', '-0.00008', '1.00000']
  '001.6667': ['0.533', '0.993', '0.080', '-0.92129', '-0.38889', '-0.00012', '0.38889',
    '-0.92129', '-0.00002', '-0.00011', '-0.00006', '1.00000']
  '001.7333': ['0.507', '1.004', '0.080', '-0.88975', '-0.45645', '-0.00013', '0.45645',
    '-0.88975', '-0.00000', '-0.00012', '-0.00007', '1.00000']
  '001.8000': ['0.474', '1.020', '0.080', '-0.85016', '-0.52653', '-0.00010', '0.52653',
    '-0.85016', '0.00003', '-0.00010', '-0.00003', '1.00000']
  '001.8667': ['0.448', '1.034', '0.080', '-0.80351', '-0.59529', '-0.00009', '0.59529',
    '-0.80351', '0.00002', '-0.00009', '-0.00004', '1.00000']
  '001.9333': ['0.427', '1.047', '0.080', '-0.74839', '-0.66326', '-0.00008', '0.66326',
    '-0.74839', '0.00003', '-0.00008', '-0.00003', '1.00000']
  '002.0000': ['0.409', '1.056', '0.080', '-0.68078', '-0.73249', '-0.00007', '0.73249',
    '-0.68078', '0.00004', '-0.00008', '-0.00002', '1.00000']
  '002.0667': ['0.397', '1.052', '0.080', '-0.59195', '-0.80597', '0.00004', '0.80597',
    '-0.59195', '0.00017', '-0.00011', '0.00013', '1.00000']
  '002.1333': ['0.386', '1.057', '0.080', '-0.48578', '-0.87408', '0.00006', '0.87408',
    '-0.48578', '0.00019', '-0.00014', '0.00015', '1.00000']
  '002.2000': ['0.374', '1.071', '0.080', '-0.36676', '-0.93032', '0.00007', '0.93032',
    '-0.36676', '0.00020', '-0.00016', '0.00014', '1.00000']
  '002.2667': ['0.364', '1.092', '0.080', '-0.23989', '-0.97080', '0.00008', '0.97080',
    '-0.23989', '0.00020', '-0.00018', '0.00013', '1.00000']
  '002.3333': ['0.358', '1.121', '0.080', '-0.20753', '-0.97823', '0.00008', '0.97823',
    '-0.20753', '0.00021', '-0.00018', '0.00012', '1.00000']
  '002.4000': ['0.352', '1.158', '0.080', '-0.18288', '-0.98314', '0.00006', '0.98314',
    '-0.18288', '0.00020', '-0.00019', '0.00010', '1.00000']
  '002.4667': ['0.346', '1.204', '0.080', '-0.16414', '-0.98644', '-0.00004', '0.98644',
    '-0.16414', '0.00016', '-0.00017', '-0.00002', '1.00000']
  '002.5333': ['0.342', '1.230', '0.080', '-0.14895', '-0.98884', '-0.00006', '0.98884',
    '-0.14895', '0.00018', '-0.00018', '-0.00003', '1.00000']
  '002.6000': ['0.339', '1.245', '0.080', '-0.13399', '-0.99098', '-0.00004', '0.99098',
    '-0.13399', '0.00020', '-0.00020', '-0.00002', '1.00000']
  '002.6667': ['0.336', '1.245', '0.080', '-0.11547', '-0.99331', '0.00009', '0.99331',
    '-0.11547', '0.00024', '-0.00022', '0.00011', '1.00000']
  '002.7333': ['0.333', '1.255', '0.080', '-0.09389', '-0.99558', '0.00012', '0.99558',
    '-0.09389', '0.00025', '-0.00023', '0.00014', '1.00000']
  '002.8000': ['0.331', '1.275', '0.080', '-0.07154', '-0.99744', '0.00013', '0.99744',
    '-0.07154', '0.00025', '-0.00024', '0.00014', '1.00000']
  '002.8667': ['0.330', '1.304', '0.080', '-0.05104', '-0.99870', '0.00013', '0.99870',
    '-0.05104', '0.00026', '-0.00026', '0.00014', '1.00000']
  '002.9333': ['0.331', '1.341', '0.080', '-0.03620', '-0.99934', '0.00010', '0.99934',
    '-0.03620', '0.00028', '-0.00027', '0.00011', '1.00000']
  '003.0000': ['0.334', '1.392', '0.080', '-0.03262', '-0.99947', '-0.00005', '0.99947',
    '-0.03262', '0.00035', '-0.00035', '-0.00004', '1.00000']
  '003.0667': ['0.334', '1.426', '0.080', '-0.03242', '-0.99947', '-0.00006', '0.99947',
    '-0.03242', '0.00037', '-0.00037', '-0.00005', '1.00000']
  '003.1333': ['0.334', '1.456', '0.080', '-0.03328', '-0.99945', '-0.00009', '0.99945',
    '-0.03328', '0.00042', '-0.00042', '-0.00007', '1.00000']
  '003.2000': ['0.336', '1.489', '0.080', '-0.04092', '-0.99916', '-0.00028', '0.99916',
    '-0.04092', '0.00049', '-0.00050', '-0.00026', '1.00000']
  '003.2667': ['0.337', '1.516', '0.080', '-0.05264', '-0.99861', '-0.00032', '0.99861',
    '-0.05264', '0.00050', '-0.00052', '-0.00029', '1.00000']
  '003.3333': ['0.335', '1.540', '0.080', '-0.00094', '-1.00000', '-0.00031', '1.00000',
    '-0.00094', '0.00054', '-0.00054', '-0.00031', '1.00000']
  '003.4000': ['0.335', '1.564', '0.080', '0.09156', '-0.99580', '-0.00030', '0.99580',
    '0.09156', '0.00058', '-0.00055', '-0.00035', '1.00000']
  '003.4667': ['0.336', '1.588', '0.080', '0.18577', '-0.98259', '-0.00032', '0.98259',
    '0.18577', '0.00060', '-0.00053', '-0.00042', '1.00000']
  '003.5333': ['0.340', '1.610', '0.080', '0.22327', '-0.97476', '-0.00030', '0.97476',
    '0.22327', '0.00058', '-0.00050', '-0.00042', '1.00000']
  '003.6000': ['0.344', '1.633', '0.080', '0.22187', '-0.97508', '-0.00032', '0.97508',
    '0.22186', '0.00058', '-0.00050', '-0.00044', '1.00000']
  '003.6667': ['0.347', '1.655', '0.080', '0.22424', '-0.97453', '-0.00032', '0.97453',
    '0.22424', '0.00058', '-0.00049', '-0.00044', '1.00000']
  '003.7333': ['0.351', '1.676', '0.080', '0.22888', '-0.97345', '-0.00029', '0.97345',
    '0.22888', '0.00055', '-0.00047', '-0.00041', '1.00000']
  '003.8000': ['0.356', '1.698', '0.080', '0.23380', '-0.97228', '-0.00032', '0.97228',
    '0.23380', '0.00053', '-0.00044', '-0.00044', '1.00000']
  '003.8667': ['0.361', '1.717', '0.080', '0.15615', '-0.98773', '-0.00034', '0.98773',
    '0.15615', '0.00050', '-0.00044', '-0.00041', '1.00000']
  '003.9333': ['0.364', '1.733', '0.080', '0.09254', '-0.99571', '-0.00031', '0.99571',
    '0.09254', '0.00043', '-0.00040', '-0.00034', '1.00000']
  '004.0000': ['0.367', '1.740', '0.080', '0.08922', '-0.99601', '-0.00018', '0.99601',
    '0.08922', '0.00020', '-0.00018', '-0.00020', '1.00000']
  '004.0667': ['0.369', '1.758', '0.080', '0.08288', '-0.99656', '-0.00018', '0.99656',
    '0.08288', '0.00015', '-0.00014', '-0.00019', '1.00000']
  '004.1333': ['0.371', '1.779', '0.080', '0.07505', '-0.99718', '-0.00017', '0.99718',
    '0.07505', '0.00011', '-0.00009', '-0.00017', '1.00000']
  '004.2000': ['0.373', '1.801', '0.080', '0.06586', '-0.99783', '-0.00017', '0.99783',
    '0.06586', '0.00008', '-0.00007', '-0.00017', '1.00000']
  '004.2667': ['0.373', '1.825', '0.080', '0.05949', '-0.99823', '-0.00018', '0.99823',
    '0.05949', '0.00006', '-0.00005', '-0.00019', '1.00000']
  '004.3333': ['0.369', '1.851', '0.080', '0.06315', '-0.99800', '-0.00037', '0.99800',
    '0.06315', '0.00000', '0.00002', '-0.00037', '1.00000']
  '004.4000': ['0.370', '1.875', '0.080', '0.06751', '-0.99772', '-0.00036', '0.99772',
    '0.06751', '0.00004', '-0.00002', '-0.00036', '1.00000']
  '004.4667': ['0.372', '1.898', '0.080', '-0.01451', '-0.99989', '-0.00037', '0.99989',
    '-0.01451', '0.00007', '-0.00008', '-0.00037', '1.00000']
  '004.5333': ['0.372', '1.919', '0.080', '-0.08674', '-0.99623', '-0.00036', '0.99623',
    '-0.08674', '0.00008', '-0.00011', '-0.00036', '1.00000']
  '004.6000': ['0.370', '1.939', '0.080', '-0.09823', '-0.99516', '-0.00034', '0.99516',
    '-0.09823', '0.00004', '-0.00008', '-0.00034', '1.00000']
  '004.6667': ['0.361', '1.953', '0.080', '-0.10158', '-0.99483', '-0.00034', '0.99483',
    '-0.10158', '-0.00010', '0.00006', '-0.00035', '1.00000']
  '004.7333': ['0.356', '1.973', '0.080', '-0.10364', '-0.99462', '-0.00034', '0.99462',
    '-0.10364', '-0.00011', '0.00007', '-0.00034', '1.00000']
  '004.8000': ['0.354', '1.995', '0.080', '-0.10684', '-0.99428', '-0.00031', '0.99428',
    '-0.10684', '-0.00010', '0.00006', '-0.00032', '1.00000']
  '004.8667': ['0.351', '2.018', '0.080', '-0.11189', '-0.99372', '-0.00030', '0.99372',
    '-0.11189', '-0.00009', '0.00006', '-0.00031', '1.00000']
  '004.9333': ['0.349', '2.041', '0.080', '-0.11819', '-0.99299', '-0.00028', '0.99299',
    '-0.11819', '-0.00008', '0.00004', '-0.00028', '1.00000']
  '005.0000': ['0.346', '2.067', '0.080', '-0.12577', '-0.99206', '-0.00026', '0.99206',
    '-0.12577', '-0.00008', '0.00005', '-0.00027', '1.00000']
  '005.0667': ['0.343', '2.089', '0.080', '-0.05032', '-0.99873', '-0.00027', '0.99873',
    '-0.05032', '-0.00007', '0.00006', '-0.00027', '1.00000']
  '005.1333': ['0.340', '2.114', '0.080', '0.04678', '-0.99891', '-0.00025', '0.99891',
    '0.04678', '-0.00007', '0.00008', '-0.00025', '1.00000']
  '005.2000': ['0.339', '2.139', '0.080', '0.14989', '-0.98870', '-0.00025', '0.98870',
    '0.14989', '-0.00007', '0.00010', '-0.00024', '1.00000']
  '005.2667': ['0.341', '2.161', '0.080', '0.18904', '-0.98197', '-0.00025', '0.98197',
    '0.18904', '-0.00007', '0.00012', '-0.00023', '1.00000']
  '005.3333': ['0.344', '2.185', '0.080', '0.20391', '-0.97899', '-0.00022', '0.97899',
    '0.20391', '-0.00009', '0.00013', '-0.00019', '1.00000']
  '005.4000': ['0.348', '2.211', '0.080', '0.22306', '-0.97480', '-0.00018', '0.97480',
    '0.22306', '-0.00010', '0.00013', '-0.00015', '1.00000']
  '005.4667': ['0.354', '2.236', '0.080', '0.24295', '-0.97004', '-0.00016', '0.97004',
    '0.24295', '-0.00007', '0.00011', '-0.00014', '1.00000']
  '005.5333': ['0.359', '2.259', '0.080', '0.24431', '-0.96970', '-0.00013', '0.96970',
    '0.24431', '-0.00007', '0.00010', '-0.00011', '1.00000']
  '005.6000': ['0.365', '2.281', '0.080', '0.16411', '-0.98644', '-0.00012', '0.98644',
    '0.16411', '-0.00007', '0.00008', '-0.00011', '1.00000']
  '005.6667': ['0.370', '2.304', '0.080', '0.07931', '-0.99685', '-0.00012', '0.99685',
    '0.07931', '-0.00005', '0.00006', '-0.00012', '1.00000']
  '005.7333': ['0.374', '2.329', '0.080', '0.00443', '-0.99999', '-0.00012', '0.99999',
    '0.00443', '-0.00003', '0.00003', '-0.00012', '1.00000']
  '005.8000': ['0.377', '2.353', '0.080', '0.00667', '-0.99998', '-0.00013', '0.99998',
    '0.00667', '0.00001', '-0.00001', '-0.00013', '1.00000']
  '005.8667': ['0.378', '2.378', '0.080', '0.00399', '-0.99999', '-0.00016', '0.99999',
    '0.00399', '0.00004', '-0.00004', '-0.00016', '1.00000']
  '005.9333': ['0.377', '2.402', '0.080', '0.00215', '-1.00000', '-0.00016', '1.00000',
    '0.00215', '0.00006', '-0.00006', '-0.00016', '1.00000']
  '006.0000': ['0.376', '2.427', '0.080', '0.00468', '-0.99999', '-0.00013', '0.99999',
    '0.00468', '0.00008', '-0.00007', '-0.00013', '1.00000']
  '006.0667': ['0.375', '2.449', '0.080', '0.00940', '-0.99996', '-0.00014', '0.99996',
    '0.00940', '0.00009', '-0.00009', '-0.00014', '1.00000']
  '006.1333': ['0.376', '2.470', '0.080', '0.01427', '-0.99990', '-0.00013', '0.99990',
    '0.01427', '0.00011', '-0.00011', '-0.00013', '1.00000']
  '006.2000': ['0.381', '2.489', '0.080', '0.01208', '-0.99993', '-0.00001', '0.99993',
    '0.01208', '0.00023', '-0.00023', '-0.00001', '1.00000']
  '006.2667': ['0.383', '2.513', '0.080', '0.00829', '-0.99997', '0.00002', '0.99997',
    '0.00829', '0.00023', '-0.00023', '0.00002', '1.00000']
  '006.3333': ['0.383', '2.537', '0.080', '0.03033', '-0.99954', '0.00001', '0.99954',
    '0.03033', '0.00021', '-0.00021', '0.00000', '1.00000']
  '006.4000': ['0.382', '2.561', '0.080', '0.13353', '-0.99105', '-0.00001', '0.99105',
    '0.13353', '0.00021', '-0.00021', '-0.00004', '1.00000']
  '006.4667': ['0.382', '2.580', '0.080', '0.15906', '-0.98727', '0.00003', '0.98727',
    '0.15906', '0.00027', '-0.00027', '-0.00001', '1.00000']
  '006.5333': ['0.381', '2.588', '0.080', '0.17166', '-0.98516', '0.00027', '0.98516',
    '0.17166', '0.00076', '-0.00080', '0.00014', '1.00000']
  '006.6000': ['0.382', '2.616', '0.080', '0.19514', '-0.98078', '0.00011', '0.98078',
    '0.19514', '0.00033', '-0.00034', '0.00004', '1.00000']
  '006.6667': ['0.389', '2.654', '0.080', '0.22328', '-0.97475', '0.00003', '0.97475',
    '0.22328', '0.00009', '-0.00010', '0.00001', '1.00000']
  '006.7333': ['0.400', '2.685', '0.080', '0.22726', '-0.97383', '-0.00004', '0.97383',
    '0.22726', '0.00006', '-0.00005', '-0.00006', '1.00000']
  '006.8000': ['0.409', '2.708', '0.080', '0.14312', '-0.98971', '-0.00008', '0.98971',
    '0.14312', '0.00005', '-0.00003', '-0.00009', '1.00000']
  '006.8667': ['0.416', '2.730', '0.080', '0.10772', '-0.99418', '-0.00008', '0.99418',
    '0.10772', '0.00006', '-0.00005', '-0.00009', '1.00000']
  '006.9333': ['0.424', '2.748', '0.080', '0.10376', '-0.99460', '-0.00010', '0.99460',
    '0.10376', '0.00017', '-0.00016', '-0.00012', '1.00000']
  '007.0000': ['0.429', '2.774', '0.080', '0.09020', '-0.99592', '-0.00008', '0.99592',
    '0.09020', '0.00021', '-0.00020', '-0.00010', '1.00000']
  '007.0667': ['0.432', '2.799', '0.080', '0.07191', '-0.99741', '-0.00007', '0.99741',
    '0.07191', '0.00022', '-0.00022', '-0.00009', '1.00000']
  '007.1333': ['0.435', '2.825', '0.080', '0.05482', '-0.99850', '-0.00006', '0.99850',
    '0.05482', '0.00023', '-0.00023', '-0.00007', '1.00000']
  '007.2000': ['0.437', '2.850', '0.080', '0.12910', '-0.99163', '-0.00005', '0.99163',
    '0.12910', '0.00022', '-0.00021', '-0.00008', '1.00000']
  '007.2667': ['0.442', '2.878', '0.080', '0.19885', '-0.98003', '-0.00006', '0.98003',
    '0.19885', '0.00021', '-0.00019', '-0.00010', '1.00000']
  '007.3333': ['0.448', '2.903', '0.080', '0.26868', '-0.96323', '-0.00009', '0.96323',
    '0.26868', '0.00022', '-0.00019', '-0.00015', '1.00000']
  '007.4000': ['0.456', '2.931', '0.080', '0.33833', '-0.94103', '-0.00006', '0.94103',
    '0.33833', '0.00023', '-0.00019', '-0.00013', '1.00000']
  '007.4667': ['0.467', '2.957', '0.080', '0.40669', '-0.91357', '-0.00004', '0.91357',
    '0.40669', '0.00018', '-0.00015', '-0.00011', '1.00000']
  '007.5333': ['0.478', '2.981', '0.080', '0.47602', '-0.87944', '-0.00004', '0.87944',
    '0.47602', '0.00015', '-0.00011', '-0.00011', '1.00000']
  '007.6000': ['0.490', '3.004', '0.080', '0.54664', '-0.83737', '-0.00010', '0.83737',
    '0.54664', '0.00014', '-0.00007', '-0.00016', '1.00000']
  '007.6667': ['0.505', '3.026', '0.080', '0.61617', '-0.78761', '-0.00008', '0.78761',
    '0.61617', '0.00013', '-0.00006', '-0.00015', '1.00000']
  '007.7333': ['0.529', '3.052', '0.080', '0.67872', '-0.73440', '-0.00010', '0.73440',
    '0.67872', '0.00014', '-0.00003', '-0.00017', '1.00000']
  '007.8000': ['0.558', '3.076', '0.080', '0.73099', '-0.68238', '-0.00015', '0.68238',
    '0.73099', '0.00028', '-0.00008', '-0.00030', '1.00000']
  '007.8667': ['0.580', '3.096', '0.080', '0.77886', '-0.62720', '-0.00015', '0.62720',
    '0.77886', '0.00029', '-0.00006', '-0.00032', '1.00000']
  '007.9333': ['0.598', '3.112', '0.080', '0.82457', '-0.56576', '-0.00015', '0.56576',
    '0.82457', '0.00028', '-0.00003', '-0.00032', '1.00000']
  '008.0000': ['0.612', '3.126', '0.080', '0.86898', '-0.49485', '-0.00007', '0.49485',
    '0.86898', '0.00018', '-0.00003', '-0.00019', '1.00000']
  '008.0667': ['0.640', '3.143', '0.080', '0.90836', '-0.41819', '-0.00019', '0.41819',
    '0.90836', '0.00031', '0.00005', '-0.00036', '1.00000']
  '008.1333': ['0.661', '3.156', '0.080', '0.94147', '-0.33711', '-0.00036', '0.33711',
    '0.94147', '0.00046', '0.00019', '-0.00055', '1.00000']
  '008.2000': ['0.683', '3.168', '0.080', '0.93993', '-0.34136', '-0.00055', '0.34136',
    '0.93993', '0.00059', '0.00032', '-0.00075', '1.00000']
  '008.2667': ['0.705', '3.179', '0.080', '0.94053', '-0.33970', '-0.00077', '0.33970',
    '0.94053', '0.00073', '0.00047', '-0.00094', '1.00000']
  '008.3333': ['0.727', '3.190', '0.080', '0.94323', '-0.33214', '-0.00100', '0.33214',
    '0.94323', '0.00085', '0.00066', '-0.00114', '1.00000']
  '008.4000': ['0.749', '3.201', '0.080', '0.94788', '-0.31862', '-0.00125', '0.31862',
    '0.94788', '0.00098', '0.00087', '-0.00132', '1.00000']
  '008.4667': ['0.771', '3.212', '0.080', '0.95423', '-0.29908', '-0.00151', '0.29908',
    '0.95423', '0.00110', '0.00111', '-0.00150', '1.00000']
  '008.5333': ['0.793', '3.222', '0.080', '0.96188', '-0.27345', '-0.00179', '0.27345',
    '0.96188', '0.00123', '0.00138', '-0.00167', '1.00000']
  '008.6000': ['0.816', '3.232', '0.080', '0.97036', '-0.24165', '-0.00207', '0.24165',
    '0.97036', '0.00136', '0.00168', '-0.00182', '1.00000']
  '008.6667': ['0.837', '3.236', '0.080', '0.97629', '-0.21645', '-0.00196', '0.21645',
    '0.97629', '0.00134', '0.00163', '-0.00173', '1.00000']
  '008.7333': ['0.857', '3.239', '0.080', '0.98022', '-0.19788', '-0.00173', '0.19788',
    '0.98022', '0.00131', '0.00144', '-0.00162', '1.00000']
  '008.8000': ['0.878', '3.241', '0.080', '0.98241', '-0.18675', '-0.00149', '0.18675',
    '0.98241', '0.00125', '0.00123', '-0.00151', '1.00000']
  '008.8667': ['0.900', '3.244', '0.080', '0.98321', '-0.18246', '-0.00124', '0.18247',
    '0.98321', '0.00118', '0.00101', '-0.00139', '1.00000']
  '008.9333': ['0.925', '3.249', '0.080', '0.98321', '-0.18246', '-0.00124', '0.18247',
    '0.98321', '0.00118', '0.00101', '-0.00139', '1.00000']
  '009.0000': ['0.950', '3.253', '0.080', '0.98321', '-0.18246', '-0.00124', '0.18247',
    '0.98321', '0.00118', '0.00101', '-0.00139', '1.00000']
  '009.0667': ['0.974', '3.258', '0.080', '0.98321', '-0.18246', '-0.00124', '0.18247',
    '0.98321', '0.00118', '0.00101', '-0.00139', '1.00000']
  '009.1333': ['0.999', '3.263', '0.080', '0.98321', '-0.18246', '-0.00124', '0.18247',
    '0.98321', '0.00118', '0.00101', '-0.00139', '1.00000']
  '009.2000': ['1.024', '3.268', '0.080', '0.99380', '-0.11117', '-0.00124', '0.11117',
    '0.99380', '0.00118', '0.00110', '-0.00131', '1.00000']
  '009.2667': ['1.049', '3.272', '0.080', '0.99998', '-0.00668', '-0.00124', '0.00668',
    '0.99998', '0.00118', '0.00123', '-0.00119', '1.00000']
  '009.3333': ['1.074', '3.272', '0.080', '0.99520', '0.09789', '-0.00124', '-0.09789',
    '0.99520', '0.00118', '0.00135', '-0.00105', '1.00000']
  '009.4000': ['1.099', '3.270', '0.080', '0.99135', '0.13121', '-0.00124', '-0.13121',
    '0.99135', '0.00118', '0.00139', '-0.00101', '1.00000']
  '009.4667': ['1.124', '3.267', '0.080', '0.98713', '0.15992', '-0.00124', '-0.15992',
    '0.98713', '0.00118', '0.00142', '-0.00097', '1.00000']
  '009.5333': ['1.149', '3.264', '0.080', '0.96500', '0.26223', '-0.00124', '-0.26223',
    '0.96500', '0.00118', '0.00151', '-0.00081', '1.00000']
  '009.6000': ['1.173', '3.258', '0.080', '0.93230', '0.36167', '-0.00124', '-0.36167',
    '0.93231', '0.00118', '0.00159', '-0.00065', '1.00000']
