begin_time_stamp: 1574101344.4666646
data_header:
  time_stamp: [x, y, z, R11, R12, R13, R21, R22, R23, R31, R32, R33]
trajectory_data:
  '000.0000': ['0.794', '0.400', '0.080', '0.23577', '0.97181', '-0.00010', '-0.97181',
    '0.23577', '-0.00031', '-0.00028', '0.00017', '1.00000']
  '000.0667': ['0.800', '0.373', '0.080', '0.33553', '0.94203', '0.00001', '-0.94203',
    '0.33553', '-0.00031', '-0.00030', '0.00010', '1.00000']
  '000.1333': ['0.810', '0.348', '0.080', '0.42778', '0.90389', '-0.00014', '-0.90389',
    '0.42778', '-0.00034', '-0.00025', '0.00027', '1.00000']
  '000.2000': ['0.821', '0.326', '0.080', '0.51635', '0.85638', '-0.00014', '-0.85638',
    '0.51635', '-0.00036', '-0.00023', '0.00030', '1.00000']
  '000.2667': ['0.832', '0.305', '0.080', '0.60267', '0.79799', '-0.00012', '-0.79799',
    '0.60267', '-0.00037', '-0.00023', '0.00032', '1.00000']
  '000.3333': ['0.846', '0.285', '0.080', '0.68632', '0.72730', '-0.00011', '-0.72730',
    '0.68632', '-0.00037', '-0.00019', '0.00034', '1.00000']
  '000.4000': ['0.863', '0.264', '0.080', '0.76552', '0.64341', '-0.00010', '-0.64341',
    '0.76552', '-0.00039', '-0.00017', '0.00036', '1.00000']
  '000.4667': ['0.879', '0.249', '0.080', '0.83681', '0.54750', '-0.00009', '-0.54750',
    '0.83681', '-0.00040', '-0.00014', '0.00038', '1.00000']
  '000.5333': ['0.898', '0.237', '0.080', '0.89275', '0.45055', '-0.00008', '-0.45055',
    '0.89275', '-0.00046', '-0.00013', '0.00044', '1.00000']
  '000.6000': ['0.921', '0.226', '0.080', '0.90268', '0.43031', '-0.00011', '-0.43031',
    '0.90268', '-0.00054', '-0.00014', '0.00053', '1.00000']
  '000.6667': ['0.944', '0.216', '0.080', '0.91253', '0.40900', '-0.00011', '-0.40900',
    '0.91253', '-0.00059', '-0.00015', '0.00058', '1.00000']
  '000.7333': ['0.966', '0.206', '0.080', '0.92214', '0.38686', '-0.00005', '-0.38686',
    '0.92214', '-0.00056', '-0.00017', '0.00054', '1.00000']
  '000.8000': ['0.988', '0.197', '0.080', '0.93077', '0.36560', '0.00001', '-0.36560',
    '0.93077', '-0.00055', '-0.00021', '0.00050', '1.00000']
  '000.8667': ['1.011', '0.190', '0.080', '0.93758', '0.34777', '0.00004', '-0.34777',
    '0.93758', '-0.00054', '-0.00022', '0.00049', '1.00000']
  '000.9333': ['1.034', '0.184', '0.080', '0.94200', '0.33561', '0.00004', '-0.33561',
    '0.94200', '-0.00055', '-0.00022', '0.00051', '1.00000']
  '001.0000': ['1.057', '0.178', '0.080', '0.94424', '0.32926', '0.00006', '-0.32926',
    '0.94424', '-0.00059', '-0.00025', '0.00054', '1.00000']
  '001.0667': ['1.079', '0.174', '0.080', '0.94414', '0.32954', '0.00011', '-0.32954',
    '0.94414', '-0.00067', '-0.00032', '0.00060', '1.00000']
  '001.1333': ['1.103', '0.169', '0.080', '0.94128', '0.33764', '0.00013', '-0.33764',
    '0.94128', '-0.00072', '-0.00036', '0.00063', '1.00000']
  '001.2000': ['1.130', '0.161', '0.080', '0.96293', '0.26975', '0.00017', '-0.26975',
    '0.96293', '-0.00075', '-0.00037', '0.00067', '1.00000']
  '001.2667': ['1.158', '0.155', '0.080', '0.97684', '0.21399', '0.00019', '-0.21399',
    '0.97684', '-0.00074', '-0.00034', '0.00069', '1.00000']
  '001.3333': ['1.186', '0.148', '0.080', '0.97269', '0.23209', '0.00016', '-0.23209',
    '0.97269', '-0.00074', '-0.00033', '0.00069', '1.00000']
  '001.4000': ['1.221', '0.138', '0.080', '0.96866', '0.24837', '0.00013', '-0.24837',
    '0.96866', '-0.00072', '-0.00031', '0.00066', '1.00000']
  '001.4667': ['1.261', '0.120', '0.080', '0.96808', '0.25066', '0.00005', '-0.25066',
    '0.96808', '-0.00047', '-0.00017', '0.00044', '1.00000']
  '001.5333': ['1.294', '0.108', '0.080', '0.96908', '0.24676', '0.00003', '-0.24676',
    '0.96908', '-0.00039', '-0.00013', '0.00037', '1.00000']
  '001.6000': ['1.325', '0.099', '0.080', '0.97049', '0.24113', '0.00004', '-0.24113',
    '0.97049', '-0.00035', '-0.00012', '0.00033', '1.00000']
  '001.6667': ['1.355', '0.091', '0.080', '0.97649', '0.21556', '0.00005', '-0.21556',
    '0.97649', '-0.00034', '-0.00013', '0.00032', '1.00000']
  '001.7333': ['1.382', '0.084', '0.080', '0.99377', '0.11143', '0.00007', '-0.11143',
    '0.99377', '-0.00032', '-0.00010', '0.00031', '1.00000']
  '001.8000': ['1.406', '0.080', '0.080', '0.99999', '0.00421', '0.00008', '-0.00421',
    '0.99999', '-0.00028', '-0.00008', '0.00028', '1.00000']
  '001.8667': ['1.429', '0.079', '0.080', '0.99485', '-0.10137', '0.00008', '0.10137',
    '0.99485', '-0.00028', '-0.00005', '0.00028', '1.00000']
  '001.9333': ['1.451', '0.080', '0.080', '0.99384', '-0.11083', '0.00007', '0.11083',
    '0.99384', '-0.00027', '-0.00004', '0.00027', '1.00000']
  '002.0000': ['1.471', '0.083', '0.080', '0.99258', '-0.12156', '0.00005', '0.12156',
    '0.99258', '-0.00025', '-0.00002', '0.00026', '1.00000']
  '002.0667': ['1.490', '0.086', '0.080', '0.99145', '-0.13051', '0.00008', '0.13051',
    '0.99145', '-0.00022', '-0.00005', '0.00023', '1.00000']
  '002.1333': ['1.511', '0.093', '0.080', '0.99132', '-0.13146', '0.00005', '0.13146',
    '0.99132', '-0.00023', '-0.00002', '0.00024', '1.00000']
  '002.2000': ['1.530', '0.101', '0.080', '0.99251', '-0.12214', '0.00007', '0.12214',
    '0.99251', '-0.00022', '-0.00005', '0.00023', '1.00000']
  '002.2667': ['1.547', '0.110', '0.080', '0.99521', '-0.09776', '0.00010', '0.09776',
    '0.99521', '-0.00019', '-0.00008', '0.00019', '1.00000']
  '002.3333': ['1.555', '0.126', '0.080', '0.99901', '-0.04449', '0.00005', '0.04449',
    '0.99901', '-0.00019', '-0.00004', '0.00019', '1.00000']
  '002.4000': ['1.579', '0.135', '0.080', '0.99965', '0.02657', '0.00005', '-0.02657',
    '0.99965', '-0.00022', '-0.00005', '0.00022', '1.00000']
  '002.4667': ['1.606', '0.137', '0.080', '0.99417', '0.10780', '0.00002', '-0.10780',
    '0.99417', '-0.00023', '-0.00005', '0.00022', '1.00000']
  '002.5333': ['1.644', '0.131', '0.080', '0.96149', '0.27486', '0.00003', '-0.27486',
    '0.96149', '-0.00024', '-0.00010', '0.00023', '1.00000']
  '002.6000': ['1.709', '0.103', '0.080', '0.91747', '0.39781', '0.00008', '-0.39781',
    '0.91747', '-0.00016', '-0.00014', '0.00012', '1.00000']
  '002.6667': ['1.771', '0.069', '0.080', '0.89349', '0.44908', '0.00009', '-0.44908',
    '0.89349', '-0.00014', '-0.00015', '0.00009', '1.00000']
  '002.7333': ['2.185', '-0.240', '0.080', '0.98154', '0.19125', '0.00039', '-0.19125',
    '0.98154', '-0.00023', '-0.00042', '0.00015', '1.00000']
  '002.8000': ['2.235', '-0.263', '0.080', '0.99089', '0.13471', '0.00042', '-0.13471',
    '0.99089', '-0.00022', '-0.00044', '0.00016', '1.00000']
  '002.8667': ['2.276', '-0.278', '0.080', '0.99830', '0.05829', '0.00045', '-0.05829',
    '0.99830', '-0.00021', '-0.00046', '0.00018', '1.00000']
  '002.9333': ['2.311', '-0.287', '0.080', '0.99947', '-0.03257', '0.00047', '0.03257',
    '0.99947', '-0.00018', '-0.00046', '0.00019', '1.00000']
  '003.0000': ['2.341', '-0.292', '0.080', '0.99106', '-0.13338', '0.00049', '0.13338',
    '0.99106', '-0.00015', '-0.00047', '0.00022', '1.00000']
  '003.0667': ['2.368', '-0.293', '0.080', '0.97036', '-0.24166', '0.00051', '0.24166',
    '0.97036', '-0.00012', '-0.00046', '0.00024', '1.00000']
  '003.1333': ['2.391', '-0.292', '0.080', '0.93508', '-0.35444', '0.00052', '0.35444',
    '0.93508', '-0.00009', '-0.00046', '0.00027', '1.00000']
  '003.2000': ['2.413', '-0.289', '0.080', '0.88288', '-0.46960', '0.00054', '0.46960',
    '0.88288', '-0.00005', '-0.00045', '0.00030', '1.00000']
  '003.2667': ['2.434', '-0.283', '0.080', '0.81170', '-0.58408', '0.00055', '0.58408',
    '0.81170', '-0.00002', '-0.00044', '0.00034', '1.00000']
  '003.3333': ['2.453', '-0.275', '0.080', '0.71956', '-0.69443', '0.00056', '0.69443',
    '0.71956', '0.00003', '-0.00042', '0.00037', '1.00000']
  '003.4000': ['2.469', '-0.265', '0.080', '0.60657', '-0.79503', '0.00056', '0.79503',
    '0.60657', '0.00007', '-0.00040', '0.00040', '1.00000']
  '003.4667': ['2.481', '-0.253', '0.080', '0.47417', '-0.88043', '0.00055', '0.88043',
    '0.47417', '0.00012', '-0.00037', '0.00043', '1.00000']
  '003.5333': ['2.491', '-0.239', '0.080', '0.32702', '-0.94502', '0.00054', '0.94502',
    '0.32702', '0.00017', '-0.00034', '0.00046', '1.00000']
  '003.6000': ['2.495', '-0.222', '0.080', '0.17378', '-0.98478', '0.00051', '0.98478',
    '0.17378', '0.00021', '-0.00030', '0.00047', '1.00000']
  '003.6667': ['2.492', '-0.199', '0.080', '0.02772', '-0.99962', '0.00049', '0.99962',
    '0.02772', '0.00024', '-0.00026', '0.00048', '1.00000']
  '003.7333': ['2.481', '-0.168', '0.080', '-0.09565', '-0.99542', '0.00046', '0.99542',
    '-0.09565', '0.00027', '-0.00022', '0.00049', '1.00000']
  '003.8000': ['2.457', '-0.128', '0.080', '-0.17478', '-0.98461', '0.00041', '0.98461',
    '-0.17478', '0.00026', '-0.00018', '0.00045', '1.00000']
  '003.8667': ['2.409', '-0.066', '0.080', '-0.17364', '-0.98481', '0.00022', '0.98481',
    '-0.17364', '0.00012', '-0.00008', '0.00024', '1.00000']
  '003.9333': ['2.379', '-0.021', '0.080', '-0.12671', '-0.99194', '0.00020', '0.99194',
    '-0.12671', '0.00009', '-0.00007', '0.00021', '1.00000']
  '004.0000': ['2.359', '0.018', '0.080', '-0.04939', '-0.99878', '0.00020', '0.99878',
    '-0.04939', '0.00008', '-0.00007', '0.00020', '1.00000']
  '004.0667': ['2.346', '0.050', '0.080', '0.04845', '-0.99883', '0.00020', '0.99883',
    '0.04845', '0.00006', '-0.00007', '0.00019', '1.00000']
  '004.1333': ['2.339', '0.078', '0.080', '0.15778', '-0.98747', '0.00021', '0.98747',
    '0.15778', '0.00004', '-0.00007', '0.00020', '1.00000']
  '004.2000': ['2.336', '0.103', '0.080', '0.27246', '-0.96217', '0.00021', '0.96217',
    '0.27246', '0.00001', '-0.00007', '0.00020', '1.00000']
  '004.2667': ['2.338', '0.127', '0.080', '0.38720', '-0.92200', '0.00023', '0.92200',
    '0.38720', '-0.00003', '-0.00006', '0.00022', '1.00000']
  '004.3333': ['2.339', '0.147', '0.080', '0.50116', '-0.86536', '0.00024', '0.86536',
    '0.50116', '-0.00008', '-0.00004', '0.00025', '1.00000']
  '004.4000': ['2.339', '0.167', '0.080', '0.61608', '-0.78768', '0.00021', '0.78768',
    '0.61608', '-0.00018', '0.00001', '0.00028', '1.00000']
  '004.4667': ['2.334', '0.189', '0.080', '0.73585', '-0.67714', '-0.00003', '0.67714',
    '0.73585', '-0.00052', '0.00037', '0.00036', '1.00000']
  '004.5333': ['2.347', '0.200', '0.080', '0.83060', '-0.55687', '-0.00013', '0.55687',
    '0.83060', '-0.00061', '0.00045', '0.00043', '1.00000']
  '004.6000': ['2.364', '0.206', '0.080', '0.89821', '-0.43957', '-0.00017', '0.43957',
    '0.89821', '-0.00066', '0.00045', '0.00051', '1.00000']
  '004.6667': ['2.386', '0.208', '0.080', '0.90992', '-0.41479', '-0.00020', '0.41479',
    '0.90992', '-0.00069', '0.00047', '0.00055', '1.00000']
  '004.7333': ['2.412', '0.212', '0.080', '0.90644', '-0.42234', '-0.00021', '0.42234',
    '0.90644', '-0.00073', '0.00050', '0.00057', '1.00000']
  '004.8000': ['2.436', '0.215', '0.080', '0.89479', '-0.44649', '-0.00021', '0.44649',
    '0.89479', '-0.00076', '0.00053', '0.00058', '1.00000']
  '004.8667': ['2.459', '0.219', '0.080', '0.87444', '-0.48513', '-0.00020', '0.48513',
    '0.87444', '-0.00081', '0.00057', '0.00061', '1.00000']
  '004.9333': ['2.485', '0.227', '0.080', '0.84382', '-0.53662', '-0.00017', '0.53662',
    '0.84382', '-0.00084', '0.00060', '0.00062', '1.00000']
  '005.0000': ['2.507', '0.235', '0.080', '0.80315', '-0.59578', '-0.00016', '0.59578',
    '0.80315', '-0.00084', '0.00063', '0.00058', '1.00000']
  '005.0667': ['2.526', '0.245', '0.080', '0.78458', '-0.62003', '-0.00016', '0.62003',
    '0.78458', '-0.00087', '0.00066', '0.00058', '1.00000']
  '005.1333': ['2.545', '0.258', '0.080', '0.77916', '-0.62682', '-0.00016', '0.62682',
    '0.77916', '-0.00091', '0.00069', '0.00061', '1.00000']
  '005.2000': ['2.566', '0.272', '0.080', '0.71703', '-0.69704', '-0.00012', '0.69704',
    '0.71703', '-0.00089', '0.00071', '0.00055', '1.00000']
  '005.2667': ['2.585', '0.288', '0.080', '0.64562', '-0.76366', '-0.00007', '0.76366',
    '0.64562', '-0.00090', '0.00073', '0.00053', '1.00000']
  '005.3333': ['2.603', '0.307', '0.080', '0.56408', '-0.82572', '0.00004', '0.82572',
    '0.56408', '-0.00092', '0.00074', '0.00056', '1.00000']
  '005.4000': ['2.615', '0.325', '0.080', '0.47534', '-0.87980', '0.00025', '0.87980',
    '0.47534', '-0.00089', '0.00066', '0.00064', '1.00000']
  '005.4667': ['2.621', '0.345', '0.080', '0.43569', '-0.90010', '0.00099', '0.90010',
    '0.43569', '-0.00089', '0.00037', '0.00127', '1.00000']
  '005.5333': ['2.625', '0.366', '0.080', '0.44723', '-0.89441', '0.00220', '0.89442',
    '0.44723', '-0.00091', '-0.00018', '0.00238', '1.00000']
  '005.6000': ['2.645', '0.388', '0.080', '0.44448', '-0.89579', '0.00074', '0.89579',
    '0.44448', '-0.00075', '0.00034', '0.00100', '1.00000']
  '005.6667': ['2.660', '0.408', '0.080', '0.43379', '-0.90101', '0.00018', '0.90101',
    '0.43379', '-0.00057', '0.00043', '0.00041', '1.00000']
  '005.7333': ['2.672', '0.428', '0.080', '0.42161', '-0.90678', '0.00005', '0.90678',
    '0.42161', '-0.00044', '0.00038', '0.00023', '1.00000']
  '005.8000': ['2.682', '0.452', '0.080', '0.41172', '-0.91131', '-0.00000', '0.91131',
    '0.41172', '-0.00035', '0.00032', '0.00014', '1.00000']
  '005.8667': ['2.691', '0.473', '0.080', '0.40537', '-0.91415', '-0.00001', '0.91415',
    '0.40537', '-0.00031', '0.00029', '0.00012', '1.00000']
  '005.9333': ['2.699', '0.494', '0.080', '0.40347', '-0.91499', '-0.00002', '0.91499',
    '0.40347', '-0.00026', '0.00025', '0.00008', '1.00000']
  '006.0000': ['2.708', '0.520', '0.080', '0.40751', '-0.91320', '-0.00004', '0.91320',
    '0.40751', '-0.00024', '0.00023', '0.00006', '1.00000']
  '006.0667': ['2.717', '0.541', '0.080', '0.35289', '-0.93567', '-0.00001', '0.93567',
    '0.35289', '-0.00025', '0.00024', '0.00008', '1.00000']
  '006.1333': ['2.725', '0.564', '0.080', '0.26501', '-0.96425', '-0.00001', '0.96425',
    '0.26501', '-0.00022', '0.00021', '0.00005', '1.00000']
  '006.2000': ['2.733', '0.589', '0.080', '0.17436', '-0.98468', '-0.00004', '0.98468',
    '0.17436', '-0.00022', '0.00023', '-0.00000', '1.00000']
  '006.2667': ['2.740', '0.615', '0.080', '0.07751', '-0.99699', '-0.00005', '0.99699',
    '0.07751', '-0.00022', '0.00022', '-0.00003', '1.00000']
  '006.3333': ['2.745', '0.640', '0.080', '-0.02275', '-0.99974', '-0.00005', '0.99974',
    '-0.02275', '-0.00017', '0.00016', '-0.00005', '1.00000']
  '006.4000': ['2.748', '0.666', '0.080', '-0.03431', '-0.99941', '-0.00003', '0.99941',
    '-0.03431', '-0.00009', '0.00009', '-0.00003', '1.00000']
  '006.4667': ['2.755', '0.697', '0.080', '-0.06378', '-0.99796', '0.00021', '0.99796',
    '-0.06378', '0.00006', '-0.00005', '0.00021', '1.00000']
  '006.5333': ['2.755', '0.721', '0.080', '-0.09637', '-0.99535', '0.00022', '0.99535',
    '-0.09637', '0.00009', '-0.00007', '0.00023', '1.00000']
  '006.6000': ['2.753', '0.743', '0.080', '-0.12874', '-0.99168', '0.00023', '0.99168',
    '-0.12874', '0.00007', '-0.00004', '0.00024', '1.00000']
  '006.6667': ['2.749', '0.769', '0.080', '-0.10397', '-0.99458', '0.00024', '0.99458',
    '-0.10397', '-0.00000', '0.00003', '0.00024', '1.00000']
  '006.7333': ['2.744', '0.793', '0.080', '-0.02835', '-0.99960', '0.00021', '0.99960',
    '-0.02835', '-0.00008', '0.00008', '0.00021', '1.00000']
  '006.8000': ['2.741', '0.820', '0.080', '-0.01004', '-0.99995', '0.00021', '0.99995',
    '-0.01004', '-0.00007', '0.00007', '0.00021', '1.00000']
  '006.8667': ['2.738', '0.845', '0.080', '-0.01908', '-0.99982', '0.00023', '0.99982',
    '-0.01908', '-0.00008', '0.00008', '0.00023', '1.00000']
  '006.9333': ['2.737', '0.871', '0.080', '-0.02248', '-0.99975', '0.00024', '0.99975',
    '-0.02248', '-0.00008', '0.00008', '0.00024', '1.00000']
  '007.0000': ['2.736', '0.895', '0.080', '-0.02328', '-0.99973', '0.00024', '0.99973',
    '-0.02328', '-0.00009', '0.00010', '0.00024', '1.00000']
  '007.0667': ['2.735', '0.917', '0.080', '-0.02285', '-0.99974', '0.00025', '0.99974',
    '-0.02285', '-0.00010', '0.00011', '0.00025', '1.00000']
  '007.1333': ['2.734', '0.942', '0.080', '-0.02160', '-0.99977', '0.00025', '0.99977',
    '-0.02160', '-0.00012', '0.00012', '0.00025', '1.00000']
  '007.2000': ['2.734', '0.967', '0.080', '-0.02111', '-0.99978', '0.00026', '0.99978',
    '-0.02111', '-0.00011', '0.00012', '0.00026', '1.00000']
  '007.2667': ['2.733', '0.994', '0.080', '-0.01966', '-0.99981', '0.00025', '0.99981',
    '-0.01966', '-0.00014', '0.00014', '0.00025', '1.00000']
  '007.3333': ['2.732', '1.018', '0.080', '-0.01698', '-0.99986', '0.00025', '0.99986',
    '-0.01698', '-0.00014', '0.00015', '0.00024', '1.00000']
  '007.4000': ['2.732', '1.043', '0.080', '-0.01378', '-0.99990', '0.00025', '0.99991',
    '-0.01378', '-0.00015', '0.00015', '0.00025', '1.00000']
  '007.4667': ['2.733', '1.067', '0.080', '-0.01191', '-0.99993', '0.00029', '0.99993',
    '-0.01191', '-0.00016', '0.00016', '0.00029', '1.00000']
  '007.5333': ['2.737', '1.091', '0.080', '-0.01799', '-0.99984', '0.00057', '0.99984',
    '-0.01799', '-0.00028', '0.00029', '0.00057', '1.00000']
  '007.6000': ['2.738', '1.116', '0.080', '-0.02660', '-0.99965', '0.00060', '0.99965',
    '-0.02660', '-0.00030', '0.00031', '0.00059', '1.00000']
  '007.6667': ['2.737', '1.140', '0.080', '-0.03404', '-0.99942', '0.00060', '0.99942',
    '-0.03404', '-0.00032', '0.00034', '0.00059', '1.00000']
  '007.7333': ['2.736', '1.165', '0.080', '-0.04092', '-0.99916', '0.00063', '0.99916',
    '-0.04092', '-0.00037', '0.00039', '0.00061', '1.00000']
  '007.8000': ['2.735', '1.189', '0.080', '-0.04831', '-0.99883', '0.00066', '0.99883',
    '-0.04831', '-0.00039', '0.00042', '0.00064', '1.00000']
  '007.8667': ['2.734', '1.213', '0.080', '-0.05461', '-0.99851', '0.00065', '0.99851',
    '-0.05461', '-0.00038', '0.00042', '0.00062', '1.00000']
  '007.9333': ['2.732', '1.237', '0.080', '-0.06075', '-0.99815', '0.00062', '0.99815',
    '-0.06075', '-0.00034', '0.00037', '0.00060', '1.00000']
  '008.0000': ['2.730', '1.264', '0.080', '-0.06523', '-0.99787', '0.00065', '0.99787',
    '-0.06523', '-0.00027', '0.00031', '0.00063', '1.00000']
  '008.0667': ['2.728', '1.289', '0.080', '-0.06716', '-0.99774', '0.00068', '0.99774',
    '-0.06716', '-0.00023', '0.00028', '0.00066', '1.00000']
  '008.1333': ['2.726', '1.312', '0.080', '-0.06799', '-0.99769', '0.00065', '0.99769',
    '-0.06799', '-0.00019', '0.00023', '0.00064', '1.00000']
  '008.2000': ['2.724', '1.337', '0.080', '-0.06799', '-0.99769', '0.00065', '0.99769',
    '-0.06799', '-0.00019', '0.00023', '0.00064', '1.00000']
  '008.2667': ['2.722', '1.363', '0.080', '-0.06799', '-0.99769', '0.00065', '0.99769',
    '-0.06799', '-0.00019', '0.00023', '0.00064', '1.00000']
  '008.3333': ['2.721', '1.388', '0.080', '-0.06799', '-0.99769', '0.00065', '0.99769',
    '-0.06799', '-0.00019', '0.00023', '0.00064', '1.00000']
  '008.4000': ['2.719', '1.413', '0.080', '-0.06799', '-0.99769', '0.00065', '0.99769',
    '-0.06799', '-0.00019', '0.00023', '0.00064', '1.00000']
  '008.4667': ['2.717', '1.438', '0.080', '-0.04827', '-0.99883', '0.00065', '0.99883',
    '-0.04827', '-0.00019', '0.00022', '0.00064', '1.00000']
  '008.5333': ['2.715', '1.463', '0.080', '0.05641', '-0.99841', '0.00065', '0.99841',
    '0.05641', '-0.00019', '0.00015', '0.00066', '1.00000']
  '008.6000': ['2.716', '1.488', '0.080', '0.10224', '-0.99476', '0.00065', '0.99476',
    '0.10224', '-0.00019', '0.00012', '0.00067', '1.00000']
  '008.6667': ['2.719', '1.513', '0.080', '0.10224', '-0.99476', '0.00065', '0.99476',
    '0.10224', '-0.00019', '0.00012', '0.00067', '1.00000']
  '008.7333': ['2.721', '1.539', '0.080', '0.10224', '-0.99476', '0.00065', '0.99476',
    '0.10224', '-0.00019', '0.00012', '0.00067', '1.00000']
  '008.8000': ['2.724', '1.564', '0.080', '0.10224', '-0.99476', '0.00065', '0.99476',
    '0.10224', '-0.00019', '0.00012', '0.00067', '1.00000']
  '008.8667': ['2.727', '1.589', '0.080', '0.10224', '-0.99476', '0.00065', '0.99476',
    '0.10224', '-0.00019', '0.00012', '0.00067', '1.00000']
  '008.9333': ['2.729', '1.614', '0.080', '0.10224', '-0.99476', '0.00065', '0.99476',
    '0.10224', '-0.00019', '0.00012', '0.00067', '1.00000']
