begin_time_stamp: 1574101464.3999913
data_header:
  time_stamp: [x, y, z, R11, R12, R13, R21, R22, R23, R31, R32, R33]
trajectory_data:
  '000.0000': ['2.520', '1.753', '0.080', '-0.00858', '0.99996', '0.00001', '-0.99996',
    '-0.00858', '-0.00015', '-0.00015', '-0.00001', '1.00000']
  '000.0667': ['2.520', '1.727', '0.080', '-0.00744', '0.99997', '0.00004', '-0.99997',
    '-0.00744', '-0.00023', '-0.00023', '-0.00004', '1.00000']
  '000.1333': ['2.519', '1.702', '0.080', '-0.00274', '1.00000', '0.00002', '-1.00000',
    '-0.00274', '-0.00028', '-0.00028', '-0.00002', '1.00000']
  '000.2000': ['2.521', '1.680', '0.080', '0.00232', '1.00000', '-0.00003', '-1.00000',
    '0.00232', '-0.00032', '-0.00032', '0.00003', '1.00000']
  '000.2667': ['2.520', '1.656', '0.080', '0.01050', '0.99994', '-0.00002', '-0.99994',
    '0.01050', '-0.00030', '-0.00030', '0.00002', '1.00000']
  '000.3333': ['2.520', '1.632', '0.080', '0.02038', '0.99979', '0.00000', '-0.99979',
    '0.02038', '-0.00025', '-0.00025', '0.00000', '1.00000']
  '000.4000': ['2.522', '1.608', '0.080', '0.02985', '0.99955', '-0.00007', '-0.99955',
    '0.02985', '-0.00028', '-0.00028', '0.00008', '1.00000']
  '000.4667': ['2.524', '1.585', '0.080', '0.03690', '0.99932', '-0.00013', '-0.99932',
    '0.03690', '-0.00030', '-0.00030', '0.00014', '1.00000']
  '000.5333': ['2.528', '1.559', '0.080', '0.03782', '0.99928', '-0.00008', '-0.99928',
    '0.03782', '-0.00017', '-0.00017', '0.00009', '1.00000']
  '000.6000': ['2.530', '1.534', '0.080', '0.03682', '0.99932', '-0.00005', '-0.99932',
    '0.03682', '-0.00020', '-0.00019', '0.00006', '1.00000']
  '000.6667': ['2.530', '1.508', '0.080', '0.03776', '0.99929', '0.00011', '-0.99929',
    '0.03776', '-0.00033', '-0.00034', '-0.00010', '1.00000']
  '000.7333': ['2.530', '1.483', '0.080', '0.03937', '0.99922', '0.00013', '-0.99922',
    '0.03937', '-0.00035', '-0.00036', '-0.00012', '1.00000']
  '000.8000': ['2.531', '1.459', '0.080', '0.04170', '0.99913', '0.00015', '-0.99913',
    '0.04170', '-0.00034', '-0.00034', '-0.00014', '1.00000']
  '000.8667': ['2.532', '1.435', '0.080', '0.04389', '0.99904', '0.00015', '-0.99904',
    '0.04389', '-0.00037', '-0.00038', '-0.00013', '1.00000']
  '000.9333': ['2.533', '1.408', '0.080', '0.04575', '0.99895', '0.00015', '-0.99895',
    '0.04575', '-0.00041', '-0.00042', '-0.00013', '1.00000']
  '001.0000': ['2.534', '1.381', '0.080', '0.04750', '0.99887', '0.00015', '-0.99887',
    '0.04750', '-0.00044', '-0.00045', '-0.00013', '1.00000']
  '001.0667': ['2.536', '1.356', '0.080', '0.04866', '0.99882', '0.00014', '-0.99882',
    '0.04866', '-0.00048', '-0.00048', '-0.00012', '1.00000']
  '001.1333': ['2.537', '1.333', '0.080', '0.04871', '0.99881', '0.00018', '-0.99881',
    '0.04871', '-0.00051', '-0.00052', '-0.00015', '1.00000']
  '001.2000': ['2.539', '1.310', '0.080', '0.04813', '0.99884', '0.00020', '-0.99884',
    '0.04813', '-0.00055', '-0.00056', '-0.00017', '1.00000']
  '001.2667': ['2.540', '1.287', '0.080', '0.04690', '0.99890', '0.00020', '-0.99890',
    '0.04690', '-0.00058', '-0.00059', '-0.00017', '1.00000']
  '001.3333': ['2.541', '1.264', '0.080', '0.04501', '0.99899', '0.00017', '-0.99899',
    '0.04501', '-0.00060', '-0.00061', '-0.00015', '1.00000']
  '001.4000': ['2.543', '1.239', '0.080', '0.04250', '0.99910', '0.00019', '-0.99910',
    '0.04250', '-0.00061', '-0.00061', '-0.00016', '1.00000']
  '001.4667': ['2.544', '1.213', '0.080', '0.03893', '0.99924', '0.00019', '-0.99924',
    '0.03893', '-0.00062', '-0.00063', '-0.00017', '1.00000']
  '001.5333': ['2.546', '1.189', '0.080', '0.03458', '0.99940', '0.00019', '-0.99940',
    '0.03458', '-0.00065', '-0.00065', '-0.00016', '1.00000']
  '001.6000': ['2.546', '1.165', '0.080', '0.02978', '0.99956', '0.00016', '-0.99956',
    '0.02978', '-0.00068', '-0.00068', '-0.00014', '1.00000']
  '001.6667': ['2.547', '1.140', '0.080', '0.02412', '0.99971', '0.00015', '-0.99971',
    '0.02412', '-0.00070', '-0.00070', '-0.00014', '1.00000']
  '001.7333': ['2.548', '1.111', '0.080', '0.01708', '0.99985', '0.00018', '-0.99985',
    '0.01708', '-0.00074', '-0.00075', '-0.00017', '1.00000']
  '001.8000': ['2.549', '1.086', '0.080', '0.00929', '0.99996', '0.00019', '-0.99996',
    '0.00929', '-0.00073', '-0.00073', '-0.00019', '1.00000']
  '001.8667': ['2.548', '1.061', '0.080', '0.00296', '1.00000', '0.00015', '-1.00000',
    '0.00296', '-0.00068', '-0.00068', '-0.00014', '1.00000']
  '001.9333': ['2.544', '1.038', '0.080', '0.00419', '0.99999', '-0.00012', '-0.99999',
    '0.00419', '-0.00049', '-0.00049', '0.00013', '1.00000']
  '002.0000': ['2.543', '1.015', '0.080', '0.00609', '0.99998', '-0.00012', '-0.99998',
    '0.00609', '-0.00043', '-0.00043', '0.00012', '1.00000']
  '002.0667': ['2.543', '0.992', '0.080', '0.00746', '0.99997', '-0.00011', '-0.99997',
    '0.00746', '-0.00042', '-0.00042', '0.00011', '1.00000']
  '002.1333': ['2.543', '0.969', '0.080', '0.00862', '0.99996', '-0.00011', '-0.99996',
    '0.00862', '-0.00041', '-0.00041', '0.00011', '1.00000']
  '002.2000': ['2.544', '0.944', '0.080', '0.00874', '0.99996', '-0.00014', '-0.99996',
    '0.00874', '-0.00040', '-0.00040', '0.00015', '1.00000']
  '002.2667': ['2.544', '0.916', '0.080', '0.00768', '0.99997', '-0.00013', '-0.99997',
    '0.00768', '-0.00040', '-0.00040', '0.00013', '1.00000']
  '002.3333': ['2.545', '0.885', '0.080', '0.00534', '0.99999', '-0.00011', '-0.99999',
    '0.00534', '-0.00040', '-0.00040', '0.00011', '1.00000']
  '002.4000': ['2.545', '0.858', '0.080', '0.00190', '1.00000', '-0.00012', '-1.00000',
    '0.00190', '-0.00040', '-0.00040', '0.00012', '1.00000']
  '002.4667': ['2.546', '0.833', '0.080', '-0.00200', '1.00000', '-0.00013', '-1.00000',
    '-0.00200', '-0.00042', '-0.00042', '0.00013', '1.00000']
  '002.5333': ['2.546', '0.808', '0.080', '-0.00788', '0.99997', '-0.00013', '-0.99997',
    '-0.00788', '-0.00040', '-0.00040', '0.00013', '1.00000']
  '002.6000': ['2.546', '0.784', '0.080', '-0.01410', '0.99990', '-0.00014', '-0.99990',
    '-0.01410', '-0.00042', '-0.00042', '0.00013', '1.00000']
  '002.6667': ['2.544', '0.759', '0.080', '-0.01775', '0.99984', '-0.00020', '-0.99984',
    '-0.01775', '-0.00044', '-0.00044', '0.00019', '1.00000']
  '002.7333': ['2.536', '0.738', '0.080', '-0.00731', '0.99997', '-0.00048', '-0.99997',
    '-0.00731', '-0.00042', '-0.00043', '0.00047', '1.00000']
  '002.8000': ['2.533', '0.716', '0.080', '0.01006', '0.99995', '-0.00054', '-0.99995',
    '0.01006', '-0.00043', '-0.00042', '0.00054', '1.00000']
  '002.8667': ['2.532', '0.690', '0.080', '-0.07157', '0.99744', '-0.00058', '-0.99744',
    '-0.07157', '-0.00044', '-0.00048', '0.00054', '1.00000']
  '002.9333': ['2.530', '0.665', '0.080', '-0.10171', '0.99481', '-0.00060', '-0.99481',
    '-0.10171', '-0.00039', '-0.00044', '0.00055', '1.00000']
  '003.0000': ['2.528', '0.642', '0.080', '-0.08318', '0.99653', '-0.00060', '-0.99653',
    '-0.08318', '-0.00035', '-0.00040', '0.00057', '1.00000']
  '003.0667': ['2.525', '0.617', '0.080', '-0.06330', '0.99799', '-0.00056', '-0.99799',
    '-0.06330', '-0.00036', '-0.00040', '0.00053', '1.00000']
  '003.1333': ['2.523', '0.595', '0.080', '-0.09744', '0.99524', '-0.00052', '-0.99524',
    '-0.09744', '-0.00041', '-0.00046', '0.00047', '1.00000']
  '003.2000': ['2.520', '0.572', '0.080', '-0.17389', '0.98477', '-0.00054', '-0.98477',
    '-0.17389', '-0.00049', '-0.00057', '0.00044', '1.00000']
  '003.2667': ['2.515', '0.545', '0.080', '-0.24702', '0.96901', '-0.00059', '-0.96901',
    '-0.24702', '-0.00059', '-0.00071', '0.00043', '1.00000']
  '003.3333': ['2.508', '0.520', '0.080', '-0.31730', '0.94833', '-0.00064', '-0.94832',
    '-0.31730', '-0.00061', '-0.00078', '0.00041', '1.00000']
  '003.4000': ['2.501', '0.498', '0.080', '-0.38648', '0.92230', '-0.00064', '-0.92230',
    '-0.38648', '-0.00063', '-0.00083', '0.00035', '1.00000']
  '003.4667': ['2.492', '0.477', '0.080', '-0.45325', '0.89138', '-0.00065', '-0.89138',
    '-0.45325', '-0.00061', '-0.00084', '0.00030', '1.00000']
  '003.5333': ['2.481', '0.458', '0.080', '-0.51577', '0.85673', '-0.00064', '-0.85673',
    '-0.51577', '-0.00061', '-0.00085', '0.00023', '1.00000']
  '003.6000': ['2.467', '0.438', '0.080', '-0.57336', '0.81930', '-0.00063', '-0.81930',
    '-0.57336', '-0.00063', '-0.00088', '0.00015', '1.00000']
  '003.6667': ['2.452', '0.418', '0.080', '-0.62560', '0.78014', '-0.00065', '-0.78014',
    '-0.62560', '-0.00066', '-0.00092', '0.00009', '1.00000']
  '003.7333': ['2.438', '0.402', '0.080', '-0.67148', '0.74102', '-0.00065', '-0.74102',
    '-0.67148', '-0.00065', '-0.00091', '0.00005', '1.00000']
  '003.8000': ['2.421', '0.387', '0.080', '-0.70983', '0.70437', '-0.00064', '-0.70437',
    '-0.70984', '-0.00065', '-0.00091', '-0.00001', '1.00000']
  '003.8667': ['2.400', '0.372', '0.080', '-0.73822', '0.67456', '-0.00060', '-0.67456',
    '-0.73822', '-0.00067', '-0.00089', '-0.00009', '1.00000']
  '003.9333': ['2.380', '0.361', '0.080', '-0.73106', '0.68231', '-0.00059', '-0.68231',
    '-0.73106', '-0.00066', '-0.00088', '-0.00007', '1.00000']
  '004.0000': ['2.360', '0.351', '0.080', '-0.66224', '0.74929', '-0.00053', '-0.74929',
    '-0.66224', '-0.00065', '-0.00084', '-0.00003', '1.00000']
  '004.0667': ['2.343', '0.341', '0.080', '-0.57061', '0.82122', '-0.00045', '-0.82122',
    '-0.57061', '-0.00063', '-0.00077', '0.00001', '1.00000']
  '004.1333': ['2.332', '0.329', '0.080', '-0.45838', '0.88876', '-0.00032', '-0.88876',
    '-0.45838', '-0.00056', '-0.00064', '0.00003', '1.00000']
  '004.2000': ['2.334', '0.307', '0.080', '-0.34781', '0.93757', '0.00006', '-0.93757',
    '-0.34781', '-0.00020', '-0.00017', '-0.00013', '1.00000']
  '004.2667': ['2.335', '0.287', '0.080', '-0.31181', '0.95014', '0.00013', '-0.95014',
    '-0.31181', '-0.00009', '-0.00004', '-0.00015', '1.00000']
  '004.3333': ['2.336', '0.268', '0.080', '-0.29794', '0.95458', '0.00015', '-0.95458',
    '-0.29794', '-0.00003', '0.00002', '-0.00015', '1.00000']
  '004.4000': ['2.339', '0.247', '0.080', '-0.29236', '0.95631', '0.00016', '-0.95631',
    '-0.29236', '0.00000', '0.00005', '-0.00015', '1.00000']
  '004.4667': ['2.345', '0.224', '0.080', '-0.22010', '0.97548', '0.00017', '-0.97548',
    '-0.22010', '0.00004', '0.00008', '-0.00016', '1.00000']
  '004.5333': ['2.359', '0.196', '0.080', '-0.16259', '0.98669', '0.00018', '-0.98669',
    '-0.16259', '0.00008', '0.00010', '-0.00017', '1.00000']
  '004.6000': ['2.383', '0.161', '0.080', '-0.15953', '0.98719', '0.00021', '-0.98719',
    '-0.15953', '0.00012', '0.00016', '-0.00019', '1.00000']
  '004.6667': ['2.420', '0.117', '0.080', '-0.24646', '0.96915', '0.00044', '-0.96915',
    '-0.24646', '0.00027', '0.00037', '-0.00036', '1.00000']
  '004.7333': ['2.440', '0.086', '0.080', '-0.40763', '0.91315', '0.00052', '-0.91315',
    '-0.40763', '0.00027', '0.00045', '-0.00036', '1.00000']
  '004.8000': ['2.448', '0.065', '0.080', '-0.63552', '0.77208', '0.00056', '-0.77208',
    '-0.63552', '0.00021', '0.00052', '-0.00030', '1.00000']
  '004.8667': ['2.444', '0.051', '0.080', '-0.77112', '0.63669', '0.00056', '-0.63669',
    '-0.77112', '0.00016', '0.00054', '-0.00024', '1.00000']
  '004.9333': ['2.433', '0.044', '0.080', '-0.86030', '0.50979', '0.00057', '-0.50979',
    '-0.86030', '0.00012', '0.00055', '-0.00019', '1.00000']
  '005.0000': ['2.418', '0.041', '0.080', '-0.88861', '0.45866', '0.00057', '-0.45866',
    '-0.88861', '0.00010', '0.00055', '-0.00017', '1.00000']
  '005.0667': ['2.402', '0.039', '0.080', '-0.91019', '0.41419', '0.00056', '-0.41419',
    '-0.91019', '0.00008', '0.00055', '-0.00016', '1.00000']
  '005.1333': ['2.383', '0.036', '0.080', '-0.92634', '0.37668', '0.00055', '-0.37668',
    '-0.92634', '0.00005', '0.00053', '-0.00016', '1.00000']
  '005.2000': ['2.364', '0.034', '0.080', '-0.93832', '0.34576', '0.00054', '-0.34576',
    '-0.93832', '0.00002', '0.00052', '-0.00017', '1.00000']
  '005.2667': ['2.345', '0.031', '0.080', '-0.94742', '0.32000', '0.00053', '-0.32000',
    '-0.94742', '-0.00001', '0.00050', '-0.00018', '1.00000']
  '005.3333': ['2.325', '0.028', '0.080', '-0.95460', '0.29790', '0.00051', '-0.29790',
    '-0.95460', '-0.00005', '0.00047', '-0.00020', '1.00000']
  '005.4000': ['2.305', '0.023', '0.080', '-0.96096', '0.27670', '0.00049', '-0.27670',
    '-0.96096', '-0.00008', '0.00045', '-0.00021', '1.00000']
  '005.4667': ['2.283', '0.019', '0.080', '-0.96674', '0.25577', '0.00047', '-0.25577',
    '-0.96674', '-0.00011', '0.00043', '-0.00023', '1.00000']
  '005.5333': ['2.259', '0.014', '0.080', '-0.97681', '0.21411', '0.00044', '-0.21411',
    '-0.97681', '-0.00014', '0.00040', '-0.00023', '1.00000']
  '005.6000': ['2.230', '0.011', '0.080', '-0.99544', '0.09536', '0.00038', '-0.09536',
    '-0.99544', '-0.00017', '0.00036', '-0.00021', '1.00000']
  '005.6667': ['2.193', '0.015', '0.080', '-0.99994', '-0.01130', '0.00031', '0.01130',
    '-0.99994', '-0.00019', '0.00031', '-0.00018', '1.00000']
  '005.7333': ['2.144', '0.029', '0.080', '-0.99628', '-0.08612', '0.00026', '0.08612',
    '-0.99628', '-0.00019', '0.00028', '-0.00017', '1.00000']
  '005.8000': ['1.969', '0.127', '0.080', '-0.99999', '0.00482', '0.00007', '-0.00482',
    '-0.99999', '-0.00010', '0.00007', '-0.00010', '1.00000']
  '005.8667': ['1.911', '0.144', '0.080', '-0.99999', '0.00352', '0.00005', '-0.00352',
    '-0.99999', '-0.00010', '0.00005', '-0.00010', '1.00000']
  '005.9333': ['1.859', '0.156', '0.080', '-0.99996', '-0.00930', '0.00003', '0.00930',
    '-0.99996', '-0.00010', '0.00003', '-0.00010', '1.00000']
  '006.0000': ['1.811', '0.163', '0.080', '-0.99995', '-0.01005', '0.00001', '0.01005',
    '-0.99995', '-0.00010', '0.00001', '-0.00010', '1.00000']
  '006.0667': ['1.767', '0.166', '0.080', '-0.99996', '-0.00871', '-0.00001', '0.00871',
    '-0.99996', '-0.00010', '-0.00001', '-0.00010', '1.00000']
  '006.1333': ['1.724', '0.167', '0.080', '-0.99992', '-0.01286', '-0.00004', '0.01286',
    '-0.99992', '-0.00011', '-0.00003', '-0.00011', '1.00000']
  '006.2000': ['1.683', '0.167', '0.080', '-0.99973', '-0.02344', '-0.00010', '0.02344',
    '-0.99973', '-0.00012', '-0.00010', '-0.00012', '1.00000']
  '006.2667': ['1.641', '0.169', '0.080', '-0.99928', '-0.03805', '-0.00027', '0.03805',
    '-0.99928', '-0.00008', '-0.00027', '-0.00009', '1.00000']
  '006.3333': ['1.624', '0.159', '0.080', '-0.99701', '-0.07726', '-0.00019', '0.07726',
    '-0.99701', '-0.00014', '-0.00018', '-0.00015', '1.00000']
  '006.4000': ['1.605', '0.152', '0.080', '-0.99075', '-0.13573', '-0.00016', '0.13573',
    '-0.99075', '-0.00014', '-0.00014', '-0.00016', '1.00000']
  '006.4667': ['1.586', '0.149', '0.080', '-0.97806', '-0.20832', '-0.00015', '0.20832',
    '-0.97806', '-0.00014', '-0.00011', '-0.00017', '1.00000']
  '006.5333': ['1.567', '0.148', '0.080', '-0.96331', '-0.26840', '-0.00013', '0.26840',
    '-0.96331', '-0.00015', '-0.00008', '-0.00018', '1.00000']
  '006.6000': ['1.549', '0.151', '0.080', '-0.96620', '-0.25780', '-0.00011', '0.25780',
    '-0.96620', '-0.00018', '-0.00006', '-0.00020', '1.00000']
  '006.6667': ['1.530', '0.154', '0.080', '-0.96792', '-0.25127', '-0.00008', '0.25127',
    '-0.96792', '-0.00018', '-0.00003', '-0.00020', '1.00000']
  '006.7333': ['1.511', '0.159', '0.080', '-0.96916', '-0.24643', '-0.00007', '0.24643',
    '-0.96916', '-0.00019', '-0.00002', '-0.00020', '1.00000']
  '006.8000': ['1.490', '0.164', '0.080', '-0.97019', '-0.24233', '-0.00005', '0.24233',
    '-0.97019', '-0.00021', '0.00000', '-0.00022', '1.00000']
  '006.8667': ['1.467', '0.170', '0.080', '-0.97137', '-0.23757', '-0.00003', '0.23757',
    '-0.97137', '-0.00022', '0.00002', '-0.00022', '1.00000']
  '006.9333': ['1.443', '0.178', '0.080', '-0.97316', '-0.23011', '-0.00003', '0.23011',
    '-0.97316', '-0.00023', '0.00002', '-0.00023', '1.00000']
  '007.0000': ['1.417', '0.186', '0.080', '-0.97596', '-0.21797', '-0.00003', '0.21797',
    '-0.97596', '-0.00023', '0.00002', '-0.00023', '1.00000']
  '007.0667': ['1.388', '0.196', '0.080', '-0.96576', '-0.25943', '-0.00003', '0.25943',
    '-0.96576', '-0.00026', '0.00004', '-0.00026', '1.00000']
  '007.1333': ['1.355', '0.210', '0.080', '-0.94459', '-0.32825', '-0.00003', '0.32825',
    '-0.94459', '-0.00030', '0.00007', '-0.00030', '1.00000']
  '007.2000': ['1.312', '0.232', '0.080', '-0.92416', '-0.38201', '0.00012', '0.38201',
    '-0.92416', '-0.00055', '0.00032', '-0.00046', '1.00000']
  '007.2667': ['1.281', '0.244', '0.080', '-0.89927', '-0.43740', '0.00014', '0.43740',
    '-0.89927', '-0.00057', '0.00038', '-0.00045', '1.00000']
  '007.3333': ['1.257', '0.254', '0.080', '-0.86854', '-0.49562', '0.00013', '0.49562',
    '-0.86854', '-0.00055', '0.00038', '-0.00042', '1.00000']
  '007.4000': ['1.235', '0.264', '0.080', '-0.83046', '-0.55708', '0.00010', '0.55708',
    '-0.83046', '-0.00050', '0.00036', '-0.00036', '1.00000']
  '007.4667': ['1.212', '0.277', '0.080', '-0.82379', '-0.56690', '0.00009', '0.56690',
    '-0.82379', '-0.00046', '0.00034', '-0.00033', '1.00000']
  '007.5333': ['1.181', '0.296', '0.080', '-0.83461', '-0.55084', '0.00013', '0.55084',
    '-0.83461', '-0.00049', '0.00038', '-0.00034', '1.00000']
  '007.6000': ['1.124', '0.324', '0.080', '-0.83689', '-0.54738', '0.00038', '0.54738',
    '-0.83689', '-0.00083', '0.00077', '-0.00048', '1.00000']
  '007.6667': ['1.087', '0.345', '0.080', '-0.83550', '-0.54949', '0.00037', '0.54949',
    '-0.83550', '-0.00075', '0.00072', '-0.00042', '1.00000']
  '007.7333': ['1.059', '0.362', '0.080', '-0.83324', '-0.55291', '0.00030', '0.55291',
    '-0.83324', '-0.00066', '0.00061', '-0.00038', '1.00000']
  '007.8000': ['1.034', '0.378', '0.080', '-0.83092', '-0.55639', '0.00026', '0.55639',
    '-0.83092', '-0.00057', '0.00053', '-0.00033', '1.00000']
  '007.8667': ['1.010', '0.393', '0.080', '-0.82870', '-0.55969', '0.00022', '0.55969',
    '-0.82870', '-0.00047', '0.00044', '-0.00026', '1.00000']
  '007.9333': ['0.989', '0.407', '0.080', '-0.82696', '-0.56226', '0.00020', '0.56226',
    '-0.82696', '-0.00042', '0.00040', '-0.00023', '1.00000']
  '008.0000': ['0.967', '0.422', '0.080', '-0.82582', '-0.56393', '0.00017', '0.56393',
    '-0.82582', '-0.00035', '0.00034', '-0.00020', '1.00000']
  '008.0667': ['0.946', '0.436', '0.080', '-0.79186', '-0.61070', '0.00013', '0.61070',
    '-0.79186', '-0.00032', '0.00030', '-0.00017', '1.00000']
  '008.1333': ['0.925', '0.451', '0.080', '-0.72369', '-0.69013', '0.00010', '0.69013',
    '-0.72369', '-0.00029', '0.00027', '-0.00014', '1.00000']
  '008.2000': ['0.907', '0.467', '0.080', '-0.64780', '-0.76181', '0.00007', '0.76181',
    '-0.64780', '-0.00026', '0.00024', '-0.00011', '1.00000']
  '008.2667': ['0.891', '0.485', '0.080', '-0.56475', '-0.82526', '0.00005', '0.82526',
    '-0.56475', '-0.00023', '0.00022', '-0.00008', '1.00000']
  '008.3333': ['0.878', '0.505', '0.080', '-0.47919', '-0.87771', '0.00004', '0.87771',
    '-0.47919', '-0.00021', '0.00020', '-0.00006', '1.00000']
  '008.4000': ['0.866', '0.527', '0.080', '-0.47919', '-0.87771', '0.00004', '0.87771',
    '-0.47919', '-0.00021', '0.00020', '-0.00006', '1.00000']
  '008.4667': ['0.853', '0.550', '0.080', '-0.47919', '-0.87771', '0.00004', '0.87771',
    '-0.47919', '-0.00021', '0.00020', '-0.00006', '1.00000']
  '008.5333': ['0.841', '0.572', '0.080', '-0.47919', '-0.87771', '0.00004', '0.87771',
    '-0.47919', '-0.00021', '0.00020', '-0.00006', '1.00000']
  '008.6000': ['0.829', '0.594', '0.080', '-0.47919', '-0.87771', '0.00004', '0.87771',
    '-0.47919', '-0.00021', '0.00020', '-0.00006', '1.00000']
  '008.6667': ['0.817', '0.616', '0.080', '-0.44832', '-0.89387', '0.00004', '0.89387',
    '-0.44832', '-0.00021', '0.00020', '-0.00005', '1.00000']
  '008.7333': ['0.805', '0.638', '0.080', '-0.35242', '-0.93584', '0.00004', '0.93584',
    '-0.35242', '-0.00021', '0.00021', '-0.00003', '1.00000']
  '008.8000': ['0.796', '0.661', '0.080', '-0.33324', '-0.94284', '0.00004', '0.94284',
    '-0.33324', '-0.00021', '0.00021', '-0.00003', '1.00000']
  '008.8667': ['0.788', '0.685', '0.080', '-0.33324', '-0.94284', '0.00004', '0.94284',
    '-0.33324', '-0.00021', '0.00021', '-0.00003', '1.00000']
  '008.9333': ['0.779', '0.709', '0.080', '-0.33324', '-0.94284', '0.00004', '0.94284',
    '-0.33324', '-0.00021', '0.00021', '-0.00003', '1.00000']
  '009.0000': ['0.772', '0.733', '0.080', '-0.41529', '-0.90969', '0.00004', '0.90969',
    '-0.41529', '-0.00021', '0.00021', '-0.00005', '1.00000']
  '009.0667': ['0.762', '0.756', '0.080', '-0.50811', '-0.86129', '0.00004', '0.86129',
    '-0.50811', '-0.00021', '0.00020', '-0.00007', '1.00000']
  '009.1333': ['0.750', '0.778', '0.080', '-0.59536', '-0.80346', '0.00004', '0.80346',
    '-0.59536', '-0.00021', '0.00019', '-0.00009', '1.00000']
  '009.2000': ['0.735', '0.799', '0.080', '-0.67609', '-0.73682', '0.00004', '0.73682',
    '-0.67609', '-0.00021', '0.00018', '-0.00011', '1.00000']
  '009.2667': ['0.719', '0.818', '0.080', '-0.74941', '-0.66211', '0.00004', '0.66211',
    '-0.74941', '-0.00021', '0.00017', '-0.00013', '1.00000']
  '009.3333': ['0.700', '0.835', '0.080', '-0.81451', '-0.58015', '0.00004', '0.58015',
    '-0.81451', '-0.00021', '0.00015', '-0.00014', '1.00000']
  '009.4000': ['0.680', '0.850', '0.080', '-0.87069', '-0.49182', '0.00004', '0.49182',
    '-0.87069', '-0.00021', '0.00014', '-0.00016', '1.00000']
  '009.4667': ['0.659', '0.863', '0.080', '-0.91734', '-0.39811', '0.00004', '0.39811',
    '-0.91734', '-0.00021', '0.00012', '-0.00017', '1.00000']
  '009.5333': ['0.636', '0.873', '0.080', '-0.95393', '-0.30004', '0.00004', '0.30004',
    '-0.95393', '-0.00021', '0.00010', '-0.00018', '1.00000']
  '009.6000': ['0.612', '0.882', '0.080', '-0.98006', '-0.19868', '0.00004', '0.19868',
    '-0.98006', '-0.00021', '0.00008', '-0.00019', '1.00000']
