begin_time_stamp: 1574101404.4666626
data_header:
  time_stamp: [x, y, z, R11, R12, R13, R21, R22, R23, R31, R32, R33]
trajectory_data:
  '000.0000': ['0.714', '0.621', '0.080', '0.16009', '0.98710', '-0.00042', '-0.98710',
    '0.16009', '-0.00022', '-0.00014', '0.00045', '1.00000']
  '000.0667': ['0.720', '0.596', '0.080', '0.12616', '0.99201', '-0.00043', '-0.99201',
    '0.12616', '-0.00025', '-0.00020', '0.00045', '1.00000']
  '000.1333': ['0.724', '0.572', '0.080', '0.11246', '0.99366', '-0.00041', '-0.99366',
    '0.11246', '-0.00027', '-0.00022', '0.00044', '1.00000']
  '000.2000': ['0.728', '0.547', '0.080', '0.09531', '0.99545', '-0.00037', '-0.99545',
    '0.09531', '-0.00025', '-0.00022', '0.00040', '1.00000']
  '000.2667': ['0.731', '0.524', '0.080', '0.07591', '0.99711', '-0.00020', '-0.99711',
    '0.07591', '-0.00019', '-0.00017', '0.00021', '1.00000']
  '000.3333': ['0.733', '0.500', '0.080', '0.08789', '0.99613', '-0.00020', '-0.99613',
    '0.08789', '-0.00019', '-0.00017', '0.00021', '1.00000']
  '000.4000': ['0.734', '0.476', '0.080', '0.17206', '0.98509', '-0.00019', '-0.98509',
    '0.17206', '-0.00021', '-0.00018', '0.00022', '1.00000']
  '000.4667': ['0.736', '0.451', '0.080', '0.25894', '0.96589', '-0.00018', '-0.96589',
    '0.25894', '-0.00024', '-0.00018', '0.00023', '1.00000']
  '000.5333': ['0.740', '0.426', '0.080', '0.35028', '0.93665', '-0.00015', '-0.93665',
    '0.35028', '-0.00024', '-0.00017', '0.00022', '1.00000']
  '000.6000': ['0.747', '0.402', '0.080', '0.44421', '0.89592', '-0.00012', '-0.89592',
    '0.44421', '-0.00027', '-0.00018', '0.00023', '1.00000']
  '000.6667': ['0.762', '0.370', '0.080', '0.53835', '0.84272', '-0.00013', '-0.84272',
    '0.53835', '-0.00030', '-0.00018', '0.00027', '1.00000']
  '000.7333': ['0.789', '0.330', '0.080', '0.62568', '0.78008', '-0.00006', '-0.78008',
    '0.62568', '-0.00037', '-0.00025', '0.00028', '1.00000']
  '000.8000': ['0.813', '0.301', '0.080', '0.70820', '0.70601', '-0.00006', '-0.70601',
    '0.70820', '-0.00038', '-0.00022', '0.00031', '1.00000']
  '000.8667': ['0.842', '0.272', '0.080', '0.78369', '0.62115', '-0.00001', '-0.62115',
    '0.78369', '-0.00037', '-0.00022', '0.00030', '1.00000']
  '000.9333': ['0.879', '0.242', '0.080', '0.85072', '0.52562', '0.00002', '-0.52562',
    '0.85072', '-0.00033', '-0.00019', '0.00027', '1.00000']
  '001.0000': ['0.927', '0.209', '0.080', '0.90987', '0.41490', '0.00005', '-0.41490',
    '0.90987', '-0.00031', '-0.00017', '0.00027', '1.00000']
  '001.0667': ['1.030', '0.146', '0.080', '0.95901', '0.28337', '0.00012', '-0.28337',
    '0.95901', '-0.00042', '-0.00023', '0.00037', '1.00000']
  '001.1333': ['1.077', '0.123', '0.080', '0.97740', '0.21142', '0.00013', '-0.21142',
    '0.97740', '-0.00047', '-0.00022', '0.00043', '1.00000']
  '001.2000': ['1.111', '0.113', '0.080', '0.99138', '0.13100', '0.00014', '-0.13100',
    '0.99138', '-0.00046', '-0.00020', '0.00044', '1.00000']
  '001.2667': ['1.132', '0.112', '0.080', '0.99853', '0.05422', '0.00016', '-0.05422',
    '0.99853', '-0.00045', '-0.00018', '0.00044', '1.00000']
  '001.3333': ['1.142', '0.121', '0.080', '0.99997', '-0.00754', '0.00017', '0.00754',
    '0.99997', '-0.00041', '-0.00017', '0.00041', '1.00000']
  '001.4000': ['1.140', '0.137', '0.080', '0.99904', '-0.04376', '0.00019', '0.04376',
    '0.99904', '-0.00037', '-0.00017', '0.00038', '1.00000']
  '001.4667': ['1.082', '0.181', '0.080', '0.99675', '-0.08050', '0.00016', '0.08050',
    '0.99675', '-0.00032', '-0.00013', '0.00033', '1.00000']
  '001.5333': ['1.081', '0.195', '0.080', '0.99689', '-0.07878', '0.00019', '0.07878',
    '0.99689', '-0.00033', '-0.00016', '0.00035', '1.00000']
  '001.6000': ['1.091', '0.204', '0.080', '0.99775', '-0.06704', '0.00023', '0.06704',
    '0.99775', '-0.00038', '-0.00020', '0.00040', '1.00000']
  '001.6667': ['1.112', '0.209', '0.080', '0.99870', '-0.05100', '0.00028', '0.05100',
    '0.99870', '-0.00044', '-0.00026', '0.00046', '1.00000']
  '001.7333': ['1.137', '0.213', '0.080', '0.99946', '-0.03297', '0.00034', '0.03297',
    '0.99946', '-0.00049', '-0.00032', '0.00050', '1.00000']
  '001.8000': ['1.162', '0.216', '0.080', '0.99991', '-0.01359', '0.00038', '0.01359',
    '0.99991', '-0.00051', '-0.00037', '0.00052', '1.00000']
  '001.8667': ['1.188', '0.219', '0.080', '0.99994', '0.01116', '0.00045', '-0.01116',
    '0.99994', '-0.00052', '-0.00045', '0.00052', '1.00000']
  '001.9333': ['1.217', '0.223', '0.080', '0.99903', '0.04405', '0.00053', '-0.04405',
    '0.99903', '-0.00060', '-0.00056', '0.00057', '1.00000']
  '002.0000': ['1.246', '0.225', '0.080', '0.99649', '0.08373', '0.00055', '-0.08373',
    '0.99649', '-0.00064', '-0.00060', '0.00059', '1.00000']
  '002.0667': ['1.271', '0.225', '0.080', '0.99173', '0.12838', '0.00049', '-0.12838',
    '0.99173', '-0.00059', '-0.00056', '0.00052', '1.00000']
  '002.1333': ['1.296', '0.220', '0.080', '0.98487', '0.17330', '0.00042', '-0.17330',
    '0.98487', '-0.00055', '-0.00051', '0.00047', '1.00000']
  '002.2000': ['1.321', '0.211', '0.080', '0.97691', '0.21363', '0.00033', '-0.21363',
    '0.97691', '-0.00048', '-0.00042', '0.00040', '1.00000']
  '002.2667': ['1.347', '0.198', '0.080', '0.96978', '0.24397', '0.00026', '-0.24397',
    '0.96978', '-0.00044', '-0.00036', '0.00036', '1.00000']
  '002.3333': ['1.377', '0.174', '0.080', '0.96937', '0.24562', '0.00006', '-0.24562',
    '0.96937', '-0.00035', '-0.00014', '0.00033', '1.00000']
  '002.4000': ['1.410', '0.159', '0.080', '0.97142', '0.23736', '0.00004', '-0.23736',
    '0.97142', '-0.00033', '-0.00012', '0.00032', '1.00000']
  '002.4667': ['1.443', '0.149', '0.080', '0.95736', '0.28889', '0.00002', '-0.28889',
    '0.95736', '-0.00032', '-0.00012', '0.00030', '1.00000']
  '002.5333': ['1.476', '0.139', '0.080', '0.92685', '0.37543', '0.00001', '-0.37543',
    '0.92685', '-0.00030', '-0.00012', '0.00028', '1.00000']
  '002.6000': ['1.509', '0.128', '0.080', '0.92788', '0.37289', '0.00003', '-0.37289',
    '0.92788', '-0.00029', '-0.00014', '0.00026', '1.00000']
  '002.6667': ['1.542', '0.116', '0.080', '0.92628', '0.37685', '0.00008', '-0.37685',
    '0.92628', '-0.00027', '-0.00017', '0.00022', '1.00000']
  '002.7333': ['1.576', '0.105', '0.080', '0.92167', '0.38797', '0.00002', '-0.38797',
    '0.92167', '-0.00027', '-0.00013', '0.00024', '1.00000']
  '002.8000': ['1.611', '0.091', '0.080', '0.91545', '0.40244', '0.00008', '-0.40244',
    '0.91545', '-0.00025', '-0.00018', '0.00020', '1.00000']
  '002.8667': ['1.646', '0.076', '0.080', '0.90742', '0.42022', '0.00006', '-0.42022',
    '0.90742', '-0.00022', '-0.00015', '0.00018', '1.00000']
  '002.9333': ['1.683', '0.059', '0.080', '0.89798', '0.44003', '0.00011', '-0.44003',
    '0.89798', '-0.00016', '-0.00017', '0.00010', '1.00000']
  '003.0000': ['1.723', '0.041', '0.080', '0.88596', '0.46377', '0.00011', '-0.46377',
    '0.88596', '-0.00015', '-0.00017', '0.00009', '1.00000']
  '003.0667': ['1.766', '0.020', '0.080', '0.89680', '0.44243', '0.00011', '-0.44243',
    '0.89680', '-0.00015', '-0.00016', '0.00009', '1.00000']
  '003.1333': ['1.813', '-0.001', '0.080', '0.92330', '0.38407', '0.00007', '-0.38407',
    '0.92330', '-0.00019', '-0.00014', '0.00015', '1.00000']
  '003.2000': ['1.863', '-0.025', '0.080', '0.90905', '0.41668', '0.00002', '-0.41668',
    '0.90905', '-0.00023', '-0.00011', '0.00020', '1.00000']
  '003.2667': ['1.915', '-0.056', '0.080', '0.89943', '0.43706', '0.00010', '-0.43706',
    '0.89943', '-0.00017', '-0.00017', '0.00011', '1.00000']
  '003.3333': ['1.971', '-0.091', '0.080', '0.89714', '0.44174', '0.00014', '-0.44174',
    '0.89714', '-0.00016', '-0.00019', '0.00008', '1.00000']
  '003.4000': ['2.184', '-0.255', '0.080', '0.98319', '0.18260', '0.00051', '-0.18260',
    '0.98319', '-0.00034', '-0.00056', '0.00024', '1.00000']
  '003.4667': ['2.233', '-0.278', '0.080', '0.99524', '0.09745', '0.00055', '-0.09745',
    '0.99524', '-0.00033', '-0.00058', '0.00028', '1.00000']
  '003.5333': ['2.273', '-0.292', '0.080', '0.99995', '-0.00957', '0.00059', '0.00957',
    '0.99995', '-0.00030', '-0.00059', '0.00031', '1.00000']
  '003.6000': ['2.305', '-0.300', '0.080', '0.99132', '-0.13146', '0.00062', '0.13146',
    '0.99132', '-0.00027', '-0.00058', '0.00035', '1.00000']
  '003.6667': ['2.332', '-0.303', '0.080', '0.96520', '-0.26151', '0.00066', '0.26151',
    '0.96520', '-0.00024', '-0.00057', '0.00040', '1.00000']
  '003.7333': ['2.358', '-0.301', '0.080', '0.91838', '-0.39570', '0.00068', '0.39570',
    '0.91838', '-0.00019', '-0.00055', '0.00044', '1.00000']
  '003.8000': ['2.380', '-0.298', '0.080', '0.84833', '-0.52947', '0.00071', '0.52947',
    '0.84833', '-0.00013', '-0.00053', '0.00049', '1.00000']
  '003.8667': ['2.399', '-0.291', '0.080', '0.77714', '-0.62933', '0.00071', '0.62933',
    '0.77714', '-0.00008', '-0.00050', '0.00051', '1.00000']
  '003.9333': ['2.416', '-0.282', '0.080', '0.73570', '-0.67731', '0.00073', '0.67731',
    '0.73570', '-0.00005', '-0.00050', '0.00053', '1.00000']
  '004.0000': ['2.432', '-0.272', '0.080', '0.62528', '-0.78040', '0.00074', '0.78040',
    '0.62528', '0.00001', '-0.00047', '0.00057', '1.00000']
  '004.0667': ['2.446', '-0.261', '0.080', '0.47298', '-0.88107', '0.00073', '0.88107',
    '0.47298', '0.00009', '-0.00043', '0.00060', '1.00000']
  '004.1333': ['2.455', '-0.245', '0.080', '0.30225', '-0.95323', '0.00072', '0.95323',
    '0.30225', '0.00017', '-0.00038', '0.00063', '1.00000']
  '004.2000': ['2.458', '-0.226', '0.080', '0.12540', '-0.99211', '0.00067', '0.99211',
    '0.12540', '0.00024', '-0.00032', '0.00064', '1.00000']
  '004.2667': ['2.451', '-0.199', '0.080', '-0.03724', '-0.99931', '0.00061', '0.99931',
    '-0.03724', '0.00028', '-0.00026', '0.00062', '1.00000']
  '004.3333': ['2.431', '-0.161', '0.080', '-0.15917', '-0.98725', '0.00052', '0.98725',
    '-0.15917', '0.00028', '-0.00019', '0.00055', '1.00000']
  '004.4000': ['2.391', '-0.107', '0.080', '-0.20439', '-0.97889', '0.00027', '0.97889',
    '-0.20439', '0.00013', '-0.00008', '0.00029', '1.00000']
  '004.4667': ['2.359', '-0.060', '0.080', '-0.20211', '-0.97936', '0.00021', '0.97936',
    '-0.20211', '0.00010', '-0.00005', '0.00023', '1.00000']
  '004.5333': ['2.334', '-0.020', '0.080', '-0.16694', '-0.98597', '0.00020', '0.98597',
    '-0.16694', '0.00008', '-0.00005', '0.00021', '1.00000']
  '004.6000': ['2.315', '0.017', '0.080', '-0.10593', '-0.99437', '0.00019', '0.99437',
    '-0.10593', '0.00006', '-0.00004', '0.00020', '1.00000']
  '004.6667': ['2.299', '0.051', '0.080', '-0.02241', '-0.99975', '0.00019', '0.99975',
    '-0.02241', '0.00005', '-0.00004', '0.00019', '1.00000']
  '004.7333': ['2.286', '0.083', '0.080', '0.08171', '-0.99666', '0.00020', '0.99666',
    '0.08171', '0.00002', '-0.00004', '0.00020', '1.00000']
  '004.8000': ['2.275', '0.113', '0.080', '0.20642', '-0.97846', '0.00020', '0.97846',
    '0.20642', '-0.00001', '-0.00003', '0.00020', '1.00000']
  '004.8667': ['2.265', '0.143', '0.080', '0.35284', '-0.93568', '0.00019', '0.93568',
    '0.35284', '-0.00008', '0.00000', '0.00020', '1.00000']
  '004.9333': ['2.253', '0.175', '0.080', '0.52293', '-0.85237', '0.00005', '0.85237',
    '0.52293', '-0.00033', '0.00026', '0.00021', '1.00000']
  '005.0000': ['2.260', '0.191', '0.080', '0.66953', '-0.74278', '-0.00002', '0.74278',
    '0.66953', '-0.00045', '0.00035', '0.00028', '1.00000']
  '005.0667': ['2.276', '0.200', '0.080', '0.77969', '-0.62616', '-0.00007', '0.62616',
    '0.77969', '-0.00050', '0.00037', '0.00035', '1.00000']
  '005.1333': ['2.299', '0.205', '0.080', '0.85527', '-0.51817', '-0.00012', '0.51817',
    '0.85527', '-0.00057', '0.00040', '0.00043', '1.00000']
  '005.2000': ['2.321', '0.209', '0.080', '0.90650', '-0.42220', '-0.00016', '0.42220',
    '0.90650', '-0.00060', '0.00040', '0.00047', '1.00000']
  '005.2667': ['2.343', '0.211', '0.080', '0.93527', '-0.35394', '-0.00019', '0.35394',
    '0.93527', '-0.00064', '0.00041', '0.00053', '1.00000']
  '005.3333': ['2.368', '0.213', '0.080', '0.92356', '-0.38345', '-0.00020', '0.38345',
    '0.92356', '-0.00068', '0.00044', '0.00055', '1.00000']
  '005.4000': ['2.393', '0.216', '0.080', '0.90407', '-0.42739', '-0.00020', '0.42739',
    '0.90407', '-0.00071', '0.00049', '0.00056', '1.00000']
  '005.4667': ['2.417', '0.220', '0.080', '0.87464', '-0.48477', '-0.00019', '0.48477',
    '0.87464', '-0.00075', '0.00053', '0.00057', '1.00000']
  '005.5333': ['2.443', '0.227', '0.080', '0.83230', '-0.55433', '-0.00019', '0.55433',
    '0.83230', '-0.00076', '0.00058', '0.00052', '1.00000']
  '005.6000': ['2.463', '0.235', '0.080', '0.77606', '-0.63065', '-0.00016', '0.63065',
    '0.77606', '-0.00080', '0.00063', '0.00052', '1.00000']
  '005.6667': ['2.482', '0.245', '0.080', '0.70467', '-0.70953', '-0.00012', '0.70953',
    '0.70467', '-0.00084', '0.00068', '0.00051', '1.00000']
  '005.7333': ['2.499', '0.259', '0.080', '0.67900', '-0.73414', '-0.00010', '0.73414',
    '0.67900', '-0.00085', '0.00069', '0.00050', '1.00000']
  '005.8000': ['2.518', '0.277', '0.080', '0.66473', '-0.74708', '-0.00010', '0.74708',
    '0.66473', '-0.00083', '0.00069', '0.00048', '1.00000']
  '005.8667': ['2.534', '0.295', '0.080', '0.64891', '-0.76086', '-0.00011', '0.76086',
    '0.64891', '-0.00080', '0.00068', '0.00043', '1.00000']
  '005.9333': ['2.551', '0.317', '0.080', '0.63374', '-0.77355', '-0.00011', '0.77355',
    '0.63374', '-0.00078', '0.00067', '0.00041', '1.00000']
  '006.0000': ['2.566', '0.337', '0.080', '0.62155', '-0.78337', '-0.00009', '0.78337',
    '0.62155', '-0.00074', '0.00064', '0.00039', '1.00000']
  '006.0667': ['2.579', '0.356', '0.080', '0.61186', '-0.79097', '-0.00008', '0.79097',
    '0.61186', '-0.00075', '0.00064', '0.00039', '1.00000']
  '006.1333': ['2.592', '0.374', '0.080', '0.60439', '-0.79669', '-0.00006', '0.79669',
    '0.60439', '-0.00073', '0.00062', '0.00039', '1.00000']
  '006.2000': ['2.604', '0.392', '0.080', '0.59970', '-0.80022', '-0.00005', '0.80022',
    '0.59970', '-0.00067', '0.00056', '0.00036', '1.00000']
  '006.2667': ['2.617', '0.410', '0.080', '0.59746', '-0.80190', '-0.00006', '0.80190',
    '0.59746', '-0.00063', '0.00054', '0.00033', '1.00000']
  '006.3333': ['2.630', '0.429', '0.080', '0.59783', '-0.80162', '-0.00007', '0.80162',
    '0.59783', '-0.00062', '0.00054', '0.00031', '1.00000']
  '006.4000': ['2.643', '0.449', '0.080', '0.60103', '-0.79923', '-0.00007', '0.79923',
    '0.60103', '-0.00058', '0.00051', '0.00029', '1.00000']
  '006.4667': ['2.658', '0.468', '0.080', '0.60493', '-0.79628', '-0.00008', '0.79628',
    '0.60493', '-0.00052', '0.00046', '0.00025', '1.00000']
  '006.5333': ['2.680', '0.490', '0.080', '0.53231', '-0.84655', '-0.00005', '0.84655',
    '0.53231', '-0.00043', '0.00039', '0.00019', '1.00000']
  '006.6000': ['2.702', '0.504', '0.080', '0.42403', '-0.90565', '-0.00010', '0.90565',
    '0.42403', '-0.00032', '0.00033', '0.00005', '1.00000']
  '006.6667': ['2.715', '0.521', '0.080', '0.30366', '-0.95278', '0.00007', '0.95278',
    '0.30366', '-0.00034', '0.00031', '0.00017', '1.00000']
  '006.7333': ['2.723', '0.544', '0.080', '0.21174', '-0.97733', '0.00014', '0.97733',
    '0.21174', '-0.00030', '0.00026', '0.00020', '1.00000']
  '006.8000': ['2.721', '0.571', '0.080', '0.19490', '-0.98082', '0.00005', '0.98082',
    '0.19490', '-0.00024', '0.00022', '0.00009', '1.00000']
  '006.8667': ['2.723', '0.596', '0.080', '0.18135', '-0.98342', '-0.00002', '0.98342',
    '0.18135', '-0.00021', '0.00021', '0.00002', '1.00000']
  '006.9333': ['2.727', '0.620', '0.080', '0.16947', '-0.98554', '-0.00007', '0.98554',
    '0.16947', '-0.00020', '0.00021', '-0.00003', '1.00000']
  '007.0000': ['2.730', '0.644', '0.080', '0.15975', '-0.98716', '-0.00007', '0.98716',
    '0.15975', '-0.00017', '0.00017', '-0.00004', '1.00000']
  '007.0667': ['2.733', '0.670', '0.080', '0.15190', '-0.98840', '-0.00011', '0.98840',
    '0.15190', '-0.00009', '0.00010', '-0.00010', '1.00000']
  '007.1333': ['2.739', '0.693', '0.080', '0.12961', '-0.99157', '-0.00007', '0.99157',
    '0.12961', '-0.00001', '0.00002', '-0.00007', '1.00000']
  '007.2000': ['2.749', '0.717', '0.080', '0.00261', '-1.00000', '0.00022', '1.00000',
    '0.00261', '0.00007', '-0.00007', '0.00022', '1.00000']
  '007.2667': ['2.751', '0.744', '0.080', '-0.04061', '-0.99918', '0.00027', '0.99918',
    '-0.04061', '0.00007', '-0.00006', '0.00027', '1.00000']
  '007.3333': ['2.750', '0.768', '0.080', '-0.04633', '-0.99893', '0.00028', '0.99893',
    '-0.04633', '0.00002', '-0.00000', '0.00028', '1.00000']
  '007.4000': ['2.748', '0.792', '0.080', '0.02875', '-0.99959', '0.00027', '0.99959',
    '0.02875', '-0.00005', '0.00005', '0.00027', '1.00000']
  '007.4667': ['2.746', '0.821', '0.080', '0.02162', '-0.99977', '0.00025', '0.99977',
    '0.02162', '-0.00006', '0.00005', '0.00025', '1.00000']
  '007.5333': ['2.745', '0.844', '0.080', '0.00945', '-0.99996', '0.00026', '0.99996',
    '0.00945', '-0.00007', '0.00007', '0.00026', '1.00000']
  '007.6000': ['2.744', '0.869', '0.080', '0.00355', '-0.99999', '0.00024', '0.99999',
    '0.00355', '-0.00010', '0.00010', '0.00024', '1.00000']
  '007.6667': ['2.742', '0.894', '0.080', '0.00230', '-1.00000', '0.00024', '1.00000',
    '0.00230', '-0.00011', '0.00011', '0.00024', '1.00000']
  '007.7333': ['2.742', '0.917', '0.080', '0.00312', '-1.00000', '0.00026', '1.00000',
    '0.00312', '-0.00011', '0.00011', '0.00026', '1.00000']
  '007.8000': ['2.742', '0.943', '0.080', '0.00441', '-0.99999', '0.00026', '0.99999',
    '0.00441', '-0.00012', '0.00012', '0.00026', '1.00000']
  '007.8667': ['2.742', '0.969', '0.080', '0.00692', '-0.99998', '0.00028', '0.99998',
    '0.00692', '-0.00012', '0.00012', '0.00028', '1.00000']
  '007.9333': ['2.742', '0.993', '0.080', '0.01080', '-0.99994', '0.00028', '0.99994',
    '0.01080', '-0.00013', '0.00012', '0.00028', '1.00000']
  '008.0000': ['2.742', '1.018', '0.080', '0.01613', '-0.99987', '0.00026', '0.99987',
    '0.01613', '-0.00012', '0.00011', '0.00026', '1.00000']
  '008.0667': ['2.742', '1.040', '0.080', '0.02331', '-0.99973', '0.00027', '0.99973',
    '0.02331', '-0.00014', '0.00014', '0.00027', '1.00000']
  '008.1333': ['2.744', '1.062', '0.080', '0.02982', '-0.99956', '0.00031', '0.99956',
    '0.02982', '-0.00015', '0.00015', '0.00031', '1.00000']
  '008.2000': ['2.749', '1.083', '0.080', '0.02886', '-0.99958', '0.00057', '0.99958',
    '0.02886', '-0.00029', '0.00028', '0.00058', '1.00000']
  '008.2667': ['2.750', '1.109', '0.080', '0.02886', '-0.99958', '0.00057', '0.99958',
    '0.02886', '-0.00029', '0.00028', '0.00058', '1.00000']
  '008.3333': ['2.750', '1.134', '0.080', '0.02886', '-0.99958', '0.00057', '0.99958',
    '0.02886', '-0.00029', '0.00028', '0.00058', '1.00000']
  '008.4000': ['2.751', '1.159', '0.080', '0.02886', '-0.99958', '0.00057', '0.99958',
    '0.02886', '-0.00029', '0.00028', '0.00058', '1.00000']
  '008.4667': ['2.752', '1.184', '0.080', '0.02886', '-0.99958', '0.00057', '0.99958',
    '0.02886', '-0.00029', '0.00028', '0.00058', '1.00000']
  '008.5333': ['2.752', '1.210', '0.080', '0.02886', '-0.99958', '0.00057', '0.99958',
    '0.02886', '-0.00029', '0.00028', '0.00058', '1.00000']
  '008.6000': ['2.753', '1.235', '0.080', '0.02886', '-0.99958', '0.00057', '0.99958',
    '0.02886', '-0.00029', '0.00028', '0.00058', '1.00000']
  '008.6667': ['2.754', '1.260', '0.080', '0.02886', '-0.99958', '0.00057', '0.99958',
    '0.02886', '-0.00029', '0.00028', '0.00058', '1.00000']
  '008.7333': ['2.755', '1.285', '0.080', '0.02886', '-0.99958', '0.00057', '0.99958',
    '0.02886', '-0.00029', '0.00028', '0.00058', '1.00000']
  '008.8000': ['2.755', '1.310', '0.080', '0.02886', '-0.99958', '0.00057', '0.99958',
    '0.02886', '-0.00029', '0.00028', '0.00058', '1.00000']
  '008.8667': ['2.756', '1.336', '0.080', '0.02886', '-0.99958', '0.00057', '0.99958',
    '0.02886', '-0.00029', '0.00028', '0.00058', '1.00000']
  '008.9333': ['2.757', '1.361', '0.080', '0.02886', '-0.99958', '0.00057', '0.99958',
    '0.02886', '-0.00029', '0.00028', '0.00058', '1.00000']
  '009.0000': ['2.758', '1.386', '0.080', '0.02886', '-0.99958', '0.00057', '0.99958',
    '0.02886', '-0.00029', '0.00028', '0.00058', '1.00000']
  '009.0667': ['2.758', '1.411', '0.080', '0.02886', '-0.99958', '0.00057', '0.99958',
    '0.02886', '-0.00029', '0.00028', '0.00058', '1.00000']
  '009.1333': ['2.759', '1.437', '0.080', '0.02886', '-0.99958', '0.00057', '0.99958',
    '0.02886', '-0.00029', '0.00028', '0.00058', '1.00000']
  '009.2000': ['2.760', '1.462', '0.080', '0.02886', '-0.99958', '0.00057', '0.99958',
    '0.02886', '-0.00029', '0.00028', '0.00058', '1.00000']
  '009.2667': ['2.760', '1.487', '0.080', '0.02886', '-0.99958', '0.00057', '0.99958',
    '0.02886', '-0.00029', '0.00028', '0.00058', '1.00000']
  '009.3333': ['2.761', '1.512', '0.080', '0.02886', '-0.99958', '0.00057', '0.99958',
    '0.02886', '-0.00029', '0.00028', '0.00058', '1.00000']
  '009.4000': ['2.762', '1.538', '0.080', '0.02886', '-0.99958', '0.00057', '0.99958',
    '0.02886', '-0.00029', '0.00028', '0.00058', '1.00000']
  '009.4667': ['2.763', '1.563', '0.080', '0.02886', '-0.99958', '0.00057', '0.99958',
    '0.02886', '-0.00029', '0.00028', '0.00058', '1.00000']
  '009.5333': ['2.763', '1.588', '0.080', '0.02886', '-0.99958', '0.00057', '0.99958',
    '0.02886', '-0.00029', '0.00028', '0.00058', '1.00000']
  '009.6000': ['2.764', '1.613', '0.080', '0.02886', '-0.99958', '0.00057', '0.99958',
    '0.02886', '-0.00029', '0.00028', '0.00058', '1.00000']
