begin_time_stamp: 1574101374.3999977
data_header:
  time_stamp: [x, y, z, R11, R12, R13, R21, R22, R23, R31, R32, R33]
trajectory_data:
  '000.0000': ['2.560', '2.125', '0.080', '0.22571', '0.97419', '0.00010', '-0.97419',
    '0.22571', '-0.00017', '-0.00019', '-0.00005', '1.00000']
  '000.0667': ['2.565', '2.098', '0.080', '0.23088', '0.97298', '0.00009', '-0.97298',
    '0.23088', '-0.00017', '-0.00018', '-0.00005', '1.00000']
  '000.1333': ['2.569', '2.076', '0.080', '0.22380', '0.97463', '0.00012', '-0.97463',
    '0.22380', '-0.00018', '-0.00020', '-0.00008', '1.00000']
  '000.2000': ['2.574', '2.052', '0.080', '0.13861', '0.99035', '0.00010', '-0.99035',
    '0.13861', '-0.00018', '-0.00019', '-0.00008', '1.00000']
  '000.2667': ['2.579', '2.020', '0.080', '0.04956', '0.99877', '0.00010', '-0.99877',
    '0.04956', '-0.00017', '-0.00017', '-0.00010', '1.00000']
  '000.3333': ['2.582', '1.995', '0.080', '-0.02370', '0.99972', '0.00008', '-0.99972',
    '-0.02370', '-0.00013', '-0.00013', '-0.00009', '1.00000']
  '000.4000': ['2.584', '1.970', '0.080', '-0.02972', '0.99956', '0.00007', '-0.99956',
    '-0.02972', '-0.00013', '-0.00012', '-0.00007', '1.00000']
  '000.4667': ['2.584', '1.944', '0.080', '-0.04310', '0.99907', '0.00008', '-0.99907',
    '-0.04310', '-0.00011', '-0.00011', '-0.00008', '1.00000']
  '000.5333': ['2.583', '1.918', '0.080', '-0.05903', '0.99826', '0.00010', '-0.99826',
    '-0.05903', '-0.00008', '-0.00008', '-0.00010', '1.00000']
  '000.6000': ['2.582', '1.890', '0.080', '-0.07627', '0.99709', '0.00009', '-0.99709',
    '-0.07627', '-0.00007', '-0.00006', '-0.00010', '1.00000']
  '000.6667': ['2.581', '1.864', '0.080', '-0.09381', '0.99559', '0.00008', '-0.99559',
    '-0.09381', '-0.00008', '-0.00007', '-0.00009', '1.00000']
  '000.7333': ['2.578', '1.839', '0.080', '-0.10917', '0.99402', '0.00005', '-0.99402',
    '-0.10917', '-0.00010', '-0.00009', '-0.00006', '1.00000']
  '000.8000': ['2.573', '1.813', '0.080', '-0.12095', '0.99266', '0.00006', '-0.99266',
    '-0.12095', '-0.00012', '-0.00012', '-0.00007', '1.00000']
  '000.8667': ['2.570', '1.786', '0.080', '-0.13280', '0.99114', '0.00006', '-0.99114',
    '-0.13280', '-0.00015', '-0.00014', '-0.00008', '1.00000']
  '000.9333': ['2.566', '1.760', '0.080', '-0.14580', '0.98931', '0.00006', '-0.98931',
    '-0.14580', '-0.00018', '-0.00017', '-0.00008', '1.00000']
  '001.0000': ['2.564', '1.738', '0.080', '-0.16091', '0.98697', '0.00001', '-0.98697',
    '-0.16091', '-0.00022', '-0.00021', '-0.00004', '1.00000']
  '001.0667': ['2.559', '1.715', '0.080', '-0.11771', '0.99305', '0.00004', '-0.99305',
    '-0.11771', '-0.00027', '-0.00027', '-0.00007', '1.00000']
  '001.1333': ['2.556', '1.691', '0.080', '-0.03228', '0.99948', '0.00007', '-0.99948',
    '-0.03228', '-0.00029', '-0.00029', '-0.00008', '1.00000']
  '001.2000': ['2.554', '1.664', '0.080', '-0.04435', '0.99902', '0.00008', '-0.99902',
    '-0.04435', '-0.00031', '-0.00031', '-0.00009', '1.00000']
  '001.2667': ['2.550', '1.639', '0.080', '-0.04845', '0.99883', '0.00004', '-0.99883',
    '-0.04845', '-0.00045', '-0.00044', '-0.00006', '1.00000']
  '001.3333': ['2.547', '1.616', '0.080', '-0.04785', '0.99885', '0.00005', '-0.99885',
    '-0.04785', '-0.00043', '-0.00043', '-0.00007', '1.00000']
  '001.4000': ['2.545', '1.588', '0.080', '-0.04577', '0.99895', '0.00004', '-0.99895',
    '-0.04577', '-0.00042', '-0.00041', '-0.00006', '1.00000']
  '001.4667': ['2.543', '1.565', '0.080', '-0.04099', '0.99916', '0.00006', '-0.99916',
    '-0.04099', '-0.00044', '-0.00043', '-0.00008', '1.00000']
  '001.5333': ['2.542', '1.542', '0.080', '-0.03563', '0.99937', '0.00005', '-0.99937',
    '-0.03563', '-0.00045', '-0.00045', '-0.00007', '1.00000']
  '001.6000': ['2.541', '1.520', '0.080', '-0.02965', '0.99956', '0.00007', '-0.99956',
    '-0.02965', '-0.00041', '-0.00041', '-0.00009', '1.00000']
  '001.6667': ['2.542', '1.493', '0.080', '-0.02816', '0.99960', '0.00016', '-0.99960',
    '-0.02816', '-0.00028', '-0.00027', '-0.00017', '1.00000']
  '001.7333': ['2.542', '1.469', '0.080', '-0.02859', '0.99959', '0.00019', '-0.99959',
    '-0.02859', '-0.00030', '-0.00030', '-0.00019', '1.00000']
  '001.8000': ['2.542', '1.446', '0.080', '-0.02974', '0.99956', '0.00018', '-0.99956',
    '-0.02974', '-0.00033', '-0.00033', '-0.00019', '1.00000']
  '001.8667': ['2.542', '1.423', '0.080', '-0.03130', '0.99951', '0.00017', '-0.99951',
    '-0.03130', '-0.00032', '-0.00032', '-0.00018', '1.00000']
  '001.9333': ['2.541', '1.399', '0.080', '-0.03312', '0.99945', '0.00016', '-0.99945',
    '-0.03312', '-0.00033', '-0.00032', '-0.00017', '1.00000']
  '002.0000': ['2.540', '1.372', '0.080', '-0.03479', '0.99939', '0.00017', '-0.99939',
    '-0.03479', '-0.00038', '-0.00037', '-0.00018', '1.00000']
  '002.0667': ['2.540', '1.347', '0.080', '-0.03658', '0.99933', '0.00016', '-0.99933',
    '-0.03658', '-0.00043', '-0.00043', '-0.00017', '1.00000']
  '002.1333': ['2.539', '1.325', '0.080', '-0.03850', '0.99926', '0.00017', '-0.99926',
    '-0.03850', '-0.00044', '-0.00044', '-0.00019', '1.00000']
  '002.2000': ['2.539', '1.303', '0.080', '-0.04097', '0.99916', '0.00016', '-0.99916',
    '-0.04097', '-0.00046', '-0.00046', '-0.00018', '1.00000']
  '002.2667': ['2.538', '1.279', '0.080', '-0.04334', '0.99906', '0.00017', '-0.99906',
    '-0.04334', '-0.00051', '-0.00050', '-0.00019', '1.00000']
  '002.3333': ['2.537', '1.257', '0.080', '-0.04593', '0.99894', '0.00018', '-0.99894',
    '-0.04593', '-0.00054', '-0.00053', '-0.00020', '1.00000']
  '002.4000': ['2.536', '1.233', '0.080', '-0.04872', '0.99881', '0.00016', '-0.99881',
    '-0.04872', '-0.00056', '-0.00056', '-0.00019', '1.00000']
  '002.4667': ['2.535', '1.208', '0.080', '-0.05181', '0.99866', '0.00015', '-0.99866',
    '-0.05181', '-0.00059', '-0.00058', '-0.00018', '1.00000']
  '002.5333': ['2.533', '1.180', '0.080', '-0.05545', '0.99846', '0.00012', '-0.99846',
    '-0.05545', '-0.00060', '-0.00059', '-0.00015', '1.00000']
  '002.6000': ['2.532', '1.154', '0.080', '-0.05921', '0.99825', '0.00014', '-0.99825',
    '-0.05921', '-0.00062', '-0.00061', '-0.00017', '1.00000']
  '002.6667': ['2.530', '1.125', '0.080', '-0.06204', '0.99807', '0.00013', '-0.99807',
    '-0.06204', '-0.00067', '-0.00066', '-0.00017', '1.00000']
  '002.7333': ['2.526', '1.101', '0.080', '-0.06091', '0.99814', '0.00011', '-0.99814',
    '-0.06091', '-0.00064', '-0.00064', '-0.00015', '1.00000']
  '002.8000': ['2.520', '1.082', '0.080', '-0.05014', '0.99874', '-0.00012', '-0.99874',
    '-0.05014', '-0.00045', '-0.00046', '0.00009', '1.00000']
  '002.8667': ['2.517', '1.055', '0.080', '-0.03579', '0.99936', '-0.00013', '-0.99936',
    '-0.03579', '-0.00040', '-0.00040', '0.00012', '1.00000']
  '002.9333': ['2.515', '1.031', '0.080', '-0.02055', '0.99979', '-0.00015', '-0.99979',
    '-0.02055', '-0.00037', '-0.00037', '0.00014', '1.00000']
  '003.0000': ['2.515', '1.008', '0.080', '-0.00540', '0.99999', '-0.00013', '-0.99999',
    '-0.00540', '-0.00037', '-0.00037', '0.00013', '1.00000']
  '003.0667': ['2.515', '0.984', '0.080', '0.00856', '0.99996', '-0.00014', '-0.99996',
    '0.00856', '-0.00036', '-0.00036', '0.00015', '1.00000']
  '003.1333': ['2.516', '0.953', '0.080', '0.02141', '0.99977', '-0.00013', '-0.99977',
    '0.02141', '-0.00034', '-0.00034', '0.00014', '1.00000']
  '003.2000': ['2.517', '0.928', '0.080', '0.03292', '0.99946', '-0.00013', '-0.99946',
    '0.03292', '-0.00034', '-0.00034', '0.00014', '1.00000']
  '003.2667': ['2.519', '0.901', '0.080', '0.04266', '0.99909', '-0.00012', '-0.99909',
    '0.04266', '-0.00034', '-0.00033', '0.00013', '1.00000']
  '003.3333': ['2.521', '0.873', '0.080', '0.05043', '0.99873', '-0.00012', '-0.99873',
    '0.05043', '-0.00034', '-0.00034', '0.00013', '1.00000']
  '003.4000': ['2.522', '0.849', '0.080', '0.05690', '0.99838', '-0.00013', '-0.99838',
    '0.05690', '-0.00036', '-0.00035', '0.00015', '1.00000']
  '003.4667': ['2.524', '0.826', '0.080', '0.06179', '0.99809', '-0.00012', '-0.99809',
    '0.06179', '-0.00036', '-0.00036', '0.00014', '1.00000']
  '003.5333': ['2.526', '0.797', '0.080', '0.06515', '0.99788', '-0.00015', '-0.99788',
    '0.06515', '-0.00038', '-0.00037', '0.00018', '1.00000']
  '003.6000': ['2.527', '0.766', '0.080', '0.07061', '0.99750', '-0.00018', '-0.99750',
    '0.07061', '-0.00039', '-0.00038', '0.00021', '1.00000']
  '003.6667': ['2.522', '0.744', '0.080', '0.08760', '0.99616', '-0.00044', '-0.99616',
    '0.08760', '-0.00035', '-0.00031', '0.00047', '1.00000']
  '003.7333': ['2.522', '0.721', '0.080', '0.10995', '0.99394', '-0.00052', '-0.99394',
    '0.10995', '-0.00037', '-0.00031', '0.00055', '1.00000']
  '003.8000': ['2.524', '0.699', '0.080', '0.11141', '0.99377', '-0.00050', '-0.99377',
    '0.11141', '-0.00038', '-0.00032', '0.00054', '1.00000']
  '003.8667': ['2.526', '0.677', '0.080', '0.03328', '0.99945', '-0.00052', '-0.99945',
    '0.03328', '-0.00032', '-0.00031', '0.00053', '1.00000']
  '003.9333': ['2.528', '0.654', '0.080', '-0.04627', '0.99893', '-0.00055', '-0.99893',
    '-0.04627', '-0.00027', '-0.00029', '0.00054', '1.00000']
  '004.0000': ['2.529', '0.629', '0.080', '-0.11453', '0.99342', '-0.00056', '-0.99342',
    '-0.11453', '-0.00024', '-0.00030', '0.00053', '1.00000']
  '004.0667': ['2.527', '0.606', '0.080', '-0.10047', '0.99494', '-0.00056', '-0.99494',
    '-0.10047', '-0.00028', '-0.00033', '0.00053', '1.00000']
  '004.1333': ['2.526', '0.582', '0.080', '-0.09027', '0.99592', '-0.00054', '-0.99592',
    '-0.09027', '-0.00038', '-0.00043', '0.00050', '1.00000']
  '004.2000': ['2.524', '0.555', '0.080', '-0.08103', '0.99671', '-0.00055', '-0.99671',
    '-0.08103', '-0.00050', '-0.00054', '0.00051', '1.00000']
  '004.2667': ['2.522', '0.530', '0.080', '-0.07142', '0.99745', '-0.00057', '-0.99745',
    '-0.07142', '-0.00051', '-0.00055', '0.00053', '1.00000']
  '004.3333': ['2.521', '0.506', '0.080', '-0.12166', '0.99257', '-0.00057', '-0.99257',
    '-0.12166', '-0.00046', '-0.00053', '0.00051', '1.00000']
  '004.4000': ['2.518', '0.481', '0.080', '-0.21292', '0.97707', '-0.00057', '-0.97707',
    '-0.21292', '-0.00043', '-0.00054', '0.00046', '1.00000']
  '004.4667': ['2.513', '0.457', '0.080', '-0.30171', '0.95340', '-0.00057', '-0.95340',
    '-0.30171', '-0.00043', '-0.00058', '0.00042', '1.00000']
  '004.5333': ['2.506', '0.434', '0.080', '-0.38724', '0.92198', '-0.00058', '-0.92198',
    '-0.38724', '-0.00044', '-0.00063', '0.00037', '1.00000']
  '004.6000': ['2.497', '0.411', '0.080', '-0.46878', '0.88332', '-0.00060', '-0.88332',
    '-0.46878', '-0.00048', '-0.00071', '0.00031', '1.00000']
  '004.6667': ['2.486', '0.389', '0.080', '-0.54570', '0.83798', '-0.00063', '-0.83798',
    '-0.54570', '-0.00054', '-0.00080', '0.00024', '1.00000']
  '004.7333': ['2.474', '0.369', '0.080', '-0.62120', '0.78365', '-0.00064', '-0.78365',
    '-0.62120', '-0.00052', '-0.00080', '0.00018', '1.00000']
  '004.8000': ['2.462', '0.350', '0.080', '-0.69548', '0.71855', '-0.00066', '-0.71855',
    '-0.69548', '-0.00049', '-0.00081', '0.00013', '1.00000']
  '004.8667': ['2.446', '0.332', '0.080', '-0.69893', '0.71519', '-0.00066', '-0.71519',
    '-0.69893', '-0.00051', '-0.00083', '0.00012', '1.00000']
  '004.9333': ['2.428', '0.311', '0.080', '-0.72234', '0.69153', '-0.00067', '-0.69153',
    '-0.72234', '-0.00050', '-0.00083', '0.00010', '1.00000']
  '005.0000': ['2.417', '0.300', '0.080', '-0.79413', '0.60775', '-0.00067', '-0.60775',
    '-0.79413', '-0.00045', '-0.00081', '0.00005', '1.00000']
  '005.0667': ['2.405', '0.290', '0.080', '-0.85729', '0.51483', '-0.00067', '-0.51483',
    '-0.85729', '-0.00043', '-0.00080', '-0.00002', '1.00000']
  '005.1333': ['2.394', '0.282', '0.080', '-0.91103', '0.41235', '-0.00065', '-0.41235',
    '-0.91103', '-0.00041', '-0.00076', '-0.00010', '1.00000']
  '005.2000': ['2.388', '0.279', '0.080', '-0.95318', '0.30240', '-0.00064', '-0.30240',
    '-0.95318', '-0.00038', '-0.00073', '-0.00017', '1.00000']
  '005.2667': ['2.387', '0.277', '0.080', '-0.98215', '0.18809', '-0.00062', '-0.18809',
    '-0.98215', '-0.00033', '-0.00067', '-0.00021', '1.00000']
  '005.3333': ['2.391', '0.276', '0.080', '-0.99742', '0.07181', '-0.00060', '-0.07181',
    '-0.99742', '-0.00030', '-0.00062', '-0.00026', '1.00000']
  '005.4000': ['2.404', '0.273', '0.080', '-0.99904', '-0.04376', '-0.00057', '0.04376',
    '-0.99904', '-0.00030', '-0.00055', '-0.00032', '1.00000']
  '005.4667': ['2.418', '0.265', '0.080', '-0.99736', '-0.07268', '-0.00043', '0.07268',
    '-0.99736', '-0.00041', '-0.00040', '-0.00045', '1.00000']
  '005.5333': ['2.422', '0.262', '0.080', '-0.99568', '-0.09284', '-0.00035', '0.09284',
    '-0.99568', '-0.00047', '-0.00031', '-0.00050', '1.00000']
  '005.6000': ['2.419', '0.259', '0.080', '-0.99338', '-0.11485', '-0.00010', '0.11485',
    '-0.99338', '-0.00038', '-0.00006', '-0.00039', '1.00000']
  '005.6667': ['2.410', '0.258', '0.080', '-0.99050', '-0.13755', '-0.00013', '0.13755',
    '-0.99050', '-0.00038', '-0.00008', '-0.00040', '1.00000']
  '005.7333': ['2.396', '0.259', '0.080', '-0.98704', '-0.16048', '-0.00005', '0.16048',
    '-0.98704', '-0.00030', '-0.00000', '-0.00031', '1.00000']
  '005.8000': ['2.377', '0.262', '0.080', '-0.98329', '-0.18203', '0.00004', '0.18203',
    '-0.98329', '-0.00016', '0.00006', '-0.00015', '1.00000']
  '005.8667': ['2.356', '0.269', '0.080', '-0.98063', '-0.19588', '0.00002', '0.19588',
    '-0.98063', '-0.00014', '0.00004', '-0.00013', '1.00000']
  '005.9333': ['2.331', '0.280', '0.080', '-0.98042', '-0.19693', '-0.00001', '0.19693',
    '-0.98042', '-0.00013', '0.00002', '-0.00013', '1.00000']
  '006.0000': ['2.303', '0.295', '0.080', '-0.98399', '-0.17822', '-0.00009', '0.17822',
    '-0.98399', '-0.00014', '-0.00007', '-0.00015', '1.00000']
  '006.0667': ['2.270', '0.316', '0.080', '-0.99210', '-0.12546', '-0.00045', '0.12546',
    '-0.99210', '-0.00017', '-0.00042', '-0.00022', '1.00000']
  '006.1333': ['2.250', '0.326', '0.080', '-0.99957', '-0.02925', '-0.00048', '0.02925',
    '-0.99957', '-0.00019', '-0.00048', '-0.00020', '1.00000']
  '006.2000': ['2.237', '0.328', '0.080', '-0.98829', '0.15256', '-0.00045', '-0.15256',
    '-0.98829', '-0.00021', '-0.00047', '-0.00014', '1.00000']
  '006.2667': ['2.232', '0.317', '0.080', '-0.94696', '0.32136', '-0.00036', '-0.32136',
    '-0.94696', '-0.00020', '-0.00040', '-0.00008', '1.00000']
  '006.3333': ['2.253', '0.274', '0.080', '-0.91003', '0.41453', '0.00010', '-0.41453',
    '-0.91003', '-0.00005', '0.00007', '-0.00009', '1.00000']
  '006.4000': ['2.425', '0.091', '0.080', '-0.87774', '0.47914', '0.00098', '-0.47914',
    '-0.87774', '0.00002', '0.00087', '-0.00046', '1.00000']
  '006.4667': ['2.422', '0.064', '0.080', '-0.85235', '0.52298', '0.00099', '-0.52298',
    '-0.85235', '-0.00000', '0.00084', '-0.00052', '1.00000']
  '006.5333': ['2.414', '0.046', '0.080', '-0.84053', '0.54177', '0.00098', '-0.54177',
    '-0.84053', '-0.00003', '0.00081', '-0.00056', '1.00000']
  '006.6000': ['2.402', '0.031', '0.080', '-0.87398', '0.48596', '0.00093', '-0.48596',
    '-0.87398', '-0.00010', '0.00077', '-0.00054', '1.00000']
  '006.6667': ['2.388', '0.019', '0.080', '-0.90658', '0.42204', '0.00090', '-0.42204',
    '-0.90658', '-0.00017', '0.00075', '-0.00053', '1.00000']
  '006.7333': ['2.373', '0.009', '0.080', '-0.93702', '0.34927', '0.00084', '-0.34927',
    '-0.93702', '-0.00021', '0.00072', '-0.00049', '1.00000']
  '006.8000': ['2.358', '0.000', '0.080', '-0.96350', '0.26772', '0.00079', '-0.26772',
    '-0.96350', '-0.00023', '0.00070', '-0.00044', '1.00000']
  '006.8667': ['2.341', '-0.007', '0.080', '-0.98404', '0.17793', '0.00074', '-0.17793',
    '-0.98404', '-0.00026', '0.00068', '-0.00038', '1.00000']
  '006.9333': ['2.323', '-0.010', '0.080', '-0.99651', '0.08343', '0.00070', '-0.08343',
    '-0.99651', '-0.00029', '0.00068', '-0.00035', '1.00000']
  '007.0000': ['2.302', '-0.012', '0.080', '-0.99991', '-0.01363', '0.00065', '0.01363',
    '-0.99991', '-0.00032', '0.00066', '-0.00031', '1.00000']
  '007.0667': ['2.280', '-0.009', '0.080', '-0.99415', '-0.10804', '0.00062', '0.10804',
    '-0.99415', '-0.00036', '0.00066', '-0.00029', '1.00000']
  '007.1333': ['2.254', '-0.002', '0.080', '-0.98024', '-0.19779', '0.00058', '0.19779',
    '-0.98024', '-0.00039', '0.00065', '-0.00026', '1.00000']
  '007.2000': ['2.224', '0.008', '0.080', '-0.95996', '-0.28012', '0.00054', '0.28012',
    '-0.95996', '-0.00041', '0.00064', '-0.00024', '1.00000']
  '007.2667': ['2.189', '0.024', '0.080', '-0.93612', '-0.35169', '0.00049', '0.35169',
    '-0.93612', '-0.00041', '0.00060', '-0.00021', '1.00000']
  '007.3333': ['2.145', '0.051', '0.080', '-0.90800', '-0.41896', '0.00043', '0.41896',
    '-0.90800', '-0.00039', '0.00056', '-0.00018', '1.00000']
  '007.4000': ['1.873', '0.292', '0.080', '-0.93804', '-0.34652', '0.00007', '0.34652',
    '-0.93804', '-0.00013', '0.00011', '-0.00010', '1.00000']
  '007.4667': ['1.814', '0.329', '0.080', '-0.94976', '-0.31297', '0.00000', '0.31297',
    '-0.94976', '-0.00014', '0.00005', '-0.00013', '1.00000']
  '007.5333': ['1.754', '0.363', '0.080', '-0.97444', '-0.22466', '-0.00019', '0.22466',
    '-0.97444', '-0.00013', '-0.00015', '-0.00017', '1.00000']
  '007.6000': ['1.718', '0.377', '0.080', '-0.99233', '-0.12361', '-0.00026', '0.12361',
    '-0.99233', '-0.00011', '-0.00024', '-0.00015', '1.00000']
  '007.6667': ['1.689', '0.381', '0.080', '-0.99978', '-0.02109', '-0.00028', '0.02109',
    '-0.99978', '-0.00009', '-0.00027', '-0.00009', '1.00000']
  '007.7333': ['1.671', '0.379', '0.080', '-0.99464', '0.10342', '-0.00025', '-0.10342',
    '-0.99464', '-0.00013', '-0.00026', '-0.00010', '1.00000']
  '007.8000': ['1.665', '0.367', '0.080', '-0.95753', '0.28832', '-0.00002', '-0.28832',
    '-0.95753', '-0.00013', '-0.00005', '-0.00012', '1.00000']
  '007.8667': ['1.661', '0.354', '0.080', '-0.91849', '0.39544', '0.00005', '-0.39544',
    '-0.91849', '-0.00012', '-0.00000', '-0.00013', '1.00000']
  '007.9333': ['1.659', '0.339', '0.080', '-0.89532', '0.44542', '0.00008', '-0.44542',
    '-0.89532', '-0.00011', '0.00003', '-0.00014', '1.00000']
  '008.0000': ['1.660', '0.321', '0.080', '-0.88043', '0.47418', '0.00012', '-0.47418',
    '-0.88043', '-0.00013', '0.00005', '-0.00017', '1.00000']
  '008.0667': ['1.663', '0.301', '0.080', '-0.87882', '0.47716', '0.00016', '-0.47716',
    '-0.87882', '-0.00015', '0.00007', '-0.00021', '1.00000']
  '008.1333': ['1.669', '0.279', '0.080', '-0.89379', '0.44848', '0.00021', '-0.44848',
    '-0.89379', '-0.00019', '0.00010', '-0.00027', '1.00000']
  '008.2000': ['1.679', '0.253', '0.080', '-0.92494', '0.38012', '0.00029', '-0.38012',
    '-0.92494', '-0.00027', '0.00017', '-0.00036', '1.00000']
  '008.2667': ['1.699', '0.223', '0.080', '-0.96681', '0.25549', '0.00063', '-0.25549',
    '-0.96681', '-0.00064', '0.00044', '-0.00078', '1.00000']
  '008.3333': ['1.695', '0.213', '0.080', '-0.99286', '0.11931', '0.00069', '-0.11931',
    '-0.99286', '-0.00091', '0.00057', '-0.00099', '1.00000']
  '008.4000': ['1.676', '0.216', '0.080', '-0.99995', '-0.00948', '0.00061', '0.00948',
    '-0.99995', '-0.00105', '0.00062', '-0.00104', '1.00000']
  '008.4667': ['1.643', '0.232', '0.080', '-0.99426', '-0.10700', '0.00050', '0.10700',
    '-0.99426', '-0.00101', '0.00060', '-0.00095', '1.00000']
  '008.5333': ['1.593', '0.263', '0.080', '-0.98970', '-0.14319', '0.00034', '0.14319',
    '-0.98970', '-0.00058', '0.00042', '-0.00053', '1.00000']
  '008.6000': ['1.552', '0.283', '0.080', '-0.98861', '-0.15049', '0.00030', '0.15048',
    '-0.98861', '-0.00050', '0.00037', '-0.00045', '1.00000']
  '008.6667': ['1.519', '0.294', '0.080', '-0.98900', '-0.14790', '0.00028', '0.14790',
    '-0.98900', '-0.00048', '0.00035', '-0.00043', '1.00000']
  '008.7333': ['1.494', '0.298', '0.080', '-0.98900', '-0.14790', '0.00028', '0.14790',
    '-0.98900', '-0.00048', '0.00035', '-0.00043', '1.00000']
  '008.8000': ['1.469', '0.302', '0.080', '-0.98900', '-0.14790', '0.00028', '0.14790',
    '-0.98900', '-0.00048', '0.00035', '-0.00043', '1.00000']
  '008.8667': ['1.444', '0.306', '0.080', '-0.98900', '-0.14790', '0.00028', '0.14790',
    '-0.98900', '-0.00048', '0.00035', '-0.00043', '1.00000']
  '008.9333': ['1.419', '0.309', '0.080', '-0.98802', '-0.15430', '0.00028', '0.15430',
    '-0.98802', '-0.00048', '0.00035', '-0.00043', '1.00000']
  '009.0000': ['1.394', '0.312', '0.080', '-0.96648', '-0.25673', '0.00028', '0.25673',
    '-0.96648', '-0.00048', '0.00040', '-0.00039', '1.00000']
  '009.0667': ['1.369', '0.318', '0.080', '-0.93435', '-0.35636', '0.00028', '0.35636',
    '-0.93435', '-0.00048', '0.00044', '-0.00035', '1.00000']
  '009.1333': ['1.346', '0.327', '0.080', '-0.89198', '-0.45207', '0.00028', '0.45207',
    '-0.89198', '-0.00048', '0.00047', '-0.00030', '1.00000']
  '009.2000': ['1.323', '0.337', '0.080', '-0.83984', '-0.54284', '0.00028', '0.54284',
    '-0.83984', '-0.00048', '0.00050', '-0.00025', '1.00000']
  '009.2667': ['1.301', '0.350', '0.080', '-0.77849', '-0.62766', '0.00028', '0.62766',
    '-0.77849', '-0.00048', '0.00052', '-0.00020', '1.00000']
  '009.3333': ['1.282', '0.366', '0.080', '-0.70861', '-0.70560', '0.00028', '0.70560',
    '-0.70861', '-0.00048', '0.00054', '-0.00014', '1.00000']
  '009.4000': ['1.263', '0.383', '0.080', '-0.63097', '-0.77580', '0.00028', '0.77580',
    '-0.63097', '-0.00048', '0.00055', '-0.00008', '1.00000']
  '009.4667': ['1.247', '0.402', '0.080', '-0.54642', '-0.83751', '0.00028', '0.83751',
    '-0.54642', '-0.00048', '0.00056', '-0.00003', '1.00000']
  '009.5333': ['1.232', '0.422', '0.080', '-0.45588', '-0.89004', '0.00028', '0.89004',
    '-0.45588', '-0.00048', '0.00056', '0.00003', '1.00000']
  '009.6000': ['1.220', '0.444', '0.080', '-0.36034', '-0.93282', '0.00028', '0.93282',
    '-0.36034', '-0.00048', '0.00055', '0.00009', '1.00000']
