begin_time_stamp: 1574101334.4666655
data_header:
  time_stamp: [x, y, z, R11, R12, R13, R21, R22, R23, R31, R32, R33]
trajectory_data:
  '000.0000': ['0.449', '2.169', '0.080', '-0.99748', '0.07096', '-0.00032', '-0.07096',
    '-0.99748', '0.00010', '-0.00032', '0.00012', '1.00000']
  '000.0667': ['0.449', '2.169', '0.080', '-0.99984', '0.01802', '-0.00033', '-0.01802',
    '-0.99984', '0.00011', '-0.00033', '0.00011', '1.00000']
  '000.1333': ['0.449', '2.170', '0.080', '-0.99989', '0.01488', '-0.00032', '-0.01488',
    '-0.99989', '0.00010', '-0.00032', '0.00011', '1.00000']
  '000.2000': ['0.450', '2.170', '0.080', '-0.99993', '0.01158', '-0.00032', '-0.01158',
    '-0.99993', '0.00011', '-0.00032', '0.00012', '1.00000']
  '000.2667': ['0.450', '2.170', '0.080', '-0.99996', '0.00898', '-0.00031', '-0.00898',
    '-0.99996', '0.00011', '-0.00031', '0.00011', '1.00000']
  '000.3333': ['0.450', '2.171', '0.080', '-0.99997', '0.00707', '-0.00031', '-0.00707',
    '-0.99998', '0.00011', '-0.00031', '0.00011', '1.00000']
  '000.4000': ['0.450', '2.170', '0.080', '-0.99998', '0.00570', '-0.00031', '-0.00570',
    '-0.99998', '0.00011', '-0.00031', '0.00011', '1.00000']
  '000.4667': ['0.450', '2.170', '0.080', '-0.99999', '0.00485', '-0.00031', '-0.00485',
    '-0.99999', '0.00011', '-0.00031', '0.00011', '1.00000']
  '000.5333': ['0.450', '2.170', '0.080', '-0.99999', '0.00450', '-0.00031', '-0.00450',
    '-0.99999', '0.00011', '-0.00031', '0.00011', '1.00000']
  '000.6000': ['0.450', '2.170', '0.080', '-0.99999', '0.00463', '-0.00032', '-0.00463',
    '-0.99999', '0.00012', '-0.00032', '0.00012', '1.00000']
  '000.6667': ['0.450', '2.169', '0.080', '-0.99999', '0.00525', '-0.00031', '-0.00525',
    '-0.99999', '0.00011', '-0.00031', '0.00011', '1.00000']
  '000.7333': ['0.450', '2.166', '0.080', '-0.99998', '0.00636', '-0.00028', '-0.00636',
    '-0.99998', '0.00009', '-0.00028', '0.00009', '1.00000']
  '000.8000': ['0.450', '2.157', '0.080', '-0.99997', '0.00796', '-0.00004', '-0.00796',
    '-0.99997', '-0.00012', '-0.00004', '-0.00012', '1.00000']
  '000.8667': ['0.450', '2.153', '0.080', '-0.99996', '0.00914', '0.00000', '-0.00914',
    '-0.99996', '-0.00016', '-0.00000', '-0.00016', '1.00000']
  '000.9333': ['0.450', '2.151', '0.080', '-0.99995', '0.00991', '0.00001', '-0.00991',
    '-0.99995', '-0.00016', '0.00001', '-0.00016', '1.00000']
  '001.0000': ['0.450', '2.150', '0.080', '-0.99995', '0.01036', '0.00001', '-0.01036',
    '-0.99995', '-0.00016', '0.00001', '-0.00016', '1.00000']
  '001.0667': ['0.450', '2.150', '0.080', '-0.99995', '0.01042', '0.00001', '-0.01042',
    '-0.99995', '-0.00016', '0.00001', '-0.00016', '1.00000']
  '001.1333': ['0.450', '2.150', '0.080', '-0.99995', '0.01012', '0.00001', '-0.01012',
    '-0.99995', '-0.00016', '0.00001', '-0.00016', '1.00000']
  '001.2000': ['0.450', '2.151', '0.080', '-0.99996', '0.00945', '0.00001', '-0.00945',
    '-0.99996', '-0.00016', '0.00000', '-0.00016', '1.00000']
  '001.2667': ['0.450', '2.151', '0.080', '-0.99996', '0.00878', '0.00000', '-0.00878',
    '-0.99996', '-0.00015', '0.00000', '-0.00015', '1.00000']
  '001.3333': ['0.450', '2.152', '0.080', '-0.99997', '0.00811', '-0.00000', '-0.00811',
    '-0.99997', '-0.00015', '-0.00000', '-0.00015', '1.00000']
  '001.4000': ['0.450', '2.152', '0.080', '-0.99997', '0.00745', '-0.00000', '-0.00745',
    '-0.99997', '-0.00015', '-0.00001', '-0.00015', '1.00000']
  '001.4667': ['0.450', '2.153', '0.080', '-0.99998', '0.00678', '-0.00001', '-0.00678',
    '-0.99998', '-0.00015', '-0.00001', '-0.00015', '1.00000']
  '001.5333': ['0.450', '2.153', '0.080', '-0.99998', '0.00611', '-0.00001', '-0.00611',
    '-0.99998', '-0.00014', '-0.00001', '-0.00014', '1.00000']
  '001.6000': ['0.450', '2.154', '0.080', '-0.99999', '0.00544', '-0.00001', '-0.00544',
    '-0.99999', '-0.00014', '-0.00002', '-0.00014', '1.00000']
  '001.6667': ['0.450', '2.154', '0.080', '-0.99999', '0.00477', '-0.00002', '-0.00477',
    '-0.99999', '-0.00014', '-0.00002', '-0.00014', '1.00000']
  '001.7333': ['0.450', '2.155', '0.080', '-0.99999', '0.00410', '-0.00002', '-0.00410',
    '-0.99999', '-0.00013', '-0.00002', '-0.00013', '1.00000']
  '001.8000': ['0.450', '2.155', '0.080', '-0.99999', '0.00343', '-0.00002', '-0.00343',
    '-0.99999', '-0.00013', '-0.00002', '-0.00013', '1.00000']
  '001.8667': ['0.450', '2.156', '0.080', '-1.00000', '0.00275', '-0.00003', '-0.00275',
    '-1.00000', '-0.00013', '-0.00003', '-0.00013', '1.00000']
  '001.9333': ['0.451', '2.157', '0.080', '-1.00000', '0.00208', '-0.00003', '-0.00208',
    '-1.00000', '-0.00012', '-0.00003', '-0.00012', '1.00000']
  '002.0000': ['0.451', '2.157', '0.080', '-1.00000', '0.00141', '-0.00003', '-0.00141',
    '-1.00000', '-0.00012', '-0.00003', '-0.00012', '1.00000']
  '002.0667': ['0.451', '2.158', '0.080', '-1.00000', '0.00074', '-0.00004', '-0.00074',
    '-1.00000', '-0.00012', '-0.00004', '-0.00012', '1.00000']
  '002.1333': ['0.451', '2.158', '0.080', '-1.00000', '0.00007', '-0.00004', '-0.00007',
    '-1.00000', '-0.00012', '-0.00004', '-0.00012', '1.00000']
  '002.2000': ['0.451', '2.159', '0.080', '-1.00000', '-0.00061', '-0.00004', '0.00061',
    '-1.00000', '-0.00011', '-0.00004', '-0.00011', '1.00000']
  '002.2667': ['0.451', '2.159', '0.080', '-1.00000', '-0.00128', '-0.00005', '0.00128',
    '-1.00000', '-0.00011', '-0.00005', '-0.00011', '1.00000']
  '002.3333': ['0.452', '2.167', '0.080', '-1.00000', '-0.00258', '-0.00029', '0.00258',
    '-1.00000', '0.00009', '-0.00029', '0.00009', '1.00000']
  '002.4000': ['0.455', '2.169', '0.080', '-0.99999', '-0.00377', '-0.00031', '0.00377',
    '-0.99999', '0.00011', '-0.00031', '0.00011', '1.00000']
  '002.4667': ['0.453', '2.170', '0.080', '-0.99999', '-0.00390', '-0.00031', '0.00390',
    '-0.99999', '0.00011', '-0.00031', '0.00011', '1.00000']
  '002.5333': ['0.447', '2.171', '0.080', '-1.00000', '-0.00314', '-0.00030', '0.00314',
    '-1.00000', '0.00010', '-0.00030', '0.00010', '1.00000']
  '002.6000': ['0.439', '2.171', '0.080', '-1.00000', '-0.00231', '-0.00030', '0.00231',
    '-1.00000', '0.00011', '-0.00030', '0.00010', '1.00000']
  '002.6667': ['0.427', '2.170', '0.080', '-1.00000', '-0.00170', '-0.00032', '0.00170',
    '-1.00000', '0.00010', '-0.00032', '0.00010', '1.00000']
  '002.7333': ['0.410', '2.171', '0.080', '-1.00000', '-0.00029', '-0.00032', '0.00029',
    '-1.00000', '0.00008', '-0.00032', '0.00008', '1.00000']
  '002.8000': ['0.387', '2.171', '0.080', '-1.00000', '0.00191', '-0.00032', '-0.00191',
    '-1.00000', '0.00007', '-0.00032', '0.00007', '1.00000']
  '002.8667': ['0.362', '2.171', '0.080', '-0.99999', '0.00398', '-0.00036', '-0.00398',
    '-0.99999', '0.00007', '-0.00036', '0.00007', '1.00000']
  '002.9333': ['0.348', '2.171', '0.080', '-0.99998', '0.00617', '-0.00043', '-0.00617',
    '-0.99998', '0.00007', '-0.00043', '0.00008', '1.00000']
  '003.0000': ['0.334', '2.171', '0.080', '-0.99996', '0.00853', '-0.00049', '-0.00853',
    '-0.99996', '0.00007', '-0.00049', '0.00007', '1.00000']
  '003.0667': ['0.326', '2.171', '0.080', '-0.99978', '0.02120', '-0.00050', '-0.02120',
    '-0.99978', '0.00005', '-0.00050', '0.00006', '1.00000']
  '003.1333': ['0.323', '2.171', '0.080', '-0.99201', '0.12614', '-0.00048', '-0.12614',
    '-0.99201', '0.00002', '-0.00047', '0.00008', '1.00000']
  '003.2000': ['0.325', '2.172', '0.080', '-0.97268', '0.23215', '-0.00047', '-0.23215',
    '-0.97268', '0.00000', '-0.00046', '0.00011', '1.00000']
  '003.2667': ['0.325', '2.172', '0.080', '-0.95457', '0.29799', '-0.00047', '-0.29799',
    '-0.95457', '-0.00000', '-0.00045', '0.00014', '1.00000']
  '003.3333': ['0.320', '2.169', '0.080', '-0.95119', '0.30861', '-0.00047', '-0.30861',
    '-0.95119', '0.00001', '-0.00044', '0.00015', '1.00000']
  '003.4000': ['0.315', '2.166', '0.080', '-0.94776', '0.31898', '-0.00049', '-0.31898',
    '-0.94776', '0.00000', '-0.00046', '0.00016', '1.00000']
  '003.4667': ['0.305', '2.161', '0.080', '-0.94508', '0.32684', '-0.00054', '-0.32684',
    '-0.94508', '0.00000', '-0.00051', '0.00018', '1.00000']
  '003.5333': ['0.292', '2.155', '0.080', '-0.94343', '0.33156', '-0.00059', '-0.33156',
    '-0.94343', '0.00002', '-0.00055', '0.00021', '1.00000']
  '003.6000': ['0.275', '2.146', '0.080', '-0.94383', '0.33044', '-0.00061', '-0.33044',
    '-0.94383', '0.00002', '-0.00057', '0.00022', '1.00000']
  '003.6667': ['0.259', '2.136', '0.080', '-0.94474', '0.32783', '-0.00070', '-0.32783',
    '-0.94474', '0.00005', '-0.00065', '0.00028', '1.00000']
  '003.7333': ['0.238', '2.128', '0.080', '-0.91112', '0.41215', '-0.00067', '-0.41215',
    '-0.91112', '-0.00002', '-0.00062', '0.00026', '1.00000']
  '003.8000': ['0.216', '2.118', '0.080', '-0.86936', '0.49418', '-0.00061', '-0.49418',
    '-0.86936', '-0.00009', '-0.00057', '0.00023', '1.00000']
  '003.8667': ['0.194', '2.105', '0.080', '-0.81892', '0.57391', '-0.00056', '-0.57391',
    '-0.81892', '-0.00010', '-0.00052', '0.00024', '1.00000']
  '003.9333': ['0.172', '2.090', '0.080', '-0.75769', '0.65262', '-0.00058', '-0.65262',
    '-0.75769', '-0.00012', '-0.00052', '0.00029', '1.00000']
  '004.0000': ['0.157', '2.077', '0.080', '-0.68350', '0.72995', '-0.00060', '-0.72995',
    '-0.68350', '-0.00014', '-0.00051', '0.00035', '1.00000']
  '004.0667': ['0.142', '2.062', '0.080', '-0.59402', '0.80445', '-0.00059', '-0.80445',
    '-0.59402', '-0.00017', '-0.00049', '0.00037', '1.00000']
  '004.1333': ['0.130', '2.042', '0.080', '-0.48940', '0.87206', '-0.00031', '-0.87206',
    '-0.48940', '-0.00033', '-0.00044', '0.00011', '1.00000']
  '004.2000': ['0.124', '2.031', '0.080', '-0.37189', '0.92828', '-0.00022', '-0.92828',
    '-0.37189', '-0.00034', '-0.00039', '0.00008', '1.00000']
  '004.2667': ['0.122', '2.026', '0.080', '-0.24377', '0.96983', '-0.00019', '-0.96983',
    '-0.24377', '-0.00038', '-0.00041', '0.00009', '1.00000']
  '004.3333': ['0.122', '2.024', '0.080', '-0.10808', '0.99414', '-0.00017', '-0.99414',
    '-0.10808', '-0.00041', '-0.00043', '0.00013', '1.00000']
  '004.4000': ['0.124', '2.026', '0.080', '0.03004', '0.99955', '-0.00018', '-0.99955',
    '0.03004', '-0.00041', '-0.00040', '0.00019', '1.00000']
  '004.4667': ['0.125', '2.033', '0.080', '0.16481', '0.98633', '-0.00021', '-0.98633',
    '0.16481', '-0.00040', '-0.00036', '0.00028', '1.00000']
  '004.5333': ['0.127', '2.050', '0.080', '0.19893', '0.98001', '-0.00055', '-0.98001',
    '0.19893', '-0.00022', '-0.00011', '0.00058', '1.00000']
  '004.6000': ['0.129', '2.050', '0.080', '0.22854', '0.97353', '-0.00057', '-0.97353',
    '0.22854', '-0.00021', '-0.00008', '0.00060', '1.00000']
  '004.6667': ['0.131', '2.047', '0.080', '0.25243', '0.96761', '-0.00058', '-0.96761',
    '0.25243', '-0.00021', '-0.00006', '0.00061', '1.00000']
  '004.7333': ['0.135', '2.041', '0.080', '0.27052', '0.96271', '-0.00062', '-0.96271',
    '0.27052', '-0.00020', '-0.00003', '0.00065', '1.00000']
  '004.8000': ['0.141', '2.031', '0.080', '0.20714', '0.97831', '-0.00068', '-0.97831',
    '0.20714', '-0.00021', '-0.00006', '0.00071', '1.00000']
  '004.8667': ['0.147', '2.014', '0.080', '0.10930', '0.99401', '-0.00073', '-0.99401',
    '0.10930', '-0.00020', '-0.00012', '0.00074', '1.00000']
  '004.9333': ['0.152', '1.996', '0.080', '0.00287', '1.00000', '-0.00077', '-1.00000',
    '0.00287', '-0.00019', '-0.00019', '0.00077', '1.00000']
  '005.0000': ['0.152', '1.975', '0.080', '-0.07418', '0.99724', '-0.00076', '-0.99725',
    '-0.07418', '-0.00017', '-0.00023', '0.00075', '1.00000']
  '005.0667': ['0.146', '1.947', '0.080', '-0.08026', '0.99677', '-0.00046', '-0.99677',
    '-0.08026', '0.00014', '0.00010', '0.00047', '1.00000']
  '005.1333': ['0.143', '1.921', '0.080', '-0.08935', '0.99600', '-0.00042', '-0.99600',
    '-0.08935', '0.00007', '0.00003', '0.00043', '1.00000']
  '005.2000': ['0.140', '1.895', '0.080', '-0.10061', '0.99493', '-0.00038', '-0.99493',
    '-0.10061', '-0.00001', '-0.00005', '0.00038', '1.00000']
  '005.2667': ['0.138', '1.870', '0.080', '-0.11439', '0.99344', '-0.00036', '-0.99344',
    '-0.11439', '-0.00007', '-0.00011', '0.00035', '1.00000']
  '005.3333': ['0.135', '1.843', '0.080', '-0.13126', '0.99135', '-0.00034', '-0.99135',
    '-0.13126', '-0.00009', '-0.00013', '0.00033', '1.00000']
  '005.4000': ['0.133', '1.819', '0.080', '-0.15100', '0.98853', '-0.00032', '-0.98853',
    '-0.15100', '-0.00010', '-0.00015', '0.00031', '1.00000']
  '005.4667': ['0.128', '1.794', '0.080', '-0.17136', '0.98521', '-0.00033', '-0.98521',
    '-0.17136', '-0.00007', '-0.00012', '0.00032', '1.00000']
  '005.5333': ['0.117', '1.770', '0.080', '-0.08430', '0.99644', '-0.00062', '-0.99644',
    '-0.08430', '0.00010', '0.00005', '0.00062', '1.00000']
  '005.6000': ['0.113', '1.746', '0.080', '-0.04772', '0.99886', '-0.00063', '-0.99886',
    '-0.04772', '0.00016', '0.00013', '0.00064', '1.00000']
  '005.6667': ['0.112', '1.723', '0.080', '-0.05361', '0.99856', '-0.00061', '-0.99856',
    '-0.05361', '0.00024', '0.00021', '0.00062', '1.00000']
  '005.7333': ['0.111', '1.698', '0.080', '-0.06081', '0.99815', '-0.00065', '-0.99815',
    '-0.06081', '0.00028', '0.00024', '0.00066', '1.00000']
  '005.8000': ['0.110', '1.673', '0.080', '-0.06863', '0.99764', '-0.00068', '-0.99764',
    '-0.06863', '0.00036', '0.00031', '0.00070', '1.00000']
  '005.8667': ['0.109', '1.648', '0.080', '-0.07720', '0.99702', '-0.00071', '-0.99702',
    '-0.07720', '0.00041', '0.00036', '0.00074', '1.00000']
  '005.9333': ['0.107', '1.622', '0.080', '-0.08725', '0.99619', '-0.00077', '-0.99619',
    '-0.08725', '0.00042', '0.00035', '0.00080', '1.00000']
  '006.0000': ['0.106', '1.597', '0.080', '-0.09812', '0.99517', '-0.00079', '-0.99517',
    '-0.09812', '0.00045', '0.00037', '0.00084', '1.00000']
  '006.0667': ['0.103', '1.572', '0.080', '-0.10954', '0.99398', '-0.00087', '-0.99398',
    '-0.10954', '0.00046', '0.00036', '0.00092', '1.00000']
  '006.1333': ['0.101', '1.547', '0.080', '-0.12271', '0.99244', '-0.00090', '-0.99244',
    '-0.12271', '0.00047', '0.00035', '0.00095', '1.00000']
  '006.2000': ['0.098', '1.521', '0.080', '-0.13658', '0.99063', '-0.00095', '-0.99063',
    '-0.13658', '0.00047', '0.00034', '0.00100', '1.00000']
  '006.2667': ['0.095', '1.496', '0.080', '-0.15180', '0.98841', '-0.00098', '-0.98841',
    '-0.15180', '0.00046', '0.00031', '0.00104', '1.00000']
  '006.3333': ['0.092', '1.471', '0.080', '-0.16742', '0.98589', '-0.00100', '-0.98589',
    '-0.16742', '0.00041', '0.00023', '0.00106', '1.00000']
  '006.4000': ['0.086', '1.444', '0.080', '-0.18145', '0.98340', '-0.00095', '-0.98340',
    '-0.18145', '0.00040', '0.00022', '0.00101', '1.00000']
  '006.4667': ['0.077', '1.416', '0.080', '-0.18537', '0.98267', '-0.00067', '-0.98267',
    '-0.18537', '0.00035', '0.00022', '0.00072', '1.00000']
  '006.5333': ['0.071', '1.390', '0.080', '-0.09004', '0.99594', '-0.00062', '-0.99594',
    '-0.09004', '0.00029', '0.00023', '0.00065', '1.00000']
  '006.6000': ['0.070', '1.365', '0.080', '-0.04635', '0.99893', '-0.00069', '-0.99893',
    '-0.04635', '0.00015', '0.00012', '0.00070', '1.00000']
  '006.6667': ['0.069', '1.340', '0.080', '-0.05519', '0.99848', '-0.00065', '-0.99848',
    '-0.05519', '0.00008', '0.00005', '0.00066', '1.00000']
  '006.7333': ['0.067', '1.316', '0.080', '-0.06313', '0.99800', '-0.00056', '-0.99801',
    '-0.06313', '-0.00005', '-0.00009', '0.00056', '1.00000']
  '006.8000': ['0.065', '1.293', '0.080', '-0.07084', '0.99749', '-0.00048', '-0.99749',
    '-0.07084', '-0.00013', '-0.00017', '0.00047', '1.00000']
  '006.8667': ['0.063', '1.269', '0.080', '-0.07986', '0.99681', '-0.00045', '-0.99681',
    '-0.07986', '-0.00020', '-0.00024', '0.00043', '1.00000']
  '006.9333': ['0.061', '1.245', '0.080', '-0.09131', '0.99582', '-0.00043', '-0.99582',
    '-0.09131', '-0.00020', '-0.00024', '0.00041', '1.00000']
  '007.0000': ['0.059', '1.220', '0.080', '-0.07550', '0.99715', '-0.00039', '-0.99715',
    '-0.07550', '-0.00027', '-0.00030', '0.00036', '1.00000']
  '007.0667': ['0.057', '1.196', '0.080', '0.01108', '0.99994', '-0.00026', '-0.99994',
    '0.01108', '-0.00047', '-0.00047', '0.00026', '1.00000']
  '007.1333': ['0.058', '1.169', '0.080', '0.09512', '0.99547', '-0.00036', '-0.99547',
    '0.09512', '-0.00034', '-0.00030', '0.00039', '1.00000']
  '007.2000': ['0.061', '1.143', '0.080', '0.17771', '0.98408', '-0.00028', '-0.98408',
    '0.17771', '-0.00030', '-0.00024', '0.00033', '1.00000']
  '007.2667': ['0.065', '1.118', '0.080', '0.25970', '0.96569', '-0.00028', '-0.96569',
    '0.25970', '-0.00031', '-0.00023', '0.00035', '1.00000']
  '007.3333': ['0.072', '1.093', '0.080', '0.34031', '0.94031', '-0.00025', '-0.94031',
    '0.34031', '-0.00035', '-0.00024', '0.00035', '1.00000']
  '007.4000': ['0.080', '1.071', '0.080', '0.41800', '0.90845', '-0.00013', '-0.90845',
    '0.41800', '-0.00053', '-0.00043', '0.00034', '1.00000']
  '007.4667': ['0.091', '1.047', '0.080', '0.49275', '0.87017', '-0.00015', '-0.87017',
    '0.49275', '-0.00044', '-0.00031', '0.00035', '1.00000']
  '007.5333': ['0.105', '1.023', '0.080', '0.49247', '0.87033', '-0.00018', '-0.87033',
    '0.49247', '-0.00037', '-0.00023', '0.00033', '1.00000']
  '007.6000': ['0.121', '0.999', '0.080', '0.49148', '0.87089', '-0.00016', '-0.87089',
    '0.49148', '-0.00037', '-0.00024', '0.00032', '1.00000']
  '007.6667': ['0.136', '0.975', '0.080', '0.55296', '0.83321', '-0.00015', '-0.83321',
    '0.55296', '-0.00036', '-0.00022', '0.00032', '1.00000']
  '007.7333': ['0.154', '0.947', '0.080', '0.55140', '0.83424', '-0.00014', '-0.83424',
    '0.55140', '-0.00033', '-0.00020', '0.00030', '1.00000']
  '007.8000': ['0.172', '0.905', '0.080', '0.56186', '0.82723', '0.00001', '-0.82723',
    '0.56186', '-0.00001', '-0.00001', '-0.00000', '1.00000']
  '007.8667': ['0.189', '0.871', '0.080', '0.63851', '0.76961', '0.00003', '-0.76961',
    '0.63851', '0.00004', '0.00001', '-0.00005', '1.00000']
  '007.9333': ['0.207', '0.843', '0.080', '0.71351', '0.70065', '0.00003', '-0.70065',
    '0.71351', '0.00006', '0.00002', '-0.00006', '1.00000']
  '008.0000': ['0.227', '0.822', '0.080', '0.76539', '0.64357', '0.00003', '-0.64357',
    '0.76539', '0.00006', '0.00002', '-0.00007', '1.00000']
  '008.0667': ['0.246', '0.806', '0.080', '0.76539', '0.64357', '0.00003', '-0.64357',
    '0.76539', '0.00006', '0.00002', '-0.00007', '1.00000']
  '008.1333': ['0.265', '0.789', '0.080', '0.81626', '0.57768', '0.00003', '-0.57768',
    '0.81626', '0.00006', '0.00001', '-0.00007', '1.00000']
  '008.2000': ['0.285', '0.774', '0.080', '0.85790', '0.51381', '0.00003', '-0.51381',
    '0.85790', '0.00006', '0.00001', '-0.00007', '1.00000']
  '008.2667': ['0.307', '0.761', '0.080', '0.85790', '0.51381', '0.00003', '-0.51381',
    '0.85790', '0.00006', '0.00001', '-0.00007', '1.00000']
  '008.3333': ['0.329', '0.748', '0.080', '0.85790', '0.51381', '0.00003', '-0.51381',
    '0.85790', '0.00006', '0.00001', '-0.00007', '1.00000']
  '008.4000': ['0.350', '0.735', '0.080', '0.85790', '0.51381', '0.00003', '-0.51381',
    '0.85790', '0.00006', '0.00001', '-0.00007', '1.00000']
  '008.4667': ['0.372', '0.722', '0.080', '0.85790', '0.51381', '0.00003', '-0.51381',
    '0.85790', '0.00006', '0.00001', '-0.00007', '1.00000']
  '008.5333': ['0.394', '0.710', '0.080', '0.82003', '0.57231', '0.00003', '-0.57231',
    '0.82003', '0.00006', '0.00001', '-0.00007', '1.00000']
  '008.6000': ['0.415', '0.697', '0.080', '0.75572', '0.65490', '0.00003', '-0.65490',
    '0.75572', '0.00006', '0.00002', '-0.00007', '1.00000']
  '008.6667': ['0.434', '0.681', '0.080', '0.68312', '0.73031', '0.00003', '-0.73031',
    '0.68312', '0.00006', '0.00003', '-0.00006', '1.00000']
  '008.7333': ['0.451', '0.662', '0.080', '0.65652', '0.75431', '0.00003', '-0.75431',
    '0.65652', '0.00006', '0.00003', '-0.00006', '1.00000']
  '008.8000': ['0.468', '0.643', '0.080', '0.65652', '0.75431', '0.00003', '-0.75431',
    '0.65652', '0.00006', '0.00003', '-0.00006', '1.00000']
  '008.8667': ['0.485', '0.624', '0.080', '0.65652', '0.75431', '0.00003', '-0.75431',
    '0.65652', '0.00006', '0.00003', '-0.00006', '1.00000']
  '008.9333': ['0.502', '0.605', '0.080', '0.61592', '0.78781', '0.00003', '-0.78781',
    '0.61592', '0.00006', '0.00003', '-0.00006', '1.00000']
  '009.0000': ['0.518', '0.586', '0.080', '0.53019', '0.84788', '0.00003', '-0.84788',
    '0.53019', '0.00006', '0.00004', '-0.00006', '1.00000']
  '009.0667': ['0.531', '0.565', '0.080', '0.52898', '0.84863', '0.00003', '-0.84863',
    '0.52898', '0.00006', '0.00004', '-0.00006', '1.00000']
  '009.1333': ['0.545', '0.543', '0.080', '0.50114', '0.86537', '0.00003', '-0.86537',
    '0.50114', '0.00006', '0.00004', '-0.00006', '1.00000']
  '009.2000': ['0.558', '0.522', '0.080', '0.40793', '0.91301', '0.00003', '-0.91301',
    '0.40793', '0.00006', '0.00005', '-0.00005', '1.00000']
  '009.2667': ['0.569', '0.499', '0.080', '0.31026', '0.95065', '0.00003', '-0.95065',
    '0.31026', '0.00006', '0.00005', '-0.00005', '1.00000']
  '009.3333': ['0.577', '0.476', '0.080', '0.20919', '0.97788', '0.00003', '-0.97788',
    '0.20919', '0.00006', '0.00006', '-0.00004', '1.00000']
  '009.4000': ['0.583', '0.451', '0.080', '0.10582', '0.99439', '0.00003', '-0.99439',
    '0.10582', '0.00006', '0.00006', '-0.00003', '1.00000']
  '009.4667': ['0.586', '0.426', '0.080', '0.00129', '1.00000', '0.00003', '-1.00000',
    '0.00129', '0.00006', '0.00006', '-0.00003', '1.00000']
  '009.5333': ['0.586', '0.401', '0.080', '-0.05942', '0.99823', '0.00003', '-0.99823',
    '-0.05942', '0.00006', '0.00006', '-0.00002', '1.00000']
  '009.6000': ['0.585', '0.376', '0.080', '-0.05942', '0.99823', '0.00003', '-0.99823',
    '-0.05942', '0.00006', '0.00006', '-0.00002', '1.00000']
