begin_time_stamp: 1574101364.4666636
data_header:
  time_stamp: [x, y, z, R11, R12, R13, R21, R22, R23, R31, R32, R33]
trajectory_data:
  '000.0000': ['0.350', '2.865', '0.080', '0.27691', '-0.96089', '-0.00011', '0.96089',
    '0.27691', '0.00010', '-0.00006', '-0.00014', '1.00000']
  '000.0667': ['0.359', '2.888', '0.080', '0.36882', '-0.92950', '-0.00008', '0.92950',
    '0.36882', '0.00018', '-0.00014', '-0.00014', '1.00000']
  '000.1333': ['0.370', '2.912', '0.080', '0.45633', '-0.88981', '-0.00006', '0.88981',
    '0.45633', '0.00015', '-0.00011', '-0.00013', '1.00000']
  '000.2000': ['0.385', '2.939', '0.080', '0.54100', '-0.84102', '-0.00005', '0.84102',
    '0.54100', '0.00011', '-0.00007', '-0.00010', '1.00000']
  '000.2667': ['0.402', '2.966', '0.080', '0.62361', '-0.78174', '-0.00006', '0.78174',
    '0.62361', '0.00006', '-0.00001', '-0.00008', '1.00000']
  '000.3333': ['0.420', '2.989', '0.080', '0.70249', '-0.71170', '-0.00006', '0.71170',
    '0.70249', '0.00006', '0.00000', '-0.00008', '1.00000']
  '000.4000': ['0.439', '3.009', '0.080', '0.77682', '-0.62972', '-0.00010', '0.62972',
    '0.77682', '0.00007', '0.00003', '-0.00012', '1.00000']
  '000.4667': ['0.460', '3.027', '0.080', '0.84488', '-0.53496', '-0.00011', '0.53496',
    '0.84488', '0.00007', '0.00005', '-0.00012', '1.00000']
  '000.5333': ['0.482', '3.042', '0.080', '0.90428', '-0.42695', '-0.00010', '0.42695',
    '0.90428', '0.00008', '0.00006', '-0.00011', '1.00000']
  '000.6000': ['0.505', '3.054', '0.080', '0.92691', '-0.37529', '-0.00008', '0.37529',
    '0.92691', '0.00005', '0.00006', '-0.00007', '1.00000']
  '000.6667': ['0.528', '3.062', '0.080', '0.93766', '-0.34756', '-0.00007', '0.34756',
    '0.93766', '0.00003', '0.00005', '-0.00005', '1.00000']
  '000.7333': ['0.551', '3.070', '0.080', '0.94720', '-0.32063', '-0.00005', '0.32063',
    '0.94720', '0.00002', '0.00004', '-0.00003', '1.00000']
  '000.8000': ['0.579', '3.079', '0.080', '0.95519', '-0.29600', '-0.00003', '0.29600',
    '0.95519', '0.00002', '0.00002', '-0.00002', '1.00000']
  '000.8667': ['0.603', '3.085', '0.080', '0.96144', '-0.27502', '-0.00002', '0.27502',
    '0.96144', '0.00002', '0.00002', '-0.00002', '1.00000']
  '000.9333': ['0.626', '3.091', '0.080', '0.96611', '-0.25814', '0.00000', '0.25814',
    '0.96611', '0.00002', '-0.00001', '-0.00002', '1.00000']
  '001.0000': ['0.650', '3.096', '0.080', '0.96978', '-0.24396', '0.00001', '0.24396',
    '0.96978', '0.00006', '-0.00003', '-0.00006', '1.00000']
  '001.0667': ['0.674', '3.102', '0.080', '0.97274', '-0.23188', '0.00001', '0.23188',
    '0.97274', '0.00008', '-0.00003', '-0.00008', '1.00000']
  '001.1333': ['0.700', '3.106', '0.080', '0.97460', '-0.22395', '0.00000', '0.22395',
    '0.97460', '0.00010', '-0.00002', '-0.00009', '1.00000']
  '001.2000': ['0.729', '3.113', '0.080', '0.97612', '-0.21722', '0.00002', '0.21722',
    '0.97612', '0.00007', '-0.00003', '-0.00007', '1.00000']
  '001.2667': ['0.752', '3.117', '0.080', '0.97699', '-0.21330', '0.00006', '0.21330',
    '0.97699', '0.00006', '-0.00007', '-0.00004', '1.00000']
  '001.3333': ['0.776', '3.121', '0.080', '0.97714', '-0.21259', '0.00007', '0.21259',
    '0.97714', '0.00007', '-0.00008', '-0.00005', '1.00000']
  '001.4000': ['0.798', '3.126', '0.080', '0.97685', '-0.21394', '0.00007', '0.21394',
    '0.97685', '0.00009', '-0.00009', '-0.00008', '1.00000']
  '001.4667': ['0.826', '3.137', '0.080', '0.97834', '-0.20702', '-0.00009', '0.20702',
    '0.97834', '0.00014', '0.00006', '-0.00016', '1.00000']
  '001.5333': ['0.855', '3.148', '0.080', '0.98124', '-0.19279', '-0.00015', '0.19279',
    '0.98124', '0.00018', '0.00011', '-0.00021', '1.00000']
  '001.6000': ['0.879', '3.155', '0.080', '0.98401', '-0.17809', '-0.00015', '0.17809',
    '0.98401', '0.00019', '0.00012', '-0.00021', '1.00000']
  '001.6667': ['0.905', '3.159', '0.080', '0.98601', '-0.16667', '-0.00013', '0.16667',
    '0.98601', '0.00018', '0.00009', '-0.00020', '1.00000']
  '001.7333': ['0.933', '3.162', '0.080', '0.98716', '-0.15976', '-0.00009', '0.15976',
    '0.98716', '0.00017', '0.00006', '-0.00019', '1.00000']
  '001.8000': ['0.959', '3.165', '0.080', '0.98773', '-0.15617', '-0.00007', '0.15617',
    '0.98773', '0.00018', '0.00004', '-0.00018', '1.00000']
  '001.8667': ['0.982', '3.169', '0.080', '0.99670', '-0.08121', '-0.00005', '0.08121',
    '0.99670', '0.00020', '0.00003', '-0.00020', '1.00000']
  '001.9333': ['1.005', '3.171', '0.080', '0.99990', '-0.01401', '-0.00004', '0.01401',
    '0.99990', '0.00019', '0.00003', '-0.00020', '1.00000']
  '002.0000': ['1.028', '3.172', '0.080', '0.99996', '-0.00895', '-0.00002', '0.00895',
    '0.99996', '0.00021', '0.00002', '-0.00021', '1.00000']
  '002.0667': ['1.051', '3.173', '0.080', '1.00000', '-0.00016', '-0.00004', '0.00016',
    '1.00000', '0.00019', '0.00004', '-0.00019', '1.00000']
  '002.1333': ['1.077', '3.174', '0.080', '0.99996', '0.00851', '-0.00008', '-0.00851',
    '0.99996', '0.00021', '0.00008', '-0.00021', '1.00000']
  '002.2000': ['1.102', '3.173', '0.080', '0.99989', '0.01495', '-0.00009', '-0.01495',
    '0.99989', '0.00021', '0.00009', '-0.00021', '1.00000']
  '002.2667': ['1.125', '3.174', '0.080', '0.99977', '0.02160', '-0.00005', '-0.02160',
    '0.99977', '0.00024', '0.00006', '-0.00024', '1.00000']
  '002.3333': ['1.143', '3.180', '0.080', '0.99924', '0.03902', '-0.00001', '-0.03902',
    '0.99924', '0.00042', '0.00002', '-0.00042', '1.00000']
  '002.4000': ['1.167', '3.182', '0.080', '0.99824', '0.05926', '-0.00001', '-0.05926',
    '0.99824', '0.00045', '0.00004', '-0.00045', '1.00000']
  '002.4667': ['1.192', '3.182', '0.080', '0.99682', '0.07964', '-0.00002', '-0.07964',
    '0.99682', '0.00044', '0.00005', '-0.00043', '1.00000']
  '002.5333': ['1.218', '3.180', '0.080', '0.99507', '0.09914', '0.00000', '-0.09914',
    '0.99507', '0.00043', '0.00004', '-0.00042', '1.00000']
  '002.6000': ['1.244', '3.177', '0.080', '0.99325', '0.11600', '0.00005', '-0.11600',
    '0.99325', '0.00043', '0.00000', '-0.00043', '1.00000']
  '002.6667': ['1.270', '3.174', '0.080', '0.99512', '0.09868', '0.00004', '-0.09868',
    '0.99512', '0.00047', '0.00001', '-0.00047', '1.00000']
  '002.7333': ['1.296', '3.170', '0.080', '0.99998', '0.00598', '0.00010', '-0.00598',
    '0.99998', '0.00049', '-0.00010', '-0.00049', '1.00000']
  '002.8000': ['1.324', '3.171', '0.080', '0.99998', '-0.00612', '0.00011', '0.00612',
    '0.99998', '0.00048', '-0.00011', '-0.00048', '1.00000']
  '002.8667': ['1.359', '3.179', '0.080', '0.99991', '0.01367', '-0.00009', '-0.01367',
    '0.99991', '0.00053', '0.00010', '-0.00053', '1.00000']
  '002.9333': ['1.388', '3.181', '0.080', '0.99942', '0.03395', '-0.00001', '-0.03395',
    '0.99942', '0.00053', '0.00002', '-0.00052', '1.00000']
  '003.0000': ['1.416', '3.181', '0.080', '0.99854', '0.05408', '0.00007', '-0.05408',
    '0.99854', '0.00050', '-0.00005', '-0.00051', '1.00000']
  '003.0667': ['1.442', '3.179', '0.080', '0.99742', '0.07183', '0.00016', '-0.07183',
    '0.99742', '0.00048', '-0.00012', '-0.00049', '1.00000']
  '003.1333': ['1.467', '3.177', '0.080', '0.99623', '0.08681', '0.00024', '-0.08681',
    '0.99623', '0.00050', '-0.00019', '-0.00052', '1.00000']
  '003.2000': ['1.493', '3.174', '0.080', '0.99499', '0.09993', '0.00031', '-0.09993',
    '0.99499', '0.00048', '-0.00026', '-0.00051', '1.00000']
  '003.2667': ['1.518', '3.172', '0.080', '0.99032', '0.13880', '0.00037', '-0.13880',
    '0.99032', '0.00047', '-0.00030', '-0.00052', '1.00000']
  '003.3333': ['1.543', '3.169', '0.080', '0.96762', '0.25242', '0.00042', '-0.25242',
    '0.96762', '0.00044', '-0.00029', '-0.00053', '1.00000']
  '003.4000': ['1.568', '3.164', '0.080', '0.95619', '0.29276', '0.00044', '-0.29276',
    '0.95619', '0.00043', '-0.00029', '-0.00054', '1.00000']
  '003.4667': ['1.593', '3.159', '0.080', '0.94824', '0.31756', '0.00045', '-0.31756',
    '0.94824', '0.00044', '-0.00029', '-0.00056', '1.00000']
  '003.5333': ['1.619', '3.153', '0.080', '0.93712', '0.34900', '0.00048', '-0.34900',
    '0.93712', '0.00042', '-0.00030', '-0.00056', '1.00000']
  '003.6000': ['1.644', '3.146', '0.080', '0.92253', '0.38592', '0.00047', '-0.38592',
    '0.92253', '0.00042', '-0.00027', '-0.00057', '1.00000']
  '003.6667': ['1.668', '3.138', '0.080', '0.91295', '0.40807', '0.00047', '-0.40807',
    '0.91295', '0.00040', '-0.00026', '-0.00055', '1.00000']
  '003.7333': ['1.694', '3.126', '0.080', '0.93610', '0.35172', '0.00044', '-0.35172',
    '0.93610', '0.00039', '-0.00028', '-0.00052', '1.00000']
  '003.8000': ['1.719', '3.115', '0.080', '0.92931', '0.36929', '0.00044', '-0.36929',
    '0.92931', '0.00040', '-0.00026', '-0.00054', '1.00000']
  '003.8667': ['1.743', '3.104', '0.080', '0.91819', '0.39613', '0.00046', '-0.39613',
    '0.91819', '0.00038', '-0.00027', '-0.00053', '1.00000']
  '003.9333': ['1.767', '3.092', '0.080', '0.90846', '0.41798', '0.00046', '-0.41798',
    '0.90846', '0.00037', '-0.00026', '-0.00053', '1.00000']
  '004.0000': ['1.791', '3.082', '0.080', '0.93039', '0.36657', '0.00041', '-0.36657',
    '0.93039', '0.00032', '-0.00026', '-0.00045', '1.00000']
  '004.0667': ['1.818', '3.071', '0.080', '0.95654', '0.29162', '0.00035', '-0.29162',
    '0.95654', '0.00034', '-0.00024', '-0.00043', '1.00000']
  '004.1333': ['1.846', '3.062', '0.080', '0.97830', '0.20719', '0.00035', '-0.20719',
    '0.97830', '0.00041', '-0.00026', '-0.00047', '1.00000']
  '004.2000': ['1.868', '3.054', '0.080', '0.99407', '0.10872', '0.00037', '-0.10872',
    '0.99407', '0.00043', '-0.00033', '-0.00047', '1.00000']
  '004.2667': ['1.889', '3.046', '0.080', '0.99978', '0.02080', '0.00048', '-0.02080',
    '0.99978', '0.00045', '-0.00047', '-0.00046', '1.00000']
  '004.3333': ['1.903', '3.045', '0.080', '0.99999', '-0.00451', '0.00051', '0.00451',
    '0.99999', '0.00044', '-0.00051', '-0.00043', '1.00000']
  '004.4000': ['1.916', '3.047', '0.080', '0.99940', '-0.03451', '0.00051', '0.03451',
    '0.99940', '0.00043', '-0.00052', '-0.00041', '1.00000']
  '004.4667': ['1.922', '3.055', '0.080', '0.99871', '-0.05086', '0.00041', '0.05086',
    '0.99871', '0.00055', '-0.00044', '-0.00053', '1.00000']
  '004.5333': ['1.933', '3.058', '0.080', '0.99799', '-0.06342', '0.00040', '0.06342',
    '0.99799', '0.00057', '-0.00044', '-0.00054', '1.00000']
  '004.6000': ['1.948', '3.059', '0.080', '0.99710', '-0.07613', '0.00040', '0.07613',
    '0.99710', '0.00055', '-0.00044', '-0.00052', '1.00000']
  '004.6667': ['1.967', '3.062', '0.080', '0.99610', '-0.08824', '0.00042', '0.08824',
    '0.99610', '0.00054', '-0.00047', '-0.00050', '1.00000']
  '004.7333': ['1.996', '3.071', '0.080', '0.99612', '-0.08801', '0.00054', '0.08801',
    '0.99612', '0.00039', '-0.00058', '-0.00034', '1.00000']
  '004.8000': ['2.020', '3.075', '0.080', '0.99627', '-0.08628', '0.00056', '0.08628',
    '0.99627', '0.00036', '-0.00059', '-0.00031', '1.00000']
  '004.8667': ['2.036', '3.077', '0.080', '0.99637', '-0.08509', '0.00056', '0.08509',
    '0.99637', '0.00033', '-0.00059', '-0.00028', '1.00000']
  '004.9333': ['2.038', '3.078', '0.080', '0.99649', '-0.08371', '0.00044', '0.08371',
    '0.99649', '0.00017', '-0.00046', '-0.00014', '1.00000']
  '005.0000': ['2.053', '3.079', '0.080', '0.99636', '-0.08519', '0.00047', '0.08519',
    '0.99636', '0.00017', '-0.00048', '-0.00013', '1.00000']
  '005.0667': ['2.074', '3.075', '0.080', '0.99520', '-0.09783', '0.00043', '0.09783',
    '0.99520', '0.00038', '-0.00047', '-0.00034', '1.00000']
  '005.1333': ['2.100', '3.077', '0.080', '0.99407', '-0.10870', '0.00041', '0.10870',
    '0.99407', '0.00041', '-0.00045', '-0.00036', '1.00000']
  '005.2000': ['2.124', '3.080', '0.080', '0.99318', '-0.11656', '0.00039', '0.11656',
    '0.99318', '0.00038', '-0.00043', '-0.00033', '1.00000']
  '005.2667': ['2.148', '3.083', '0.080', '0.99260', '-0.12143', '0.00037', '0.12143',
    '0.99260', '0.00034', '-0.00041', '-0.00029', '1.00000']
  '005.3333': ['2.174', '3.086', '0.080', '0.99232', '-0.12372', '0.00039', '0.12372',
    '0.99232', '0.00034', '-0.00043', '-0.00029', '1.00000']
  '005.4000': ['2.198', '3.090', '0.080', '0.99236', '-0.12339', '0.00044', '0.12339',
    '0.99236', '0.00037', '-0.00048', '-0.00031', '1.00000']
  '005.4667': ['2.224', '3.092', '0.080', '0.99240', '-0.12306', '0.00045', '0.12306',
    '0.99240', '0.00038', '-0.00049', '-0.00032', '1.00000']
  '005.5333': ['2.250', '3.096', '0.080', '0.99242', '-0.12288', '0.00046', '0.12288',
    '0.99242', '0.00036', '-0.00050', '-0.00030', '1.00000']
  '005.6000': ['2.275', '3.098', '0.080', '0.99678', '-0.08024', '0.00045', '0.08024',
    '0.99678', '0.00037', '-0.00048', '-0.00033', '1.00000']
  '005.6667': ['2.292', '3.099', '0.080', '0.99972', '0.02347', '0.00044', '-0.02347',
    '0.99972', '0.00035', '-0.00043', '-0.00036', '1.00000']
  '005.7333': ['2.319', '3.100', '0.080', '0.99109', '0.13317', '0.00046', '-0.13317',
    '0.99109', '0.00032', '-0.00042', '-0.00038', '1.00000']
  '005.8000': ['2.340', '3.098', '0.080', '0.96846', '0.24918', '0.00043', '-0.24918',
    '0.96846', '0.00030', '-0.00034', '-0.00040', '1.00000']
  '005.8667': ['2.349', '3.095', '0.080', '0.92933', '0.36925', '0.00039', '-0.36925',
    '0.92933', '0.00028', '-0.00026', '-0.00040', '1.00000']
  '005.9333': ['2.361', '3.089', '0.080', '0.89749', '0.44103', '0.00039', '-0.44103',
    '0.89749', '0.00026', '-0.00024', '-0.00041', '1.00000']
  '006.0000': ['2.372', '3.083', '0.080', '0.88220', '0.47088', '0.00033', '-0.47088',
    '0.88220', '0.00026', '-0.00017', '-0.00039', '1.00000']
  '006.0667': ['2.376', '3.080', '0.080', '0.86711', '0.49811', '0.00030', '-0.49811',
    '0.86711', '0.00028', '-0.00012', '-0.00039', '1.00000']
  '006.1333': ['2.375', '3.079', '0.080', '0.85442', '0.51959', '0.00028', '-0.51959',
    '0.85442', '0.00026', '-0.00010', '-0.00037', '1.00000']
  '006.2000': ['2.380', '3.075', '0.080', '0.84477', '0.53512', '0.00029', '-0.53512',
    '0.84477', '0.00025', '-0.00011', '-0.00037', '1.00000']
  '006.2667': ['2.383', '3.072', '0.080', '0.83746', '0.54650', '0.00029', '-0.54650',
    '0.83746', '0.00027', '-0.00010', '-0.00038', '1.00000']
  '006.3333': ['2.391', '3.067', '0.080', '0.83240', '0.55417', '0.00030', '-0.55417',
    '0.83240', '0.00026', '-0.00010', '-0.00038', '1.00000']
  '006.4000': ['2.404', '3.057', '0.080', '0.83017', '0.55750', '0.00031', '-0.55750',
    '0.83017', '0.00024', '-0.00012', '-0.00037', '1.00000']
  '006.4667': ['2.415', '3.049', '0.080', '0.82963', '0.55832', '0.00031', '-0.55832',
    '0.82963', '0.00025', '-0.00012', '-0.00038', '1.00000']
  '006.5333': ['2.426', '3.043', '0.080', '0.83016', '0.55752', '0.00032', '-0.55752',
    '0.83016', '0.00025', '-0.00013', '-0.00039', '1.00000']
  '006.6000': ['2.435', '3.038', '0.080', '0.83169', '0.55524', '0.00033', '-0.55524',
    '0.83169', '0.00025', '-0.00014', '-0.00039', '1.00000']
  '006.6667': ['2.443', '3.032', '0.080', '0.83381', '0.55205', '0.00032', '-0.55205',
    '0.83381', '0.00025', '-0.00013', '-0.00038', '1.00000']
  '006.7333': ['2.448', '3.028', '0.080', '0.83695', '0.54728', '0.00030', '-0.54728',
    '0.83695', '0.00025', '-0.00011', '-0.00037', '1.00000']
  '006.8000': ['2.451', '3.025', '0.080', '0.84213', '0.53927', '0.00031', '-0.53927',
    '0.84213', '0.00027', '-0.00011', '-0.00039', '1.00000']
  '006.8667': ['2.459', '3.019', '0.080', '0.79746', '0.60338', '0.00032', '-0.60338',
    '0.79746', '0.00025', '-0.00010', '-0.00039', '1.00000']
  '006.9333': ['2.470', '3.010', '0.080', '0.74015', '0.67244', '0.00033', '-0.67244',
    '0.74015', '0.00022', '-0.00009', '-0.00039', '1.00000']
  '007.0000': ['2.479', '3.004', '0.080', '0.67348', '0.73921', '0.00035', '-0.73921',
    '0.67348', '0.00021', '-0.00008', '-0.00040', '1.00000']
  '007.0667': ['2.490', '2.995', '0.080', '0.59389', '0.80454', '0.00034', '-0.80454',
    '0.59389', '0.00017', '-0.00007', '-0.00037', '1.00000']
  '007.1333': ['2.496', '2.988', '0.080', '0.51903', '0.85476', '0.00029', '-0.85476',
    '0.51903', '0.00015', '-0.00002', '-0.00033', '1.00000']
  '007.2000': ['2.499', '2.983', '0.080', '0.50436', '0.86349', '0.00024', '-0.86349',
    '0.50436', '0.00019', '0.00004', '-0.00030', '1.00000']
  '007.2667': ['2.498', '2.982', '0.080', '0.48880', '0.87240', '0.00021', '-0.87240',
    '0.48880', '0.00020', '0.00007', '-0.00028', '1.00000']
  '007.3333': ['2.496', '2.986', '0.080', '0.47671', '0.87906', '0.00020', '-0.87906',
    '0.47671', '0.00022', '0.00010', '-0.00028', '1.00000']
  '007.4000': ['2.496', '2.988', '0.080', '0.46848', '0.88347', '0.00020', '-0.88347',
    '0.46848', '0.00023', '0.00011', '-0.00028', '1.00000']
  '007.4667': ['2.494', '2.995', '0.080', '0.46133', '0.88723', '0.00015', '-0.88723',
    '0.46133', '0.00026', '0.00016', '-0.00026', '1.00000']
  '007.5333': ['2.496', '2.990', '0.080', '0.45575', '0.89011', '0.00017', '-0.89011',
    '0.45575', '0.00027', '0.00016', '-0.00028', '1.00000']
  '007.6000': ['2.501', '2.979', '0.080', '0.45237', '0.89183', '0.00020', '-0.89183',
    '0.45237', '0.00027', '0.00015', '-0.00030', '1.00000']
  '007.6667': ['2.510', '2.963', '0.080', '0.44820', '0.89393', '0.00022', '-0.89393',
    '0.44820', '0.00028', '0.00015', '-0.00033', '1.00000']
  '007.7333': ['2.524', '2.951', '0.080', '0.40945', '0.91233', '0.00038', '-0.91233',
    '0.40945', '0.00056', '0.00036', '-0.00058', '1.00000']
  '007.8000': ['2.536', '2.922', '0.080', '0.29815', '0.95452', '0.00043', '-0.95452',
    '0.29815', '0.00053', '0.00038', '-0.00057', '1.00000']
  '007.8667': ['2.544', '2.891', '0.080', '0.26791', '0.96344', '0.00048', '-0.96344',
    '0.26791', '0.00052', '0.00038', '-0.00060', '1.00000']
  '007.9333': ['2.552', '2.861', '0.080', '0.25663', '0.96651', '0.00051', '-0.96651',
    '0.25663', '0.00054', '0.00039', '-0.00063', '1.00000']
  '008.0000': ['2.560', '2.830', '0.080', '0.24636', '0.96918', '0.00054', '-0.96918',
    '0.24636', '0.00058', '0.00043', '-0.00067', '1.00000']
  '008.0667': ['2.568', '2.799', '0.080', '0.15397', '0.98808', '0.00057', '-0.98808',
    '0.15397', '0.00064', '0.00055', '-0.00066', '1.00000']
  '008.1333': ['2.574', '2.768', '0.080', '0.04100', '0.99916', '0.00059', '-0.99916',
    '0.04100', '0.00073', '0.00070', '-0.00062', '1.00000']
  '008.2000': ['2.577', '2.737', '0.080', '-0.07359', '0.99729', '0.00061', '-0.99729',
    '-0.07359', '0.00084', '0.00089', '-0.00054', '1.00000']
  '008.2667': ['2.576', '2.706', '0.080', '-0.14793', '0.98900', '0.00063', '-0.98900',
    '-0.14793', '0.00098', '0.00107', '-0.00048', '1.00000']
  '008.3333': ['2.573', '2.680', '0.080', '-0.16431', '0.98641', '0.00064', '-0.98641',
    '-0.16431', '0.00111', '0.00120', '-0.00045', '1.00000']
  '008.4000': ['2.570', '2.657', '0.080', '-0.18197', '0.98330', '0.00067', '-0.98330',
    '-0.18198', '0.00126', '0.00136', '-0.00043', '1.00000']
  '008.4667': ['2.566', '2.636', '0.080', '-0.19838', '0.98013', '0.00073', '-0.98012',
    '-0.19838', '0.00143', '0.00155', '-0.00044', '1.00000']
  '008.5333': ['2.561', '2.615', '0.080', '-0.21313', '0.97702', '0.00081', '-0.97702',
    '-0.21313', '0.00162', '0.00175', '-0.00045', '1.00000']
  '008.6000': ['2.559', '2.595', '0.080', '-0.23038', '0.97310', '0.00074', '-0.97310',
    '-0.23038', '0.00155', '0.00168', '-0.00036', '1.00000']
  '008.6667': ['2.552', '2.570', '0.080', '-0.23744', '0.97140', '0.00062', '-0.97140',
    '-0.23744', '0.00141', '0.00152', '-0.00027', '1.00000']
  '008.7333': ['2.544', '2.548', '0.080', '-0.14488', '0.98945', '0.00046', '-0.98945',
    '-0.14488', '0.00128', '0.00133', '-0.00027', '1.00000']
  '008.8000': ['2.539', '2.525', '0.080', '-0.10192', '0.99479', '0.00037', '-0.99479',
    '-0.10192', '0.00115', '0.00118', '-0.00025', '1.00000']
  '008.8667': ['2.536', '2.500', '0.080', '-0.09538', '0.99544', '0.00037', '-0.99544',
    '-0.09538', '0.00115', '0.00118', '-0.00025', '1.00000']
  '008.9333': ['2.532', '2.475', '0.080', '0.00920', '0.99996', '0.00037', '-0.99996',
    '0.00920', '0.00115', '0.00115', '-0.00038', '1.00000']
  '009.0000': ['2.531', '2.450', '0.080', '0.11368', '0.99352', '0.00037', '-0.99352',
    '0.11368', '0.00115', '0.00110', '-0.00049', '1.00000']
  '009.0667': ['2.533', '2.425', '0.080', '0.21691', '0.97619', '0.00037', '-0.97619',
    '0.21691', '0.00115', '0.00104', '-0.00061', '1.00000']
  '009.1333': ['2.539', '2.400', '0.080', '0.25427', '0.96713', '0.00037', '-0.96713',
    '0.25427', '0.00115', '0.00102', '-0.00065', '1.00000']
  '009.2000': ['2.545', '2.376', '0.080', '0.25427', '0.96713', '0.00037', '-0.96713',
    '0.25427', '0.00115', '0.00102', '-0.00065', '1.00000']
  '009.2667': ['2.552', '2.351', '0.080', '0.25427', '0.96713', '0.00037', '-0.96713',
    '0.25427', '0.00115', '0.00102', '-0.00065', '1.00000']
  '009.3333': ['2.558', '2.327', '0.080', '0.25427', '0.96713', '0.00037', '-0.96713',
    '0.25427', '0.00115', '0.00102', '-0.00065', '1.00000']
  '009.4000': ['2.565', '2.303', '0.080', '0.25427', '0.96713', '0.00037', '-0.96713',
    '0.25427', '0.00115', '0.00102', '-0.00065', '1.00000']
  '009.4667': ['2.571', '2.278', '0.080', '0.25427', '0.96713', '0.00037', '-0.96713',
    '0.25427', '0.00115', '0.00102', '-0.00065', '1.00000']
  '009.5333': ['2.577', '2.254', '0.080', '0.25427', '0.96713', '0.00037', '-0.96713',
    '0.25427', '0.00115', '0.00102', '-0.00065', '1.00000']
