begin_time_stamp: 1574101414.466665
data_header:
  time_stamp: [x, y, z, R11, R12, R13, R21, R22, R23, R31, R32, R33]
trajectory_data:
  '000.0000': ['2.766', '1.740', '0.080', '0.07122', '-0.99746', '0.00067', '0.99746',
    '0.07122', '0.00001', '-0.00006', '0.00067', '1.00000']
  '000.0667': ['2.768', '1.764', '0.080', '-0.01757', '-0.99985', '0.00060', '0.99985',
    '-0.01757', '0.00007', '-0.00006', '0.00060', '1.00000']
  '000.1333': ['2.769', '1.786', '0.080', '-0.02202', '-0.99976', '0.00059', '0.99976',
    '-0.02202', '0.00012', '-0.00010', '0.00059', '1.00000']
  '000.2000': ['2.768', '1.809', '0.080', '-0.02657', '-0.99965', '0.00057', '0.99965',
    '-0.02657', '0.00018', '-0.00017', '0.00057', '1.00000']
  '000.2667': ['2.767', '1.835', '0.080', '-0.02894', '-0.99958', '0.00053', '0.99958',
    '-0.02894', '0.00023', '-0.00021', '0.00054', '1.00000']
  '000.3333': ['2.765', '1.860', '0.080', '-0.02721', '-0.99963', '0.00052', '0.99963',
    '-0.02721', '0.00025', '-0.00024', '0.00052', '1.00000']
  '000.4000': ['2.764', '1.884', '0.080', '-0.02112', '-0.99978', '0.00052', '0.99978',
    '-0.02112', '0.00023', '-0.00022', '0.00053', '1.00000']
  '000.4667': ['2.761', '1.907', '0.080', '-0.00705', '-0.99997', '0.00053', '0.99998',
    '-0.00705', '0.00020', '-0.00020', '0.00054', '1.00000']
  '000.5333': ['2.759', '1.931', '0.080', '-0.06974', '-0.99757', '0.00051', '0.99757',
    '-0.06974', '0.00021', '-0.00018', '0.00052', '1.00000']
  '000.6000': ['2.756', '1.957', '0.080', '-0.14829', '-0.98894', '0.00049', '0.98894',
    '-0.14829', '0.00022', '-0.00014', '0.00052', '1.00000']
  '000.6667': ['2.751', '1.982', '0.080', '-0.22446', '-0.97448', '0.00050', '0.97448',
    '-0.22446', '0.00022', '-0.00010', '0.00054', '1.00000']
  '000.7333': ['2.742', '2.008', '0.080', '-0.29417', '-0.95575', '0.00048', '0.95575',
    '-0.29417', '0.00024', '-0.00009', '0.00053', '1.00000']
  '000.8000': ['2.736', '2.030', '0.080', '-0.36874', '-0.92953', '0.00045', '0.92953',
    '-0.36874', '0.00023', '-0.00005', '0.00051', '1.00000']
  '000.8667': ['2.729', '2.051', '0.080', '-0.44725', '-0.89441', '0.00042', '0.89441',
    '-0.44725', '0.00025', '-0.00003', '0.00049', '1.00000']
  '000.9333': ['2.719', '2.075', '0.080', '-0.52859', '-0.84887', '0.00039', '0.84887',
    '-0.52859', '0.00027', '-0.00002', '0.00047', '1.00000']
  '001.0000': ['2.704', '2.096', '0.080', '-0.60634', '-0.79521', '0.00035', '0.79521',
    '-0.60634', '0.00026', '0.00001', '0.00044', '1.00000']
  '001.0667': ['2.689', '2.116', '0.080', '-0.68243', '-0.73095', '0.00032', '0.73095',
    '-0.68243', '0.00026', '0.00003', '0.00041', '1.00000']
  '001.1333': ['2.671', '2.136', '0.080', '-0.75549', '-0.65516', '0.00027', '0.65516',
    '-0.75549', '0.00027', '0.00003', '0.00039', '1.00000']
  '001.2000': ['2.652', '2.153', '0.080', '-0.82230', '-0.56906', '0.00021', '0.56906',
    '-0.82230', '0.00027', '0.00002', '0.00035', '1.00000']
  '001.2667': ['2.633', '2.167', '0.080', '-0.88132', '-0.47251', '0.00016', '0.47251',
    '-0.88132', '0.00026', '0.00002', '0.00030', '1.00000']
  '001.3333': ['2.612', '2.179', '0.080', '-0.93123', '-0.36444', '0.00011', '0.36444',
    '-0.93123', '0.00024', '0.00002', '0.00027', '1.00000']
  '001.4000': ['2.591', '2.189', '0.080', '-0.95458', '-0.29795', '0.00006', '0.29795',
    '-0.95458', '0.00024', '-0.00001', '0.00024', '1.00000']
  '001.4667': ['2.569', '2.197', '0.080', '-0.96207', '-0.27280', '0.00004', '0.27280',
    '-0.96207', '0.00020', '-0.00002', '0.00020', '1.00000']
  '001.5333': ['2.544', '2.203', '0.080', '-0.96826', '-0.24993', '0.00002', '0.24993',
    '-0.96826', '0.00020', '-0.00003', '0.00020', '1.00000']
  '001.6000': ['2.518', '2.207', '0.080', '-0.97471', '-0.22347', '-0.00001', '0.22347',
    '-0.97471', '0.00022', '-0.00006', '0.00021', '1.00000']
  '001.6667': ['2.495', '2.211', '0.080', '-0.99351', '-0.11375', '-0.00004', '0.11375',
    '-0.99351', '0.00020', '-0.00006', '0.00020', '1.00000']
  '001.7333': ['2.470', '2.213', '0.080', '-0.99999', '-0.00506', '-0.00005', '0.00506',
    '-0.99999', '0.00021', '-0.00005', '0.00021', '1.00000']
  '001.8000': ['2.442', '2.214', '0.080', '-0.99560', '0.09367', '-0.00009', '-0.09367',
    '-0.99560', '0.00022', '-0.00007', '0.00022', '1.00000']
  '001.8667': ['2.417', '2.212', '0.080', '-0.99400', '0.10937', '-0.00011', '-0.10937',
    '-0.99400', '0.00022', '-0.00009', '0.00023', '1.00000']
  '001.9333': ['2.394', '2.210', '0.080', '-0.99155', '0.12976', '-0.00013', '-0.12976',
    '-0.99155', '0.00022', '-0.00010', '0.00024', '1.00000']
  '002.0000': ['2.371', '2.207', '0.080', '-0.98836', '0.15214', '-0.00015', '-0.15214',
    '-0.98836', '0.00025', '-0.00011', '0.00027', '1.00000']
  '002.0667': ['2.349', '2.204', '0.080', '-0.98454', '0.17513', '-0.00017', '-0.17513',
    '-0.98454', '0.00026', '-0.00012', '0.00029', '1.00000']
  '002.1333': ['2.323', '2.198', '0.080', '-0.98977', '0.14268', '-0.00020', '-0.14268',
    '-0.98977', '0.00030', '-0.00015', '0.00032', '1.00000']
  '002.2000': ['2.295', '2.192', '0.080', '-0.99772', '0.06749', '-0.00018', '-0.06749',
    '-0.99772', '0.00032', '-0.00016', '0.00033', '1.00000']
  '002.2667': ['2.268', '2.188', '0.080', '-0.99706', '0.07658', '-0.00021', '-0.07658',
    '-0.99706', '0.00034', '-0.00018', '0.00035', '1.00000']
  '002.3333': ['2.244', '2.184', '0.080', '-0.99689', '0.07877', '-0.00021', '-0.07877',
    '-0.99689', '0.00040', '-0.00018', '0.00041', '1.00000']
  '002.4000': ['2.223', '2.181', '0.080', '-0.99695', '0.07808', '-0.00027', '-0.07808',
    '-0.99695', '0.00041', '-0.00023', '0.00042', '1.00000']
  '002.4667': ['2.199', '2.179', '0.080', '-0.99708', '0.07632', '-0.00030', '-0.07632',
    '-0.99708', '0.00043', '-0.00026', '0.00045', '1.00000']
  '002.5333': ['2.173', '2.176', '0.080', '-0.99727', '0.07389', '-0.00033', '-0.07390',
    '-0.99727', '0.00044', '-0.00029', '0.00047', '1.00000']
  '002.6000': ['2.151', '2.175', '0.080', '-0.99728', '0.07374', '-0.00037', '-0.07374',
    '-0.99728', '0.00047', '-0.00033', '0.00049', '1.00000']
  '002.6667': ['2.128', '2.174', '0.080', '-0.99991', '-0.01322', '-0.00041', '0.01322',
    '-0.99991', '0.00053', '-0.00041', '0.00052', '1.00000']
  '002.7333': ['2.099', '2.180', '0.080', '-0.99895', '-0.04579', '-0.00061', '0.04579',
    '-0.99895', '0.00073', '-0.00064', '0.00070', '1.00000']
  '002.8000': ['2.074', '2.182', '0.080', '-0.99943', '-0.03363', '-0.00070', '0.03363',
    '-0.99943', '0.00072', '-0.00072', '0.00070', '1.00000']
  '002.8667': ['2.050', '2.180', '0.080', '-0.99967', '-0.02578', '-0.00078', '0.02578',
    '-0.99967', '0.00071', '-0.00080', '0.00069', '1.00000']
  '002.9333': ['2.026', '2.178', '0.080', '-0.99975', '-0.02240', '-0.00082', '0.02240',
    '-0.99975', '0.00069', '-0.00083', '0.00067', '1.00000']
  '003.0000': ['1.995', '2.173', '0.080', '-0.99963', '-0.02725', '-0.00056', '0.02725',
    '-0.99963', '0.00041', '-0.00057', '0.00040', '1.00000']
  '003.0667': ['1.968', '2.173', '0.080', '-0.99951', '-0.03119', '-0.00059', '0.03119',
    '-0.99951', '0.00040', '-0.00060', '0.00038', '1.00000']
  '003.1333': ['1.937', '2.172', '0.080', '-0.99934', '-0.03629', '-0.00049', '0.03629',
    '-0.99934', '0.00027', '-0.00050', '0.00025', '1.00000']
  '003.2000': ['1.906', '2.175', '0.080', '-0.99942', '-0.03410', '-0.00044', '0.03410',
    '-0.99942', '0.00027', '-0.00045', '0.00026', '1.00000']
  '003.2667': ['1.876', '2.179', '0.080', '-0.99977', '-0.02151', '-0.00044', '0.02151',
    '-0.99977', '0.00023', '-0.00044', '0.00022', '1.00000']
  '003.3333': ['1.837', '2.182', '0.080', '-0.99841', '-0.05630', '-0.00029', '0.05630',
    '-0.99841', '0.00013', '-0.00030', '0.00011', '1.00000']
  '003.4000': ['1.807', '2.185', '0.080', '-0.99143', '-0.13062', '-0.00030', '0.13062',
    '-0.99143', '0.00015', '-0.00032', '0.00011', '1.00000']
  '003.4667': ['1.781', '2.189', '0.080', '-0.97887', '-0.20450', '-0.00033', '0.20450',
    '-0.97887', '0.00017', '-0.00036', '0.00010', '1.00000']
  '003.5333': ['1.752', '2.195', '0.080', '-0.96005', '-0.27984', '-0.00035', '0.27984',
    '-0.96005', '0.00017', '-0.00038', '0.00007', '1.00000']
  '003.6000': ['1.726', '2.203', '0.080', '-0.93413', '-0.35694', '-0.00033', '0.35694',
    '-0.93413', '0.00019', '-0.00038', '0.00006', '1.00000']
  '003.6667': ['1.702', '2.212', '0.080', '-0.90050', '-0.43486', '-0.00028', '0.43486',
    '-0.90050', '0.00020', '-0.00034', '0.00006', '1.00000']
  '003.7333': ['1.677', '2.223', '0.080', '-0.85735', '-0.51473', '-0.00028', '0.51473',
    '-0.85735', '0.00019', '-0.00034', '0.00002', '1.00000']
  '003.8000': ['1.655', '2.235', '0.080', '-0.80383', '-0.59485', '-0.00031', '0.59485',
    '-0.80383', '0.00019', '-0.00036', '-0.00003', '1.00000']
  '003.8667': ['1.634', '2.250', '0.080', '-0.73944', '-0.67323', '-0.00031', '0.67323',
    '-0.73944', '0.00024', '-0.00039', '-0.00004', '1.00000']
  '003.9333': ['1.615', '2.264', '0.080', '-0.66224', '-0.74929', '-0.00032', '0.74929',
    '-0.66224', '0.00028', '-0.00042', '-0.00005', '1.00000']
  '004.0000': ['1.598', '2.282', '0.080', '-0.57276', '-0.81972', '-0.00029', '0.81972',
    '-0.57276', '0.00035', '-0.00046', '-0.00004', '1.00000']
  '004.0667': ['1.584', '2.301', '0.080', '-0.47103', '-0.88212', '-0.00025', '0.88212',
    '-0.47103', '0.00035', '-0.00043', '-0.00006', '1.00000']
  '004.1333': ['1.572', '2.323', '0.080', '-0.35948', '-0.93315', '-0.00025', '0.93315',
    '-0.35948', '0.00035', '-0.00041', '-0.00011', '1.00000']
  '004.2000': ['1.564', '2.353', '0.080', '-0.24430', '-0.96970', '-0.00046', '0.96970',
    '-0.24430', '0.00008', '-0.00019', '-0.00042', '1.00000']
  '004.2667': ['1.558', '2.371', '0.080', '-0.11640', '-0.99320', '-0.00026', '0.99320',
    '-0.11640', '0.00039', '-0.00042', '-0.00021', '1.00000']
  '004.3333': ['1.554', '2.392', '0.080', '-0.00974', '-0.99995', '-0.00025', '0.99995',
    '-0.00974', '0.00042', '-0.00042', '-0.00025', '1.00000']
  '004.4000': ['1.553', '2.414', '0.080', '0.03488', '-0.99939', '-0.00025', '0.99939',
    '0.03488', '0.00041', '-0.00040', '-0.00027', '1.00000']
  '004.4667': ['1.554', '2.440', '0.080', '0.08615', '-0.99628', '-0.00027', '0.99628',
    '0.08615', '0.00037', '-0.00035', '-0.00030', '1.00000']
  '004.5333': ['1.556', '2.462', '0.080', '0.10866', '-0.99408', '-0.00026', '0.99408',
    '0.10866', '0.00041', '-0.00038', '-0.00030', '1.00000']
  '004.6000': ['1.559', '2.484', '0.080', '0.05682', '-0.99838', '-0.00023', '0.99838',
    '0.05682', '0.00041', '-0.00039', '-0.00025', '1.00000']
  '004.6667': ['1.563', '2.508', '0.080', '-0.00238', '-1.00000', '-0.00021', '1.00000',
    '-0.00238', '0.00045', '-0.00045', '-0.00021', '1.00000']
  '004.7333': ['1.563', '2.533', '0.080', '-0.03552', '-0.99937', '-0.00022', '0.99937',
    '-0.03552', '0.00047', '-0.00048', '-0.00020', '1.00000']
  '004.8000': ['1.557', '2.565', '0.080', '0.00474', '-0.99999', '-0.00034', '0.99999',
    '0.00474', '0.00061', '-0.00061', '-0.00035', '1.00000']
  '004.8667': ['1.556', '2.600', '0.080', '0.04588', '-0.99895', '-0.00039', '0.99895',
    '0.04588', '0.00041', '-0.00039', '-0.00041', '1.00000']
  '004.9333': ['1.558', '2.627', '0.080', '0.08602', '-0.99629', '-0.00041', '0.99629',
    '0.08602', '0.00042', '-0.00038', '-0.00044', '1.00000']
  '005.0000': ['1.563', '2.652', '0.080', '0.12085', '-0.99267', '-0.00036', '0.99267',
    '0.12085', '0.00047', '-0.00043', '-0.00041', '1.00000']
  '005.0667': ['1.576', '2.676', '0.080', '0.13744', '-0.99051', '-0.00004', '0.99051',
    '0.13744', '0.00048', '-0.00047', '-0.00011', '1.00000']
  '005.1333': ['1.592', '2.692', '0.080', '0.13134', '-0.99134', '0.00020', '0.99134',
    '0.13134', '0.00036', '-0.00039', '0.00015', '1.00000']
  '005.2000': ['1.598', '2.716', '0.080', '0.12333', '-0.99237', '0.00025', '0.99237',
    '0.12333', '0.00036', '-0.00039', '0.00020', '1.00000']
  '005.2667': ['1.602', '2.745', '0.080', '0.11594', '-0.99326', '0.00025', '0.99326',
    '0.11594', '0.00037', '-0.00040', '0.00020', '1.00000']
  '005.3333': ['1.604', '2.769', '0.080', '0.11149', '-0.99377', '0.00026', '0.99377',
    '0.11149', '0.00041', '-0.00043', '0.00022', '1.00000']
  '005.4000': ['1.606', '2.794', '0.080', '0.11030', '-0.99390', '0.00028', '0.99390',
    '0.11030', '0.00045', '-0.00048', '0.00023', '1.00000']
  '005.4667': ['1.608', '2.821', '0.080', '0.11163', '-0.99375', '0.00028', '0.99375',
    '0.11163', '0.00047', '-0.00050', '0.00022', '1.00000']
  '005.5333': ['1.610', '2.849', '0.080', '0.11659', '-0.99318', '0.00027', '0.99318',
    '0.11659', '0.00047', '-0.00050', '0.00021', '1.00000']
  '005.6000': ['1.612', '2.873', '0.080', '0.12446', '-0.99222', '0.00028', '0.99222',
    '0.12446', '0.00050', '-0.00053', '0.00022', '1.00000']
  '005.6667': ['1.614', '2.898', '0.080', '0.13559', '-0.99076', '0.00031', '0.99076',
    '0.13559', '0.00052', '-0.00056', '0.00024', '1.00000']
  '005.7333': ['1.617', '2.925', '0.080', '0.15078', '-0.98857', '0.00033', '0.98857',
    '0.15078', '0.00056', '-0.00060', '0.00024', '1.00000']
  '005.8000': ['1.620', '2.951', '0.080', '0.17195', '-0.98511', '0.00037', '0.98511',
    '0.17195', '0.00065', '-0.00070', '0.00025', '1.00000']
  '005.8667': ['1.623', '2.976', '0.080', '0.10935', '-0.99400', '0.00040', '0.99400',
    '0.10935', '0.00073', '-0.00077', '0.00032', '1.00000']
  '005.9333': ['1.626', '3.002', '0.080', '0.03579', '-0.99936', '0.00039', '0.99936',
    '0.03579', '0.00079', '-0.00080', '0.00036', '1.00000']
  '006.0000': ['1.627', '3.029', '0.080', '-0.04087', '-0.99916', '0.00036', '0.99916',
    '-0.04087', '0.00078', '-0.00076', '0.00040', '1.00000']
  '006.0667': ['1.627', '3.056', '0.080', '-0.12191', '-0.99254', '0.00034', '0.99254',
    '-0.12190', '0.00076', '-0.00071', '0.00043', '1.00000']
  '006.1333': ['1.624', '3.084', '0.080', '-0.20673', '-0.97840', '0.00035', '0.97840',
    '-0.20673', '0.00072', '-0.00063', '0.00049', '1.00000']
  '006.2000': ['1.618', '3.109', '0.080', '-0.29298', '-0.95612', '0.00037', '0.95612',
    '-0.29298', '0.00073', '-0.00059', '0.00056', '1.00000']
  '006.2667': ['1.613', '3.133', '0.080', '-0.38148', '-0.92438', '0.00036', '0.92438',
    '-0.38148', '0.00071', '-0.00052', '0.00061', '1.00000']
  '006.3333': ['1.604', '3.158', '0.080', '-0.47209', '-0.88155', '0.00039', '0.88155',
    '-0.47209', '0.00070', '-0.00043', '0.00067', '1.00000']
  '006.4000': ['1.604', '3.184', '0.080', '-0.57787', '-0.81613', '0.00066', '0.81613',
    '-0.57787', '0.00066', '-0.00015', '0.00092', '1.00000']
  '006.4667': ['1.596', '3.208', '0.080', '-0.61770', '-0.78642', '0.00067', '0.78642',
    '-0.61770', '0.00066', '-0.00011', '0.00094', '1.00000']
  '006.5333': ['1.589', '3.239', '0.080', '-0.66634', '-0.74565', '0.00050', '0.74565',
    '-0.66634', '0.00082', '-0.00028', '0.00092', '1.00000']
  '006.6000': ['1.577', '3.259', '0.080', '-0.71811', '-0.69593', '0.00038', '0.69593',
    '-0.71811', '0.00086', '-0.00033', '0.00088', '1.00000']
  '006.6667': ['1.561', '3.275', '0.080', '-0.76572', '-0.64317', '0.00027', '0.64317',
    '-0.76572', '0.00090', '-0.00037', '0.00087', '1.00000']
  '006.7333': ['1.541', '3.290', '0.080', '-0.80652', '-0.59121', '0.00009', '0.59121',
    '-0.80652', '0.00096', '-0.00049', '0.00083', '1.00000']
  '006.8000': ['1.521', '3.302', '0.080', '-0.84052', '-0.54177', '-0.00010', '0.54177',
    '-0.84052', '0.00099', '-0.00062', '0.00078', '1.00000']
  '006.8667': ['1.500', '3.313', '0.080', '-0.86919', '-0.49447', '-0.00032', '0.49447',
    '-0.86919', '0.00102', '-0.00078', '0.00073', '1.00000']
  '006.9333': ['1.479', '3.326', '0.080', '-0.89622', '-0.44361', '-0.00060', '0.44361',
    '-0.89622', '0.00106', '-0.00101', '0.00068', '1.00000']
  '007.0000': ['1.467', '3.341', '0.080', '-0.92562', '-0.37844', '-0.00079', '0.37844',
    '-0.92562', '0.00095', '-0.00109', '0.00057', '1.00000']
  '007.0667': ['1.438', '3.346', '0.080', '-0.96999', '-0.24314', '-0.00068', '0.24314',
    '-0.96999', '0.00087', '-0.00087', '0.00068', '1.00000']
  '007.1333': ['1.407', '3.348', '0.080', '-0.99532', '-0.09668', '-0.00058', '0.09668',
    '-0.99531', '0.00080', '-0.00066', '0.00074', '1.00000']
  '007.2000': ['1.374', '3.346', '0.080', '-0.99921', '0.03964', '-0.00050', '-0.03964',
    '-0.99921', '0.00075', '-0.00047', '0.00077', '1.00000']
  '007.2667': ['1.342', '3.340', '0.080', '-0.98637', '0.16454', '-0.00043', '-0.16454',
    '-0.98637', '0.00069', '-0.00031', '0.00075', '1.00000']
  '007.3333': ['1.310', '3.332', '0.080', '-0.96095', '0.27673', '-0.00039', '-0.27673',
    '-0.96095', '0.00064', '-0.00020', '0.00072', '1.00000']
  '007.4000': ['1.278', '3.319', '0.080', '-0.95971', '0.28099', '-0.00036', '-0.28099',
    '-0.95971', '0.00058', '-0.00018', '0.00065', '1.00000']
  '007.4667': ['1.246', '3.306', '0.080', '-0.96047', '0.27840', '-0.00035', '-0.27840',
    '-0.96047', '0.00051', '-0.00019', '0.00059', '1.00000']
  '007.5333': ['1.215', '3.294', '0.080', '-0.96317', '0.26889', '-0.00035', '-0.26889',
    '-0.96317', '0.00044', '-0.00022', '0.00052', '1.00000']
  '007.6000': ['1.183', '3.281', '0.080', '-0.96766', '0.25227', '-0.00038', '-0.25227',
    '-0.96766', '0.00037', '-0.00028', '0.00045', '1.00000']
  '007.6667': ['1.155', '3.274', '0.080', '-0.97149', '0.23708', '-0.00037', '-0.23708',
    '-0.97149', '0.00036', '-0.00027', '0.00044', '1.00000']
  '007.7333': ['1.130', '3.269', '0.080', '-0.96776', '0.25189', '-0.00036', '-0.25189',
    '-0.96776', '0.00036', '-0.00026', '0.00044', '1.00000']
  '007.8000': ['1.106', '3.264', '0.080', '-0.93978', '0.34179', '-0.00037', '-0.34179',
    '-0.93978', '0.00031', '-0.00024', '0.00042', '1.00000']
  '007.8667': ['1.081', '3.258', '0.080', '-0.90060', '0.43465', '-0.00035', '-0.43465',
    '-0.90060', '0.00031', '-0.00018', '0.00043', '1.00000']
  '007.9333': ['1.058', '3.248', '0.080', '-0.85023', '0.52641', '-0.00035', '-0.52641',
    '-0.85023', '0.00031', '-0.00013', '0.00044', '1.00000']
  '008.0000': ['1.037', '3.235', '0.080', '-0.79055', '0.61240', '-0.00035', '-0.61240',
    '-0.79055', '0.00031', '-0.00008', '0.00045', '1.00000']
  '008.0667': ['1.017', '3.220', '0.080', '-0.77833', '0.62786', '-0.00035', '-0.62786',
    '-0.77833', '0.00031', '-0.00008', '0.00046', '1.00000']
  '008.1333': ['0.997', '3.204', '0.080', '-0.77833', '0.62786', '-0.00035', '-0.62786',
    '-0.77833', '0.00031', '-0.00008', '0.00046', '1.00000']
  '008.2000': ['0.978', '3.188', '0.080', '-0.77833', '0.62786', '-0.00035', '-0.62786',
    '-0.77833', '0.00031', '-0.00008', '0.00046', '1.00000']
  '008.2667': ['0.958', '3.172', '0.080', '-0.82159', '0.57008', '-0.00035', '-0.57008',
    '-0.82159', '0.00031', '-0.00011', '0.00045', '1.00000']
  '008.3333': ['0.938', '3.157', '0.080', '-0.87668', '0.48107', '-0.00035', '-0.48108',
    '-0.87668', '0.00031', '-0.00016', '0.00044', '1.00000']
  '008.4000': ['0.916', '3.144', '0.080', '-0.92216', '0.38680', '-0.00035', '-0.38680',
    '-0.92216', '0.00031', '-0.00020', '0.00042', '1.00000']
  '008.4667': ['0.894', '3.134', '0.080', '-0.95755', '0.28828', '-0.00035', '-0.28828',
    '-0.95755', '0.00031', '-0.00024', '0.00039', '1.00000']
  '008.5333': ['0.870', '3.126', '0.080', '-0.98243', '0.18661', '-0.00035', '-0.18661',
    '-0.98243', '0.00031', '-0.00028', '0.00037', '1.00000']
  '008.6000': ['0.845', '3.120', '0.080', '-0.99656', '0.08289', '-0.00035', '-0.08289',
    '-0.99656', '0.00031', '-0.00032', '0.00034', '1.00000']
  '008.6667': ['0.820', '3.118', '0.080', '-0.99976', '-0.02174', '-0.00035', '0.02174',
    '-0.99976', '0.00031', '-0.00035', '0.00030', '1.00000']
  '008.7333': ['0.795', '3.117', '0.080', '-0.99201', '-0.12613', '-0.00035', '0.12613',
    '-0.99201', '0.00031', '-0.00038', '0.00026', '1.00000']
  '008.8000': ['0.770', '3.120', '0.080', '-0.97339', '-0.22914', '-0.00035', '0.22914',
    '-0.97339', '0.00031', '-0.00041', '0.00022', '1.00000']
  '008.8667': ['0.745', '3.126', '0.080', '-0.96502', '-0.26217', '-0.00035', '0.26217',
    '-0.96502', '0.00031', '-0.00041', '0.00021', '1.00000']
  '008.9333': ['0.721', '3.132', '0.080', '-0.96502', '-0.26217', '-0.00035', '0.26217',
    '-0.96502', '0.00031', '-0.00041', '0.00021', '1.00000']
  '009.0000': ['0.697', '3.139', '0.080', '-0.96502', '-0.26217', '-0.00035', '0.26217',
    '-0.96502', '0.00031', '-0.00041', '0.00021', '1.00000']
  '009.0667': ['0.672', '3.146', '0.080', '-0.96502', '-0.26217', '-0.00035', '0.26217',
    '-0.96502', '0.00031', '-0.00041', '0.00021', '1.00000']
  '009.1333': ['0.648', '3.152', '0.080', '-0.96502', '-0.26217', '-0.00035', '0.26217',
    '-0.96502', '0.00031', '-0.00041', '0.00021', '1.00000']
  '009.2000': ['0.624', '3.160', '0.080', '-0.98601', '-0.16666', '-0.00035', '0.16666',
    '-0.98601', '0.00031', '-0.00039', '0.00025', '1.00000']
  '009.2667': ['0.599', '3.164', '0.080', '-0.99803', '-0.06267', '-0.00035', '0.06267',
    '-0.99803', '0.00031', '-0.00036', '0.00029', '1.00000']
  '009.3333': ['0.574', '3.166', '0.080', '-0.99912', '0.04200', '-0.00035', '-0.04200',
    '-0.99912', '0.00031', '-0.00033', '0.00032', '1.00000']
  '009.4000': ['0.549', '3.166', '0.080', '-0.98925', '0.14621', '-0.00035', '-0.14621',
    '-0.98925', '0.00031', '-0.00030', '0.00035', '1.00000']
  '009.4667': ['0.524', '3.163', '0.080', '-0.96855', '0.24882', '-0.00035', '-0.24882',
    '-0.96855', '0.00031', '-0.00026', '0.00038', '1.00000']
  '009.5333': ['0.499', '3.158', '0.080', '-0.93723', '0.34870', '-0.00035', '-0.34870',
    '-0.93723', '0.00031', '-0.00022', '0.00041', '1.00000']
  '009.6000': ['0.476', '3.149', '0.080', '-0.89565', '0.44476', '-0.00035', '-0.44476',
    '-0.89565', '0.00031', '-0.00017', '0.00043', '1.00000']
