begin_time_stamp: 1574101484.4666631
data_header:
  time_stamp: [x, y, z, R11, R12, R13, R21, R22, R23, R31, R32, R33]
trajectory_data:
  '000.0000': ['2.520', '1.569', '0.080', '-0.37028', '0.92892', '0.00012', '-0.92892',
    '-0.37028', '-0.00003', '0.00001', '-0.00012', '1.00000']
  '000.0667': ['2.511', '1.547', '0.080', '-0.27272', '0.96209', '0.00000', '-0.96209',
    '-0.27272', '-0.00007', '-0.00006', '-0.00002', '1.00000']
  '000.1333': ['2.506', '1.525', '0.080', '-0.17433', '0.98469', '-0.00015', '-0.98469',
    '-0.17433', '-0.00008', '-0.00011', '0.00013', '1.00000']
  '000.2000': ['2.503', '1.502', '0.080', '-0.07509', '0.99718', '-0.00048', '-0.99718',
    '-0.07509', '-0.00013', '-0.00016', '0.00047', '1.00000']
  '000.2667': ['2.498', '1.483', '0.080', '0.01628', '0.99987', '-0.00017', '-0.99987',
    '0.01628', '-0.00026', '-0.00026', '0.00018', '1.00000']
  '000.3333': ['2.495', '1.463', '0.080', '0.02669', '0.99964', '-0.00003', '-0.99964',
    '0.02669', '-0.00035', '-0.00035', '0.00004', '1.00000']
  '000.4000': ['2.494', '1.442', '0.080', '0.04196', '0.99912', '0.00004', '-0.99912',
    '0.04196', '-0.00038', '-0.00038', '-0.00003', '1.00000']
  '000.4667': ['2.494', '1.420', '0.080', '0.05925', '0.99824', '0.00010', '-0.99824',
    '0.05925', '-0.00037', '-0.00037', '-0.00008', '1.00000']
  '000.5333': ['2.495', '1.393', '0.080', '0.07679', '0.99705', '0.00014', '-0.99705',
    '0.07679', '-0.00038', '-0.00039', '-0.00011', '1.00000']
  '000.6000': ['2.498', '1.368', '0.080', '0.09362', '0.99561', '0.00014', '-0.99561',
    '0.09362', '-0.00043', '-0.00044', '-0.00010', '1.00000']
  '000.6667': ['2.500', '1.345', '0.080', '0.09810', '0.99518', '0.00015', '-0.99518',
    '0.09810', '-0.00044', '-0.00045', '-0.00011', '1.00000']
  '000.7333': ['2.504', '1.321', '0.080', '0.00777', '0.99997', '0.00014', '-0.99997',
    '0.00777', '-0.00048', '-0.00048', '-0.00014', '1.00000']
  '000.8000': ['2.506', '1.294', '0.080', '-0.02883', '0.99958', '0.00015', '-0.99958',
    '-0.02883', '-0.00054', '-0.00053', '-0.00017', '1.00000']
  '000.8667': ['2.508', '1.269', '0.080', '-0.02625', '0.99966', '0.00012', '-0.99966',
    '-0.02625', '-0.00058', '-0.00058', '-0.00014', '1.00000']
  '000.9333': ['2.509', '1.245', '0.080', '-0.02850', '0.99959', '0.00010', '-0.99959',
    '-0.02850', '-0.00060', '-0.00060', '-0.00012', '1.00000']
  '001.0000': ['2.509', '1.222', '0.080', '-0.03463', '0.99940', '0.00010', '-0.99940',
    '-0.03463', '-0.00061', '-0.00061', '-0.00012', '1.00000']
  '001.0667': ['2.510', '1.199', '0.080', '-0.04368', '0.99905', '0.00011', '-0.99905',
    '-0.04368', '-0.00063', '-0.00062', '-0.00013', '1.00000']
  '001.1333': ['2.509', '1.176', '0.080', '-0.05507', '0.99848', '0.00011', '-0.99848',
    '-0.05507', '-0.00065', '-0.00064', '-0.00014', '1.00000']
  '001.2000': ['2.509', '1.148', '0.080', '-0.06944', '0.99759', '0.00009', '-0.99759',
    '-0.06944', '-0.00070', '-0.00069', '-0.00014', '1.00000']
  '001.2667': ['2.508', '1.122', '0.080', '-0.08735', '0.99618', '0.00008', '-0.99618',
    '-0.08735', '-0.00070', '-0.00069', '-0.00014', '1.00000']
  '001.3333': ['2.508', '1.098', '0.080', '-0.10990', '0.99394', '0.00012', '-0.99394',
    '-0.10990', '-0.00070', '-0.00068', '-0.00019', '1.00000']
  '001.4000': ['2.505', '1.075', '0.080', '-0.08518', '0.99637', '0.00012', '-0.99637',
    '-0.08518', '-0.00067', '-0.00066', '-0.00018', '1.00000']
  '001.4667': ['2.501', '1.052', '0.080', '-0.00414', '0.99999', '0.00009', '-0.99999',
    '-0.00414', '-0.00060', '-0.00060', '-0.00010', '1.00000']
  '001.5333': ['2.494', '1.034', '0.080', '0.01512', '0.99989', '-0.00013', '-0.99989',
    '0.01512', '-0.00043', '-0.00043', '0.00014', '1.00000']
  '001.6000': ['2.492', '1.012', '0.080', '0.01088', '0.99994', '-0.00012', '-0.99994',
    '0.01088', '-0.00041', '-0.00041', '0.00012', '1.00000']
  '001.6667': ['2.492', '0.985', '0.080', '0.00798', '0.99997', '-0.00014', '-0.99997',
    '0.00798', '-0.00039', '-0.00039', '0.00015', '1.00000']
  '001.7333': ['2.493', '0.954', '0.080', '0.00448', '0.99999', '-0.00015', '-0.99999',
    '0.00448', '-0.00039', '-0.00039', '0.00015', '1.00000']
  '001.8000': ['2.493', '0.927', '0.080', '-0.00070', '1.00000', '-0.00014', '-1.00000',
    '-0.00070', '-0.00037', '-0.00037', '0.00014', '1.00000']
  '001.8667': ['2.493', '0.902', '0.080', '-0.00622', '0.99998', '-0.00018', '-0.99998',
    '-0.00622', '-0.00034', '-0.00034', '0.00017', '1.00000']
  '001.9333': ['2.489', '0.880', '0.080', '-0.00459', '0.99999', '-0.00046', '-0.99999',
    '-0.00459', '-0.00032', '-0.00032', '0.00046', '1.00000']
  '002.0000': ['2.487', '0.856', '0.080', '-0.00062', '1.00000', '-0.00052', '-1.00000',
    '-0.00062', '-0.00034', '-0.00034', '0.00052', '1.00000']
  '002.0667': ['2.487', '0.829', '0.080', '0.00274', '1.00000', '-0.00056', '-1.00000',
    '0.00274', '-0.00033', '-0.00033', '0.00056', '1.00000']
  '002.1333': ['2.486', '0.804', '0.080', '0.00870', '0.99996', '-0.00054', '-0.99996',
    '0.00870', '-0.00037', '-0.00036', '0.00054', '1.00000']
  '002.2000': ['2.486', '0.779', '0.080', '0.01579', '0.99988', '-0.00052', '-0.99988',
    '0.01579', '-0.00038', '-0.00037', '0.00053', '1.00000']
  '002.2667': ['2.486', '0.754', '0.080', '0.02430', '0.99970', '-0.00053', '-0.99970',
    '0.02430', '-0.00038', '-0.00037', '0.00054', '1.00000']
  '002.3333': ['2.486', '0.730', '0.080', '0.03507', '0.99938', '-0.00053', '-0.99938',
    '0.03507', '-0.00042', '-0.00041', '0.00055', '1.00000']
  '002.4000': ['2.486', '0.705', '0.080', '0.04807', '0.99884', '-0.00054', '-0.99884',
    '0.04807', '-0.00044', '-0.00041', '0.00056', '1.00000']
  '002.4667': ['2.487', '0.678', '0.080', '0.06393', '0.99795', '-0.00057', '-0.99795',
    '0.06393', '-0.00043', '-0.00039', '0.00060', '1.00000']
  '002.5333': ['2.487', '0.651', '0.080', '0.01703', '0.99985', '-0.00060', '-0.99985',
    '0.01703', '-0.00037', '-0.00036', '0.00061', '1.00000']
  '002.6000': ['2.487', '0.628', '0.080', '-0.06222', '0.99806', '-0.00065', '-0.99806',
    '-0.06222', '-0.00032', '-0.00036', '0.00063', '1.00000']
  '002.6667': ['2.484', '0.606', '0.080', '-0.13808', '0.99042', '-0.00063', '-0.99042',
    '-0.13808', '-0.00034', '-0.00042', '0.00058', '1.00000']
  '002.7333': ['2.481', '0.580', '0.080', '-0.21333', '0.97698', '-0.00062', '-0.97698',
    '-0.21333', '-0.00043', '-0.00055', '0.00051', '1.00000']
  '002.8000': ['2.474', '0.556', '0.080', '-0.28465', '0.95863', '-0.00060', '-0.95863',
    '-0.28465', '-0.00039', '-0.00055', '0.00047', '1.00000']
  '002.8667': ['2.466', '0.532', '0.080', '-0.35030', '0.93664', '-0.00060', '-0.93664',
    '-0.35030', '-0.00039', '-0.00057', '0.00042', '1.00000']
  '002.9333': ['2.455', '0.508', '0.080', '-0.41030', '0.91195', '-0.00060', '-0.91195',
    '-0.41030', '-0.00040', '-0.00061', '0.00038', '1.00000']
  '003.0000': ['2.443', '0.485', '0.080', '-0.46479', '0.88542', '-0.00060', '-0.88542',
    '-0.46479', '-0.00044', '-0.00067', '0.00033', '1.00000']
  '003.0667': ['2.430', '0.462', '0.080', '-0.51398', '0.85780', '-0.00062', '-0.85780',
    '-0.51398', '-0.00051', '-0.00075', '0.00027', '1.00000']
  '003.1333': ['2.413', '0.443', '0.080', '-0.55170', '0.83405', '-0.00059', '-0.83404',
    '-0.55170', '-0.00052', '-0.00076', '0.00020', '1.00000']
  '003.2000': ['2.396', '0.427', '0.080', '-0.57671', '0.81695', '-0.00060', '-0.81695',
    '-0.57671', '-0.00057', '-0.00081', '0.00016', '1.00000']
  '003.2667': ['2.377', '0.412', '0.080', '-0.58501', '0.81102', '-0.00054', '-0.81102',
    '-0.58501', '-0.00060', '-0.00080', '0.00009', '1.00000']
  '003.3333': ['2.359', '0.399', '0.080', '-0.57683', '0.81686', '-0.00054', '-0.81686',
    '-0.57683', '-0.00059', '-0.00079', '0.00010', '1.00000']
  '003.4000': ['2.340', '0.388', '0.080', '-0.54070', '0.84122', '-0.00048', '-0.84122',
    '-0.54070', '-0.00059', '-0.00075', '0.00009', '1.00000']
  '003.4667': ['2.320', '0.376', '0.080', '-0.39084', '0.92046', '-0.00035', '-0.92046',
    '-0.39084', '-0.00061', '-0.00070', '0.00008', '1.00000']
  '003.5333': ['2.308', '0.361', '0.080', '-0.20614', '0.97852', '-0.00025', '-0.97852',
    '-0.20614', '-0.00057', '-0.00060', '0.00012', '1.00000']
  '003.6000': ['2.308', '0.335', '0.080', '-0.00963', '0.99995', '-0.00013', '-0.99995',
    '-0.00963', '-0.00046', '-0.00046', '0.00012', '1.00000']
  '003.6667': ['2.335', '0.280', '0.080', '0.13348', '0.99105', '0.00006', '-0.99105',
    '0.13348', '-0.00029', '-0.00030', '-0.00002', '1.00000']
  '003.7333': ['2.367', '0.225', '0.080', '0.15762', '0.98750', '0.00023', '-0.98750',
    '0.15762', '-0.00013', '-0.00016', '-0.00021', '1.00000']
  '003.8000': ['2.399', '0.170', '0.080', '0.07910', '0.99687', '0.00039', '-0.99687',
    '0.07910', '0.00002', '-0.00001', '-0.00039', '1.00000']
  '003.8667': ['2.429', '0.116', '0.080', '-0.06212', '0.99807', '0.00054', '-0.99807',
    '-0.06212', '0.00014', '0.00018', '-0.00053', '1.00000']
  '003.9333': ['2.454', '0.062', '0.080', '-0.22390', '0.97461', '0.00069', '-0.97461',
    '-0.22390', '0.00023', '0.00038', '-0.00062', '1.00000']
  '004.0000': ['2.464', '0.027', '0.080', '-0.35892', '0.93337', '0.00076', '-0.93337',
    '-0.35892', '0.00023', '0.00049', '-0.00062', '1.00000']
  '004.0667': ['2.463', '0.002', '0.080', '-0.50002', '0.86602', '0.00074', '-0.86602',
    '-0.50002', '0.00019', '0.00053', '-0.00054', '1.00000']
  '004.1333': ['2.457', '-0.014', '0.080', '-0.63057', '0.77613', '0.00075', '-0.77613',
    '-0.63057', '0.00013', '0.00057', '-0.00050', '1.00000']
  '004.2000': ['2.446', '-0.025', '0.080', '-0.74260', '0.66974', '0.00073', '-0.66974',
    '-0.74260', '0.00006', '0.00059', '-0.00044', '1.00000']
  '004.2667': ['2.431', '-0.032', '0.080', '-0.83222', '0.55445', '0.00071', '-0.55445',
    '-0.83222', '0.00001', '0.00060', '-0.00039', '1.00000']
  '004.3333': ['2.414', '-0.036', '0.080', '-0.89902', '0.43792', '0.00071', '-0.43792',
    '-0.89902', '-0.00006', '0.00061', '-0.00036', '1.00000']
  '004.4000': ['2.396', '-0.039', '0.080', '-0.94662', '0.32235', '0.00068', '-0.32235',
    '-0.94662', '-0.00010', '0.00061', '-0.00031', '1.00000']
  '004.4667': ['2.376', '-0.041', '0.080', '-0.97772', '0.20992', '0.00065', '-0.20992',
    '-0.97772', '-0.00014', '0.00060', '-0.00028', '1.00000']
  '004.5333': ['2.356', '-0.040', '0.080', '-0.99477', '0.10218', '0.00062', '-0.10218',
    '-0.99477', '-0.00018', '0.00060', '-0.00024', '1.00000']
  '004.6000': ['2.334', '-0.039', '0.080', '-1.00000', '-0.00109', '0.00059', '0.00109',
    '-1.00000', '-0.00021', '0.00059', '-0.00021', '1.00000']
  '004.6667': ['2.311', '-0.035', '0.080', '-0.99509', '-0.09892', '0.00056', '0.09892',
    '-0.99510', '-0.00024', '0.00058', '-0.00018', '1.00000']
  '004.7333': ['2.287', '-0.029', '0.080', '-0.98161', '-0.19090', '0.00054', '0.19090',
    '-0.98161', '-0.00027', '0.00058', '-0.00017', '1.00000']
  '004.8000': ['2.261', '-0.021', '0.080', '-0.96058', '-0.27801', '0.00051', '0.27801',
    '-0.96058', '-0.00030', '0.00057', '-0.00014', '1.00000']
  '004.8667': ['2.232', '-0.010', '0.080', '-0.93318', '-0.35941', '0.00048', '0.35941',
    '-0.93318', '-0.00032', '0.00056', '-0.00012', '1.00000']
  '004.9333': ['2.200', '0.004', '0.080', '-0.90087', '-0.43409', '0.00045', '0.43409',
    '-0.90087', '-0.00033', '0.00054', '-0.00010', '1.00000']
  '005.0000': ['2.163', '0.024', '0.080', '-0.86746', '-0.49750', '0.00041', '0.49750',
    '-0.86746', '-0.00032', '0.00051', '-0.00007', '1.00000']
  '005.0667': ['2.117', '0.054', '0.080', '-0.88372', '-0.46801', '0.00037', '0.46801',
    '-0.88372', '-0.00030', '0.00047', '-0.00009', '1.00000']
  '005.1333': ['2.024', '0.113', '0.080', '-0.88566', '-0.46433', '0.00018', '0.46433',
    '-0.88566', '-0.00022', '0.00026', '-0.00011', '1.00000']
  '005.2000': ['1.951', '0.161', '0.080', '-0.88063', '-0.47380', '0.00007', '0.47380',
    '-0.88063', '-0.00018', '0.00014', '-0.00012', '1.00000']
  '005.2667': ['1.881', '0.208', '0.080', '-0.88714', '-0.46150', '-0.00002', '0.46150',
    '-0.88714', '-0.00015', '0.00005', '-0.00014', '1.00000']
  '005.3333': ['1.803', '0.263', '0.080', '-0.90638', '-0.42247', '-0.00012', '0.42247',
    '-0.90638', '-0.00012', '-0.00006', '-0.00016', '1.00000']
  '005.4000': ['1.674', '0.358', '0.080', '-0.97522', '-0.22123', '-0.00031', '0.22123',
    '-0.97522', '-0.00009', '-0.00028', '-0.00016', '1.00000']
  '005.4667': ['1.634', '0.370', '0.080', '-0.98827', '-0.15271', '-0.00032', '0.15271',
    '-0.98827', '-0.00009', '-0.00031', '-0.00014', '1.00000']
  '005.5333': ['1.603', '0.373', '0.080', '-0.99556', '-0.09416', '-0.00033', '0.09416',
    '-0.99556', '-0.00009', '-0.00032', '-0.00013', '1.00000']
  '005.6000': ['1.576', '0.373', '0.080', '-0.99901', '-0.04450', '-0.00032', '0.04450',
    '-0.99901', '-0.00010', '-0.00031', '-0.00011', '1.00000']
  '005.6667': ['1.552', '0.373', '0.080', '-1.00000', '-0.00131', '-0.00030', '0.00131',
    '-1.00000', '-0.00010', '-0.00030', '-0.00010', '1.00000']
  '005.7333': ['1.529', '0.371', '0.080', '-0.99989', '0.01455', '-0.00029', '-0.01455',
    '-0.99989', '-0.00013', '-0.00029', '-0.00012', '1.00000']
  '005.8000': ['1.505', '0.369', '0.080', '-0.99843', '-0.05603', '-0.00028', '0.05603',
    '-0.99843', '-0.00014', '-0.00027', '-0.00016', '1.00000']
  '005.8667': ['1.483', '0.369', '0.080', '-0.99145', '-0.13050', '-0.00027', '0.13050',
    '-0.99145', '-0.00017', '-0.00024', '-0.00021', '1.00000']
  '005.9333': ['1.461', '0.370', '0.080', '-0.98471', '-0.17418', '-0.00025', '0.17418',
    '-0.98471', '-0.00018', '-0.00021', '-0.00022', '1.00000']
  '006.0000': ['1.439', '0.373', '0.080', '-0.98765', '-0.15669', '-0.00022', '0.15669',
    '-0.98765', '-0.00023', '-0.00018', '-0.00026', '1.00000']
  '006.0667': ['1.414', '0.374', '0.080', '-0.98937', '-0.14540', '-0.00017', '0.14540',
    '-0.98937', '-0.00022', '-0.00014', '-0.00024', '1.00000']
  '006.1333': ['1.391', '0.377', '0.080', '-0.99072', '-0.13592', '-0.00016', '0.13592',
    '-0.99072', '-0.00023', '-0.00013', '-0.00025', '1.00000']
  '006.2000': ['1.369', '0.381', '0.080', '-0.99211', '-0.12538', '-0.00014', '0.12538',
    '-0.99211', '-0.00024', '-0.00011', '-0.00025', '1.00000']
  '006.2667': ['1.345', '0.385', '0.080', '-0.99354', '-0.11346', '-0.00013', '0.11346',
    '-0.99354', '-0.00022', '-0.00010', '-0.00023', '1.00000']
  '006.3333': ['1.322', '0.389', '0.080', '-0.99523', '-0.09760', '-0.00009', '0.09760',
    '-0.99523', '-0.00022', '-0.00007', '-0.00023', '1.00000']
  '006.4000': ['1.302', '0.398', '0.080', '-0.99767', '-0.06820', '0.00003', '0.06820',
    '-0.99767', '-0.00025', '0.00005', '-0.00025', '1.00000']
  '006.4667': ['1.289', '0.412', '0.080', '-0.99738', '-0.07227', '0.00076', '0.07227',
    '-0.99739', '-0.00031', '0.00078', '-0.00026', '1.00000']
  '006.5333': ['1.269', '0.413', '0.080', '-0.99281', '-0.11974', '0.00068', '0.11974',
    '-0.99281', '-0.00032', '0.00072', '-0.00024', '1.00000']
  '006.6000': ['1.257', '0.403', '0.080', '-0.98253', '-0.18612', '0.00039', '0.18612',
    '-0.98253', '-0.00030', '0.00044', '-0.00022', '1.00000']
  '006.6667': ['1.240', '0.399', '0.080', '-0.96409', '-0.26559', '0.00029', '0.26559',
    '-0.96409', '-0.00028', '0.00035', '-0.00019', '1.00000']
  '006.7333': ['1.229', '0.396', '0.080', '-0.93547', '-0.35340', '0.00023', '0.35340',
    '-0.93547', '-0.00027', '0.00031', '-0.00017', '1.00000']
  '006.8000': ['1.237', '0.387', '0.080', '-0.89424', '-0.44759', '0.00030', '0.44759',
    '-0.89424', '-0.00027', '0.00039', '-0.00011', '1.00000']
  '006.8667': ['1.230', '0.387', '0.080', '-0.84079', '-0.54136', '0.00026', '0.54136',
    '-0.84079', '-0.00028', '0.00037', '-0.00010', '1.00000']
  '006.9333': ['1.212', '0.399', '0.080', '-0.77738', '-0.62903', '0.00024', '0.62903',
    '-0.77738', '-0.00027', '0.00035', '-0.00006', '1.00000']
  '007.0000': ['1.184', '0.423', '0.080', '-0.70679', '-0.70743', '0.00024', '0.70743',
    '-0.70679', '-0.00025', '0.00035', '-0.00000', '1.00000']
  '007.0667': ['1.145', '0.465', '0.080', '-0.63073', '-0.77601', '0.00041', '0.77601',
    '-0.63073', '-0.00012', '0.00035', '0.00024', '1.00000']
  '007.1333': ['1.116', '0.497', '0.080', '-0.54725', '-0.83697', '0.00042', '0.83697',
    '-0.54725', '-0.00008', '0.00030', '0.00030', '1.00000']
  '007.2000': ['1.096', '0.524', '0.080', '-0.54081', '-0.84114', '0.00041', '0.84114',
    '-0.54081', '-0.00005', '0.00026', '0.00032', '1.00000']
  '007.2667': ['1.079', '0.548', '0.080', '-0.53095', '-0.84740', '0.00040', '0.84740',
    '-0.53095', '-0.00001', '0.00022', '0.00033', '1.00000']
  '007.3333': ['1.064', '0.570', '0.080', '-0.51875', '-0.85493', '0.00038', '0.85493',
    '-0.51875', '0.00002', '0.00018', '0.00034', '1.00000']
  '007.4000': ['1.050', '0.591', '0.080', '-0.50495', '-0.86315', '0.00036', '0.86315',
    '-0.50495', '0.00004', '0.00015', '0.00033', '1.00000']
  '007.4667': ['1.039', '0.612', '0.080', '-0.54283', '-0.83984', '0.00034', '0.83984',
    '-0.54283', '0.00006', '0.00013', '0.00032', '1.00000']
  '007.5333': ['1.028', '0.633', '0.080', '-0.61578', '-0.78792', '0.00032', '0.78792',
    '-0.61578', '0.00010', '0.00012', '0.00031', '1.00000']
  '007.6000': ['1.015', '0.652', '0.080', '-0.68556', '-0.72802', '0.00031', '0.72802',
    '-0.68556', '0.00012', '0.00013', '0.00031', '1.00000']
  '007.6667': ['1.001', '0.670', '0.080', '-0.75187', '-0.65931', '0.00029', '0.65931',
    '-0.75187', '0.00013', '0.00013', '0.00029', '1.00000']
  '007.7333': ['0.985', '0.687', '0.080', '-0.81329', '-0.58186', '0.00027', '0.58186',
    '-0.81329', '0.00015', '0.00014', '0.00028', '1.00000']
  '007.8000': ['0.966', '0.701', '0.080', '-0.82616', '-0.56343', '0.00026', '0.56343',
    '-0.82616', '0.00016', '0.00013', '0.00028', '1.00000']
  '007.8667': ['0.947', '0.716', '0.080', '-0.82597', '-0.56372', '0.00026', '0.56372',
    '-0.82597', '0.00016', '0.00012', '0.00028', '1.00000']
  '007.9333': ['0.926', '0.730', '0.080', '-0.82597', '-0.56372', '0.00026', '0.56372',
    '-0.82597', '0.00016', '0.00012', '0.00028', '1.00000']
  '008.0000': ['0.906', '0.745', '0.080', '-0.86640', '-0.49935', '0.00026', '0.49935',
    '-0.86640', '0.00016', '0.00014', '0.00027', '1.00000']
  '008.0667': ['0.884', '0.758', '0.080', '-0.91385', '-0.40605', '0.00026', '0.40605',
    '-0.91385', '0.00016', '0.00017', '0.00025', '1.00000']
  '008.1333': ['0.862', '0.769', '0.080', '-0.95129', '-0.30830', '0.00026', '0.30830',
    '-0.95129', '0.00016', '0.00019', '0.00023', '1.00000']
  '008.2000': ['0.838', '0.777', '0.080', '-0.96561', '-0.25999', '0.00026', '0.25999',
    '-0.96561', '0.00016', '0.00021', '0.00022', '1.00000']
  '008.2667': ['0.813', '0.783', '0.080', '-0.96561', '-0.25999', '0.00026', '0.25999',
    '-0.96561', '0.00016', '0.00021', '0.00022', '1.00000']
  '008.3333': ['0.789', '0.790', '0.080', '-0.96561', '-0.25999', '0.00026', '0.25999',
    '-0.96561', '0.00016', '0.00021', '0.00022', '1.00000']
  '008.4000': ['0.765', '0.797', '0.080', '-0.96561', '-0.25999', '0.00026', '0.25999',
    '-0.96561', '0.00016', '0.00021', '0.00022', '1.00000']
  '008.4667': ['0.740', '0.803', '0.080', '-0.96561', '-0.25999', '0.00026', '0.25999',
    '-0.96561', '0.00016', '0.00021', '0.00022', '1.00000']
  '008.5333': ['0.716', '0.810', '0.080', '-0.96561', '-0.25999', '0.00026', '0.25999',
    '-0.96561', '0.00016', '0.00021', '0.00022', '1.00000']
  '008.6000': ['0.691', '0.816', '0.080', '-0.94086', '-0.33879', '0.00026', '0.33879',
    '-0.94086', '0.00016', '0.00019', '0.00024', '1.00000']
  '008.6667': ['0.668', '0.824', '0.080', '-0.91358', '-0.40665', '0.00026', '0.40665',
    '-0.91358', '0.00016', '0.00017', '0.00025', '1.00000']
  '008.7333': ['0.645', '0.834', '0.080', '-0.91358', '-0.40665', '0.00026', '0.40665',
    '-0.91358', '0.00016', '0.00017', '0.00025', '1.00000']
  '008.8000': ['0.622', '0.844', '0.080', '-0.91358', '-0.40665', '0.00026', '0.40665',
    '-0.91358', '0.00016', '0.00017', '0.00025', '1.00000']
  '008.8667': ['0.598', '0.855', '0.080', '-0.91358', '-0.40665', '0.00026', '0.40665',
    '-0.91358', '0.00016', '0.00017', '0.00025', '1.00000']
  '008.9333': ['0.575', '0.865', '0.080', '-0.91358', '-0.40665', '0.00026', '0.40665',
    '-0.91358', '0.00016', '0.00017', '0.00025', '1.00000']
  '009.0000': ['0.552', '0.875', '0.080', '-0.91358', '-0.40665', '0.00026', '0.40665',
    '-0.91358', '0.00016', '0.00017', '0.00025', '1.00000']
  '009.0667': ['0.529', '0.885', '0.080', '-0.91358', '-0.40665', '0.00026', '0.40665',
    '-0.91358', '0.00016', '0.00017', '0.00025', '1.00000']
  '009.1333': ['0.506', '0.895', '0.080', '-0.86761', '-0.49725', '0.00026', '0.49725',
    '-0.86761', '0.00016', '0.00014', '0.00027', '1.00000']
  '009.2000': ['0.484', '0.907', '0.080', '-0.81088', '-0.58522', '0.00026', '0.58522',
    '-0.81088', '0.00016', '0.00011', '0.00028', '1.00000']
  '009.2667': ['0.463', '0.921', '0.080', '-0.74526', '-0.66678', '0.00026', '0.66678',
    '-0.74526', '0.00016', '0.00008', '0.00029', '1.00000']
  '009.3333': ['0.444', '0.937', '0.080', '-0.67147', '-0.74103', '0.00026', '0.74103',
    '-0.67147', '0.00016', '0.00005', '0.00030', '1.00000']
  '009.4000': ['0.427', '0.956', '0.080', '-0.59033', '-0.80716', '0.00026', '0.80716',
    '-0.59033', '0.00016', '0.00002', '0.00030', '1.00000']
  '009.4667': ['0.411', '0.975', '0.080', '-0.50272', '-0.86445', '0.00026', '0.86445',
    '-0.50272', '0.00016', '-0.00001', '0.00030', '1.00000']
  '009.5333': ['0.398', '0.997', '0.080', '-0.40961', '-0.91226', '0.00026', '0.91226',
    '-0.40961', '0.00016', '-0.00004', '0.00030', '1.00000']
