begin_time_stamp: 1574101510.6
data_header:
  time_stamp: [x, y, z, R11, R12, R13, R21, R22, R23, R31, R32, R33]
trajectory_data:
  '000.0000': ['0.993', '2.912', '0.080', '0.99945', '0.03315', '-0.00016', '-0.03315',
    '0.99945', '0.00002', '0.00016', '-0.00001', '1.00000']
  '000.0667': ['0.993', '2.912', '0.080', '0.99945', '0.03306', '-0.00014', '-0.03306',
    '0.99945', '0.00003', '0.00014', '-0.00002', '1.00000']
  '000.1333': ['0.993', '2.912', '0.080', '0.99948', '0.03213', '-0.00015', '-0.03213',
    '0.99948', '0.00002', '0.00015', '-0.00002', '1.00000']
  '000.2000': ['0.994', '2.912', '0.080', '0.99945', '0.03317', '-0.00019', '-0.03317',
    '0.99945', '0.00002', '0.00019', '-0.00002', '1.00000']
  '000.2667': ['0.993', '2.912', '0.080', '0.99947', '0.03267', '-0.00017', '-0.03267',
    '0.99947', '0.00002', '0.00017', '-0.00002', '1.00000']
  '000.3333': ['0.994', '2.911', '0.080', '0.99943', '0.03385', '-0.00020', '-0.03385',
    '0.99943', '0.00005', '0.00020', '-0.00004', '1.00000']
  '000.4000': ['0.993', '2.913', '0.080', '0.99954', '0.03023', '-0.00014', '-0.03023',
    '0.99954', '-0.00000', '0.00014', '0.00001', '1.00000']
  '000.4667': ['0.993', '2.912', '0.080', '0.99952', '0.03082', '-0.00015', '-0.03082',
    '0.99952', '0.00000', '0.00015', '0.00000', '1.00000']
  '000.5333': ['0.993', '2.912', '0.080', '0.99949', '0.03194', '-0.00017', '-0.03194',
    '0.99949', '0.00002', '0.00017', '-0.00002', '1.00000']
  '000.6000': ['0.994', '2.911', '0.080', '0.99947', '0.03242', '-0.00019', '-0.03242',
    '0.99947', '0.00005', '0.00019', '-0.00004', '1.00000']
  '000.6667': ['0.994', '2.911', '0.080', '0.99944', '0.03356', '-0.00020', '-0.03356',
    '0.99944', '0.00003', '0.00020', '-0.00003', '1.00000']
  '000.7333': ['0.993', '2.911', '0.080', '0.99946', '0.03283', '-0.00017', '-0.03283',
    '0.99946', '0.00004', '0.00017', '-0.00004', '1.00000']
  '000.8000': ['0.994', '2.911', '0.080', '0.99946', '0.03287', '-0.00019', '-0.03287',
    '0.99946', '0.00003', '0.00019', '-0.00002', '1.00000']
  '000.8667': ['0.995', '2.912', '0.080', '0.99944', '0.03350', '-0.00023', '-0.03350',
    '0.99944', '0.00002', '0.00023', '-0.00001', '1.00000']
  '000.9333': ['0.993', '2.911', '0.080', '0.99947', '0.03253', '-0.00017', '-0.03253',
    '0.99947', '0.00004', '0.00017', '-0.00003', '1.00000']
  '001.0000': ['0.995', '2.912', '0.080', '0.99946', '0.03274', '-0.00021', '-0.03274',
    '0.99946', '0.00002', '0.00021', '-0.00001', '1.00000']
  '001.0667': ['0.995', '2.911', '0.080', '0.99945', '0.03327', '-0.00021', '-0.03327',
    '0.99945', '0.00003', '0.00021', '-0.00003', '1.00000']
  '001.1333': ['0.995', '2.912', '0.080', '0.99946', '0.03300', '-0.00021', '-0.03300',
    '0.99946', '0.00003', '0.00021', '-0.00002', '1.00000']
  '001.2000': ['0.993', '2.911', '0.080', '0.99948', '0.03225', '-0.00016', '-0.03225',
    '0.99948', '0.00003', '0.00016', '-0.00003', '1.00000']
  '001.2667': ['0.995', '2.912', '0.080', '0.99947', '0.03257', '-0.00021', '-0.03257',
    '0.99947', '0.00001', '0.00021', '0.00000', '1.00000']
  '001.3333': ['1.076', '2.867', '0.080', '1.00000', '-0.00191', '0.00003', '0.00191',
    '1.00000', '-0.00017', '-0.00003', '0.00017', '1.00000']
  '001.4000': ['1.077', '2.865', '0.080', '1.00000', '-0.00295', '0.00002', '0.00295',
    '1.00000', '-0.00017', '-0.00002', '0.00017', '1.00000']
  '001.4667': ['1.076', '2.866', '0.080', '1.00000', '-0.00125', '0.00002', '0.00125',
    '1.00000', '-0.00017', '-0.00002', '0.00017', '1.00000']
  '001.5333': ['1.076', '2.866', '0.080', '1.00000', '-0.00227', '0.00002', '0.00227',
    '1.00000', '-0.00016', '-0.00002', '0.00016', '1.00000']
  '001.6000': ['1.076', '2.867', '0.080', '1.00000', '-0.00255', '0.00002', '0.00255',
    '1.00000', '-0.00018', '-0.00002', '0.00018', '1.00000']
  '001.6667': ['1.076', '2.867', '0.080', '1.00000', '-0.00303', '0.00002', '0.00303',
    '1.00000', '-0.00017', '-0.00002', '0.00017', '1.00000']
  '001.7333': ['1.076', '2.866', '0.080', '1.00000', '-0.00260', '0.00003', '0.00260',
    '1.00000', '-0.00018', '-0.00003', '0.00018', '1.00000']
  '001.8000': ['1.076', '2.867', '0.080', '1.00000', '-0.00139', '0.00003', '0.00139',
    '1.00000', '-0.00018', '-0.00003', '0.00018', '1.00000']
  '001.8667': ['1.076', '2.866', '0.080', '1.00000', '-0.00217', '0.00003', '0.00217',
    '1.00000', '-0.00017', '-0.00003', '0.00017', '1.00000']
  '001.9333': ['1.076', '2.866', '0.080', '1.00000', '-0.00272', '0.00003', '0.00272',
    '1.00000', '-0.00018', '-0.00003', '0.00018', '1.00000']
  '002.0000': ['1.076', '2.866', '0.080', '1.00000', '-0.00125', '0.00003', '0.00125',
    '1.00000', '-0.00017', '-0.00003', '0.00017', '1.00000']
  '002.0667': ['1.076', '2.866', '0.080', '1.00000', '-0.00243', '0.00003', '0.00243',
    '1.00000', '-0.00017', '-0.00003', '0.00017', '1.00000']
  '002.1333': ['1.076', '2.867', '0.080', '1.00000', '-0.00224', '0.00003', '0.00224',
    '1.00000', '-0.00017', '-0.00003', '0.00017', '1.00000']
  '002.2000': ['1.077', '2.866', '0.080', '1.00000', '-0.00197', '0.00002', '0.00197',
    '1.00000', '-0.00017', '-0.00002', '0.00017', '1.00000']
  '002.2667': ['1.077', '2.866', '0.080', '0.99999', '-0.00356', '0.00001', '0.00356',
    '0.99999', '-0.00017', '-0.00001', '0.00017', '1.00000']
  '002.3333': ['1.076', '2.867', '0.080', '1.00000', '-0.00206', '0.00003', '0.00206',
    '1.00000', '-0.00017', '-0.00003', '0.00017', '1.00000']
  '002.4000': ['1.076', '2.866', '0.080', '1.00000', '-0.00280', '0.00003', '0.00280',
    '1.00000', '-0.00018', '-0.00003', '0.00018', '1.00000']
  '002.4667': ['1.076', '2.867', '0.080', '1.00000', '-0.00181', '0.00002', '0.00181',
    '1.00000', '-0.00017', '-0.00002', '0.00017', '1.00000']
  '002.5333': ['1.076', '2.866', '0.080', '1.00000', '-0.00233', '0.00002', '0.00233',
    '1.00000', '-0.00017', '-0.00002', '0.00017', '1.00000']
  '002.6000': ['1.076', '2.866', '0.080', '1.00000', '-0.00263', '0.00003', '0.00263',
    '1.00000', '-0.00017', '-0.00003', '0.00017', '1.00000']
  '002.6667': ['1.077', '2.865', '0.080', '0.99999', '-0.00393', '0.00003', '0.00393',
    '0.99999', '-0.00017', '-0.00003', '0.00017', '1.00000']
  '002.7333': ['1.076', '2.866', '0.080', '1.00000', '-0.00163', '0.00002', '0.00163',
    '1.00000', '-0.00017', '-0.00002', '0.00017', '1.00000']
  '002.8000': ['1.095', '2.846', '0.080', '0.99953', '-0.03053', '-0.00005', '0.03053',
    '0.99953', '-0.00022', '0.00006', '0.00022', '1.00000']
  '002.8667': ['1.095', '2.847', '0.080', '0.99949', '-0.03199', '-0.00005', '0.03199',
    '0.99949', '-0.00023', '0.00006', '0.00022', '1.00000']
  '002.9333': ['1.092', '2.848', '0.080', '0.99947', '-0.03249', '-0.00003', '0.03249',
    '0.99947', '-0.00023', '0.00004', '0.00023', '1.00000']
  '003.0000': ['1.092', '2.848', '0.080', '0.99948', '-0.03226', '-0.00003', '0.03226',
    '0.99948', '-0.00023', '0.00004', '0.00023', '1.00000']
  '003.0667': ['1.091', '2.849', '0.080', '0.99946', '-0.03273', '-0.00004', '0.03273',
    '0.99946', '-0.00024', '0.00005', '0.00023', '1.00000']
  '003.1333': ['1.093', '2.847', '0.080', '0.99948', '-0.03232', '-0.00003', '0.03232',
    '0.99948', '-0.00022', '0.00004', '0.00022', '1.00000']
  '003.2000': ['1.094', '2.847', '0.080', '0.99944', '-0.03333', '-0.00005', '0.03333',
    '0.99944', '-0.00023', '0.00005', '0.00023', '1.00000']
  '003.2667': ['1.094', '2.847', '0.080', '0.99949', '-0.03209', '-0.00005', '0.03209',
    '0.99949', '-0.00022', '0.00005', '0.00022', '1.00000']
  '003.3333': ['1.094', '2.847', '0.080', '0.99948', '-0.03211', '-0.00004', '0.03211',
    '0.99948', '-0.00022', '0.00004', '0.00022', '1.00000']
  '003.4000': ['1.093', '2.847', '0.080', '0.99947', '-0.03252', '-0.00005', '0.03252',
    '0.99947', '-0.00023', '0.00006', '0.00023', '1.00000']
  '003.4667': ['1.092', '2.848', '0.080', '0.99948', '-0.03227', '-0.00004', '0.03227',
    '0.99948', '-0.00023', '0.00004', '0.00023', '1.00000']
  '003.5333': ['1.092', '2.848', '0.080', '0.99949', '-0.03183', '-0.00004', '0.03183',
    '0.99949', '-0.00023', '0.00004', '0.00023', '1.00000']
  '003.6000': ['1.092', '2.849', '0.080', '0.99949', '-0.03206', '-0.00003', '0.03206',
    '0.99949', '-0.00023', '0.00004', '0.00023', '1.00000']
  '003.6667': ['1.093', '2.847', '0.080', '0.99949', '-0.03206', '-0.00003', '0.03206',
    '0.99949', '-0.00022', '0.00004', '0.00022', '1.00000']
  '003.7333': ['1.094', '2.847', '0.080', '0.99953', '-0.03064', '-0.00005', '0.03064',
    '0.99953', '-0.00022', '0.00006', '0.00022', '1.00000']
  '003.8000': ['1.094', '2.847', '0.080', '0.99947', '-0.03242', '-0.00004', '0.03242',
    '0.99947', '-0.00023', '0.00005', '0.00022', '1.00000']
  '003.8667': ['1.091', '2.849', '0.080', '0.99946', '-0.03296', '-0.00004', '0.03296',
    '0.99946', '-0.00024', '0.00005', '0.00024', '1.00000']
  '003.9333': ['1.093', '2.848', '0.080', '0.99942', '-0.03411', '-0.00005', '0.03411',
    '0.99942', '-0.00023', '0.00006', '0.00023', '1.00000']
  '004.0000': ['1.093', '2.848', '0.080', '0.99947', '-0.03263', '-0.00004', '0.03263',
    '0.99947', '-0.00023', '0.00005', '0.00023', '1.00000']
  '004.0667': ['1.091', '2.849', '0.080', '0.99943', '-0.03365', '-0.00004', '0.03365',
    '0.99943', '-0.00024', '0.00005', '0.00024', '1.00000']
  '004.1333': ['1.093', '2.848', '0.080', '0.99951', '-0.03128', '-0.00003', '0.03128',
    '0.99951', '-0.00022', '0.00004', '0.00022', '1.00000']
  '004.2000': ['1.108', '2.838', '0.080', '0.99920', '-0.04001', '0.00001', '0.04001',
    '0.99920', '-0.00034', '0.00001', '0.00034', '1.00000']
  '004.2667': ['1.105', '2.840', '0.080', '0.99910', '-0.04237', '0.00001', '0.04237',
    '0.99910', '-0.00036', '0.00000', '0.00036', '1.00000']
  '004.3333': ['1.105', '2.840', '0.080', '0.99917', '-0.04071', '0.00002', '0.04071',
    '0.99917', '-0.00036', '-0.00000', '0.00036', '1.00000']
  '004.4000': ['1.106', '2.839', '0.080', '0.99915', '-0.04120', '0.00001', '0.04120',
    '0.99915', '-0.00035', '0.00000', '0.00035', '1.00000']
  '004.4667': ['1.107', '2.838', '0.080', '0.99919', '-0.04025', '0.00001', '0.04025',
    '0.99919', '-0.00035', '0.00000', '0.00035', '1.00000']
  '004.5333': ['1.105', '2.840', '0.080', '0.99911', '-0.04223', '0.00001', '0.04223',
    '0.99911', '-0.00036', '0.00000', '0.00036', '1.00000']
  '004.6000': ['1.108', '2.837', '0.080', '0.99924', '-0.03889', '0.00000', '0.03889',
    '0.99924', '-0.00034', '0.00001', '0.00034', '1.00000']
  '004.6667': ['1.108', '2.837', '0.080', '0.99899', '-0.04494', '-0.00000', '0.04494',
    '0.99899', '-0.00035', '0.00002', '0.00035', '1.00000']
  '004.7333': ['1.108', '2.838', '0.080', '0.99915', '-0.04111', '0.00001', '0.04111',
    '0.99915', '-0.00034', '0.00001', '0.00034', '1.00000']
  '004.8000': ['1.105', '2.840', '0.080', '0.99915', '-0.04115', '0.00001', '0.04115',
    '0.99915', '-0.00035', '0.00000', '0.00035', '1.00000']
  '004.8667': ['1.107', '2.838', '0.080', '0.99911', '-0.04220', '0.00001', '0.04220',
    '0.99911', '-0.00035', '0.00001', '0.00035', '1.00000']
  '004.9333': ['1.108', '2.837', '0.080', '0.99906', '-0.04343', '0.00001', '0.04343',
    '0.99906', '-0.00035', '0.00001', '0.00035', '1.00000']
  '005.0000': ['1.109', '2.838', '0.080', '0.99906', '-0.04342', '0.00001', '0.04342',
    '0.99906', '-0.00035', '0.00000', '0.00035', '1.00000']
  '005.0667': ['1.106', '2.839', '0.080', '0.99908', '-0.04282', '0.00002', '0.04282',
    '0.99908', '-0.00035', '-0.00001', '0.00035', '1.00000']
  '005.1333': ['1.108', '2.838', '0.080', '0.99918', '-0.04044', '0.00001', '0.04044',
    '0.99918', '-0.00035', '0.00001', '0.00035', '1.00000']
  '005.2000': ['1.109', '2.837', '0.080', '0.99907', '-0.04323', '0.00000', '0.04323',
    '0.99906', '-0.00035', '0.00001', '0.00035', '1.00000']
  '005.2667': ['1.109', '2.837', '0.080', '0.99917', '-0.04079', '0.00001', '0.04079',
    '0.99917', '-0.00034', '0.00001', '0.00034', '1.00000']
  '005.3333': ['1.108', '2.838', '0.080', '0.99919', '-0.04033', '0.00001', '0.04033',
    '0.99919', '-0.00035', '0.00000', '0.00035', '1.00000']
  '005.4000': ['1.108', '2.837', '0.080', '0.99921', '-0.03984', '0.00001', '0.03984',
    '0.99921', '-0.00035', '0.00000', '0.00035', '1.00000']
  '005.4667': ['1.109', '2.837', '0.080', '0.99920', '-0.03994', '0.00001', '0.03994',
    '0.99920', '-0.00034', '0.00001', '0.00034', '1.00000']
  '005.5333': ['1.107', '2.838', '0.080', '0.99917', '-0.04081', '0.00001', '0.04081',
    '0.99917', '-0.00035', '0.00000', '0.00035', '1.00000']
  '005.6000': ['1.108', '2.837', '0.080', '0.99910', '-0.04240', '0.00001', '0.04240',
    '0.99910', '-0.00035', '0.00000', '0.00035', '1.00000']
  '005.6667': ['1.108', '2.838', '0.080', '0.99907', '-0.04311', '0.00000', '0.04311',
    '0.99907', '-0.00035', '0.00001', '0.00035', '1.00000']
  '005.7333': ['1.110', '2.836', '0.080', '0.99919', '-0.04019', '0.00001', '0.04019',
    '0.99919', '-0.00034', '0.00001', '0.00034', '1.00000']
  '005.8000': ['1.107', '2.837', '0.080', '0.99909', '-0.04256', '0.00001', '0.04256',
    '0.99909', '-0.00035', '0.00000', '0.00035', '1.00000']
  '005.8667': ['1.109', '2.837', '0.080', '0.99916', '-0.04101', '0.00001', '0.04101',
    '0.99916', '-0.00034', '0.00001', '0.00034', '1.00000']
  '005.9333': ['1.111', '2.835', '0.080', '0.99909', '-0.04255', '-0.00001', '0.04255',
    '0.99909', '-0.00034', '0.00002', '0.00034', '1.00000']
  '006.0000': ['1.111', '2.835', '0.080', '0.99910', '-0.04234', '0.00001', '0.04234',
    '0.99910', '-0.00034', '0.00001', '0.00034', '1.00000']
  '006.0667': ['1.109', '2.836', '0.080', '0.99920', '-0.04008', '0.00001', '0.04008',
    '0.99920', '-0.00035', '0.00001', '0.00035', '1.00000']
  '006.1333': ['1.107', '2.838', '0.080', '0.99918', '-0.04052', '0.00001', '0.04052',
    '0.99918', '-0.00035', '0.00000', '0.00036', '1.00000']
  '006.2000': ['1.110', '2.836', '0.080', '0.99914', '-0.04156', '-0.00000', '0.04156',
    '0.99914', '-0.00035', '0.00001', '0.00035', '1.00000']
  '006.2667': ['1.109', '2.837', '0.080', '0.99907', '-0.04314', '0.00000', '0.04314',
    '0.99907', '-0.00035', '0.00001', '0.00035', '1.00000']
  '006.3333': ['1.109', '2.836', '0.080', '0.99916', '-0.04093', '0.00000', '0.04093',
    '0.99916', '-0.00035', '0.00001', '0.00035', '1.00000']
  '006.4000': ['1.108', '2.837', '0.080', '0.99908', '-0.04284', '0.00001', '0.04284',
    '0.99908', '-0.00035', '0.00001', '0.00035', '1.00000']
  '006.4667': ['1.108', '2.837', '0.080', '0.99914', '-0.04137', '0.00001', '0.04137',
    '0.99914', '-0.00035', '0.00001', '0.00035', '1.00000']
  '006.5333': ['1.107', '2.838', '0.080', '0.99912', '-0.04205', '0.00000', '0.04205',
    '0.99912', '-0.00035', '0.00001', '0.00035', '1.00000']
  '006.6000': ['1.109', '2.836', '0.080', '0.99910', '-0.04239', '-0.00000', '0.04239',
    '0.99910', '-0.00035', '0.00002', '0.00035', '1.00000']
  '006.6667': ['1.109', '2.836', '0.080', '0.99906', '-0.04343', '-0.00000', '0.04343',
    '0.99906', '-0.00034', '0.00002', '0.00034', '1.00000']
  '006.7333': ['1.109', '2.837', '0.080', '0.99913', '-0.04180', '-0.00000', '0.04180',
    '0.99913', '-0.00035', '0.00002', '0.00035', '1.00000']
  '006.8000': ['1.108', '2.837', '0.080', '0.99916', '-0.04100', '0.00000', '0.04100',
    '0.99916', '-0.00035', '0.00001', '0.00035', '1.00000']
  '006.8667': ['1.110', '2.836', '0.080', '0.99901', '-0.04452', '-0.00001', '0.04452',
    '0.99901', '-0.00035', '0.00002', '0.00035', '1.00000']
  '006.9333': ['1.109', '2.836', '0.080', '0.99915', '-0.04117', '0.00000', '0.04117',
    '0.99915', '-0.00035', '0.00001', '0.00035', '1.00000']
  '007.0000': ['1.113', '2.834', '0.080', '0.99905', '-0.04354', '-0.00001', '0.04354',
    '0.99905', '-0.00034', '0.00002', '0.00034', '1.00000']
  '007.0667': ['1.108', '2.837', '0.080', '0.99911', '-0.04226', '0.00001', '0.04226',
    '0.99911', '-0.00035', '0.00001', '0.00035', '1.00000']
  '007.1333': ['1.110', '2.835', '0.080', '0.99913', '-0.04178', '-0.00000', '0.04178',
    '0.99913', '-0.00034', '0.00002', '0.00034', '1.00000']
  '007.2000': ['1.112', '2.834', '0.080', '0.99912', '-0.04196', '-0.00001', '0.04196',
    '0.99912', '-0.00034', '0.00002', '0.00034', '1.00000']
  '007.2667': ['1.110', '2.836', '0.080', '0.99922', '-0.03947', '-0.00000', '0.03947',
    '0.99922', '-0.00035', '0.00002', '0.00035', '1.00000']
  '007.3333': ['1.111', '2.834', '0.080', '0.99927', '-0.03819', '-0.00000', '0.03819',
    '0.99927', '-0.00034', '0.00002', '0.00034', '1.00000']
  '007.4000': ['1.112', '2.824', '0.080', '0.99793', '-0.06429', '-0.00024', '0.06429',
    '0.99793', '-0.00026', '0.00025', '0.00025', '1.00000']
  '007.4667': ['1.110', '2.826', '0.080', '0.99777', '-0.06678', '-0.00023', '0.06678',
    '0.99777', '-0.00027', '0.00025', '0.00026', '1.00000']
  '007.5333': ['1.110', '2.826', '0.080', '0.99781', '-0.06619', '-0.00023', '0.06619',
    '0.99781', '-0.00027', '0.00025', '0.00026', '1.00000']
  '007.6000': ['1.109', '2.826', '0.080', '0.99782', '-0.06599', '-0.00023', '0.06599',
    '0.99782', '-0.00027', '0.00024', '0.00026', '1.00000']
  '007.6667': ['1.111', '2.826', '0.080', '0.99770', '-0.06782', '-0.00023', '0.06782',
    '0.99770', '-0.00027', '0.00025', '0.00025', '1.00000']
  '007.7333': ['1.113', '2.824', '0.080', '0.99788', '-0.06508', '-0.00022', '0.06508',
    '0.99788', '-0.00025', '0.00024', '0.00024', '1.00000']
  '007.8000': ['1.111', '2.825', '0.080', '0.99762', '-0.06897', '-0.00023', '0.06897',
    '0.99762', '-0.00026', '0.00025', '0.00025', '1.00000']
  '007.8667': ['1.112', '2.825', '0.080', '0.99756', '-0.06984', '-0.00023', '0.06984',
    '0.99756', '-0.00027', '0.00025', '0.00025', '1.00000']
  '007.9333': ['1.108', '2.827', '0.080', '0.99777', '-0.06672', '-0.00022', '0.06672',
    '0.99777', '-0.00027', '0.00023', '0.00026', '1.00000']
  '008.0000': ['1.112', '2.824', '0.080', '0.99773', '-0.06727', '-0.00023', '0.06727',
    '0.99773', '-0.00026', '0.00024', '0.00025', '1.00000']
  '008.0667': ['1.111', '2.825', '0.080', '0.99709', '-0.07625', '-0.00023', '0.07625',
    '0.99709', '-0.00027', '0.00025', '0.00026', '1.00000']
  '008.1333': ['1.106', '2.829', '0.080', '0.99763', '-0.06882', '-0.00022', '0.06882',
    '0.99763', '-0.00028', '0.00023', '0.00026', '1.00000']
  '008.2000': ['1.109', '2.827', '0.080', '0.99785', '-0.06551', '-0.00022', '0.06551',
    '0.99785', '-0.00027', '0.00024', '0.00026', '1.00000']
  '008.2667': ['1.114', '2.823', '0.080', '0.99779', '-0.06648', '-0.00024', '0.06648',
    '0.99779', '-0.00026', '0.00025', '0.00024', '1.00000']
  '008.3333': ['1.113', '2.824', '0.080', '0.99776', '-0.06689', '-0.00024', '0.06689',
    '0.99776', '-0.00026', '0.00025', '0.00025', '1.00000']
  '008.4000': ['1.116', '2.822', '0.080', '0.99759', '-0.06944', '-0.00025', '0.06944',
    '0.99759', '-0.00026', '0.00026', '0.00024', '1.00000']
  '008.4667': ['1.112', '2.824', '0.080', '0.99772', '-0.06752', '-0.00023', '0.06752',
    '0.99772', '-0.00027', '0.00025', '0.00025', '1.00000']
  '008.5333': ['1.110', '2.826', '0.080', '0.99776', '-0.06694', '-0.00022', '0.06694',
    '0.99776', '-0.00027', '0.00024', '0.00025', '1.00000']
  '008.6000': ['1.111', '2.825', '0.080', '0.99763', '-0.06876', '-0.00023', '0.06876',
    '0.99763', '-0.00027', '0.00025', '0.00026', '1.00000']
  '008.6667': ['1.110', '2.826', '0.080', '0.99778', '-0.06661', '-0.00022', '0.06661',
    '0.99778', '-0.00027', '0.00024', '0.00025', '1.00000']
  '008.7333': ['1.111', '2.825', '0.080', '0.99774', '-0.06726', '-0.00023', '0.06726',
    '0.99774', '-0.00027', '0.00025', '0.00025', '1.00000']
  '008.8000': ['1.114', '2.823', '0.080', '0.99777', '-0.06680', '-0.00023', '0.06680',
    '0.99777', '-0.00026', '0.00025', '0.00025', '1.00000']
  '008.8667': ['1.112', '2.824', '0.080', '0.99763', '-0.06881', '-0.00023', '0.06881',
    '0.99763', '-0.00027', '0.00025', '0.00025', '1.00000']
  '008.9333': ['1.108', '2.827', '0.080', '0.99780', '-0.06629', '-0.00023', '0.06629',
    '0.99780', '-0.00028', '0.00024', '0.00027', '1.00000']
  '009.0000': ['1.112', '2.825', '0.080', '0.99780', '-0.06631', '-0.00023', '0.06631',
    '0.99780', '-0.00027', '0.00025', '0.00026', '1.00000']
  '009.0667': ['1.111', '2.825', '0.080', '0.99752', '-0.07038', '-0.00023', '0.07038',
    '0.99752', '-0.00026', '0.00025', '0.00025', '1.00000']
  '009.1333': ['1.111', '2.825', '0.080', '0.99774', '-0.06718', '-0.00023', '0.06718',
    '0.99774', '-0.00027', '0.00025', '0.00025', '1.00000']
  '009.2000': ['1.112', '2.824', '0.080', '0.99776', '-0.06687', '-0.00023', '0.06687',
    '0.99776', '-0.00027', '0.00025', '0.00025', '1.00000']
  '009.2667': ['1.111', '2.825', '0.080', '0.99792', '-0.06441', '-0.00022', '0.06441',
    '0.99792', '-0.00027', '0.00024', '0.00026', '1.00000']
  '009.3333': ['1.110', '2.826', '0.080', '0.99775', '-0.06698', '-0.00022', '0.06698',
    '0.99775', '-0.00027', '0.00024', '0.00026', '1.00000']
  '009.4000': ['1.112', '2.824', '0.080', '0.99769', '-0.06790', '-0.00023', '0.06790',
    '0.99769', '-0.00027', '0.00024', '0.00026', '1.00000']
  '009.4667': ['1.112', '2.824', '0.080', '0.99771', '-0.06770', '-0.00023', '0.06770',
    '0.99771', '-0.00027', '0.00024', '0.00025', '1.00000']
