begin_time_stamp: 1573651605.9999974
data_header:
  time_stamp: [x, y, z, R11, R12, R13, R21, R22, R23, R31, R32, R33]
trajectory_data:
  '000.0000': ['1.855', '1.347', '0.080', '0.99987', '-0.01632', '-0.00004', '0.01632',
    '0.99987', '-0.00014', '0.00004', '0.00014', '1.00000']
  '000.0667': ['1.857', '1.347', '0.080', '0.99988', '-0.01558', '-0.00004', '0.01558',
    '0.99988', '-0.00014', '0.00004', '0.00014', '1.00000']
  '000.1333': ['1.869', '1.347', '0.080', '0.99990', '-0.01395', '-0.00006', '0.01395',
    '0.99990', '-0.00014', '0.00007', '0.00013', '1.00000']
  '000.2000': ['1.882', '1.348', '0.080', '0.99994', '-0.01049', '-0.00006', '0.01049',
    '0.99994', '-0.00015', '0.00006', '0.00015', '1.00000']
  '000.2667': ['1.900', '1.349', '0.080', '0.99999', '-0.00527', '-0.00006', '0.00527',
    '0.99999', '-0.00017', '0.00006', '0.00017', '1.00000']
  '000.3333': ['1.921', '1.349', '0.080', '1.00000', '0.00013', '-0.00007', '-0.00013',
    '1.00000', '-0.00015', '0.00007', '0.00015', '1.00000']
  '000.4000': ['1.945', '1.349', '0.080', '0.99998', '0.00615', '-0.00012', '-0.00615',
    '0.99998', '-0.00014', '0.00011', '0.00014', '1.00000']
  '000.4667': ['1.969', '1.349', '0.080', '0.99991', '0.01326', '-0.00012', '-0.01326',
    '0.99991', '-0.00019', '0.00012', '0.00019', '1.00000']
  '000.5333': ['1.992', '1.348', '0.080', '0.99981', '0.01969', '-0.00010', '-0.01969',
    '0.99981', '-0.00020', '0.00010', '0.00020', '1.00000']
  '000.6000': ['2.017', '1.345', '0.080', '0.99979', '0.02046', '-0.00011', '-0.02046',
    '0.99979', '-0.00016', '0.00011', '0.00016', '1.00000']
  '000.6667': ['2.038', '1.337', '0.080', '0.99997', '0.00755', '-0.00021', '-0.00755',
    '0.99997', '-0.00005', '0.00021', '0.00005', '1.00000']
  '000.7333': ['2.069', '1.344', '0.080', '0.99994', '0.01136', '-0.00007', '-0.01136',
    '0.99994', '-0.00017', '0.00006', '0.00017', '1.00000']
  '000.8000': ['2.096', '1.347', '0.080', '0.99977', '0.02131', '-0.00004', '-0.02131',
    '0.99977', '-0.00017', '0.00004', '0.00017', '1.00000']
  '000.8667': ['2.123', '1.347', '0.080', '0.99944', '0.03350', '-0.00001', '-0.03350',
    '0.99944', '-0.00017', '0.00001', '0.00017', '1.00000']
  '000.9333': ['2.148', '1.346', '0.080', '0.99898', '0.04521', '-0.00001', '-0.04521',
    '0.99898', '-0.00017', '0.00000', '0.00017', '1.00000']
  '001.0000': ['2.172', '1.342', '0.080', '0.99863', '0.05232', '0.00000', '-0.05232',
    '0.99863', '-0.00017', '-0.00001', '0.00017', '1.00000']
  '001.0667': ['2.192', '1.333', '0.080', '0.99895', '0.04579', '-0.00007', '-0.04579',
    '0.99895', '-0.00012', '0.00007', '0.00013', '1.00000']
  '001.1333': ['2.217', '1.331', '0.080', '0.99925', '0.03873', '-0.00005', '-0.03873',
    '0.99925', '-0.00011', '0.00004', '0.00011', '1.00000']
  '001.2000': ['2.245', '1.330', '0.080', '0.99940', '0.03459', '-0.00002', '-0.03459',
    '0.99940', '-0.00010', '0.00002', '0.00010', '1.00000']
  '001.2667': ['2.272', '1.331', '0.080', '0.99944', '0.03347', '0.00002', '-0.03347',
    '0.99944', '-0.00011', '-0.00003', '0.00011', '1.00000']
  '001.3333': ['2.300', '1.331', '0.080', '0.99940', '0.03469', '0.00005', '-0.03469',
    '0.99940', '-0.00013', '-0.00006', '0.00013', '1.00000']
  '001.4000': ['2.327', '1.330', '0.080', '0.99933', '0.03662', '0.00006', '-0.03662',
    '0.99933', '-0.00013', '-0.00006', '0.00013', '1.00000']
  '001.4667': ['2.354', '1.329', '0.080', '0.99926', '0.03854', '0.00004', '-0.03854',
    '0.99926', '-0.00016', '-0.00005', '0.00016', '1.00000']
  '001.5333': ['2.381', '1.329', '0.080', '0.99910', '0.04246', '0.00007', '-0.04246',
    '0.99910', '-0.00022', '-0.00008', '0.00022', '1.00000']
  '001.6000': ['2.408', '1.329', '0.080', '0.99884', '0.04818', '0.00007', '-0.04818',
    '0.99884', '-0.00022', '-0.00008', '0.00022', '1.00000']
  '001.6667': ['2.434', '1.328', '0.080', '0.99849', '0.05487', '0.00009', '-0.05487',
    '0.99849', '-0.00022', '-0.00010', '0.00021', '1.00000']
  '001.7333': ['2.461', '1.328', '0.080', '0.99799', '0.06338', '0.00009', '-0.06338',
    '0.99799', '-0.00023', '-0.00011', '0.00022', '1.00000']
  '001.8000': ['2.488', '1.327', '0.080', '0.99731', '0.07332', '0.00011', '-0.07332',
    '0.99731', '-0.00023', '-0.00012', '0.00022', '1.00000']
  '001.8667': ['2.515', '1.326', '0.080', '0.99634', '0.08546', '0.00009', '-0.08546',
    '0.99634', '-0.00022', '-0.00011', '0.00021', '1.00000']
  '001.9333': ['2.542', '1.325', '0.080', '0.99500', '0.09986', '0.00008', '-0.09986',
    '0.99500', '-0.00018', '-0.00010', '0.00017', '1.00000']
  '002.0000': ['2.568', '1.323', '0.080', '0.99319', '0.11653', '0.00010', '-0.11653',
    '0.99319', '-0.00019', '-0.00012', '0.00017', '1.00000']
  '002.0667': ['2.596', '1.319', '0.080', '0.99771', '0.06758', '0.00011', '-0.06758',
    '0.99771', '-0.00024', '-0.00013', '0.00024', '1.00000']
  '002.1333': ['2.626', '1.316', '0.080', '0.99982', '-0.01903', '0.00014', '0.01903',
    '0.99982', '-0.00030', '-0.00013', '0.00030', '1.00000']
  '002.2000': ['2.648', '1.314', '0.080', '0.99954', '-0.03037', '0.00020', '0.03037',
    '0.99954', '-0.00031', '-0.00019', '0.00031', '1.00000']
  '002.2667': ['2.664', '1.315', '0.080', '0.99979', '-0.02052', '0.00030', '0.02052',
    '0.99979', '-0.00029', '-0.00029', '0.00030', '1.00000']
  '002.3333': ['2.670', '1.317', '0.080', '0.99993', '-0.01170', '0.00022', '0.01170',
    '0.99993', '-0.00032', '-0.00022', '0.00032', '1.00000']
  '002.4000': ['2.680', '1.317', '0.080', '1.00000', '-0.00178', '0.00018', '0.00178',
    '1.00000', '-0.00032', '-0.00018', '0.00032', '1.00000']
  '002.4667': ['2.690', '1.317', '0.080', '0.99997', '0.00820', '0.00015', '-0.00820',
    '0.99997', '-0.00032', '-0.00016', '0.00032', '1.00000']
  '002.5333': ['2.704', '1.316', '0.080', '0.99986', '0.01672', '0.00017', '-0.01672',
    '0.99986', '-0.00029', '-0.00017', '0.00029', '1.00000']
  '002.6000': ['2.721', '1.315', '0.080', '0.99972', '0.02355', '0.00014', '-0.02355',
    '0.99972', '-0.00026', '-0.00015', '0.00026', '1.00000']
  '002.6667': ['2.743', '1.311', '0.080', '0.99969', '0.02485', '-0.00003', '-0.02485',
    '0.99969', '-0.00028', '0.00003', '0.00028', '1.00000']
  '002.7333': ['2.765', '1.310', '0.080', '0.99969', '0.02480', '-0.00004', '-0.02480',
    '0.99969', '-0.00028', '0.00003', '0.00028', '1.00000']
  '002.8000': ['2.788', '1.310', '0.080', '0.99968', '0.02521', '-0.00003', '-0.02521',
    '0.99968', '-0.00031', '0.00002', '0.00031', '1.00000']
  '002.8667': ['2.814', '1.310', '0.080', '0.99962', '0.02745', '0.00002', '-0.02745',
    '0.99962', '-0.00034', '-0.00003', '0.00034', '1.00000']
  '002.9333': ['2.840', '1.311', '0.080', '0.99946', '0.03292', '0.00007', '-0.03292',
    '0.99946', '-0.00036', '-0.00008', '0.00036', '1.00000']
  '003.0000': ['2.867', '1.311', '0.080', '0.99913', '0.04160', '0.00014', '-0.04160',
    '0.99913', '-0.00041', '-0.00015', '0.00040', '1.00000']
  '003.0667': ['2.893', '1.311', '0.080', '0.99867', '0.05150', '0.00019', '-0.05150',
    '0.99867', '-0.00040', '-0.00021', '0.00039', '1.00000']
  '003.1333': ['2.918', '1.306', '0.080', '0.99841', '0.05644', '-0.00003', '-0.05644',
    '0.99841', '-0.00031', '0.00001', '0.00031', '1.00000']
  '003.2000': ['2.943', '1.305', '0.080', '0.99811', '0.06142', '-0.00003', '-0.06142',
    '0.99811', '-0.00029', '0.00002', '0.00029', '1.00000']
  '003.2667': ['2.969', '1.304', '0.080', '0.99777', '0.06667', '-0.00005', '-0.06667',
    '0.99777', '-0.00029', '0.00003', '0.00030', '1.00000']
  '003.3333': ['2.995', '1.303', '0.080', '0.99732', '0.07315', '-0.00004', '-0.07315',
    '0.99732', '-0.00025', '0.00003', '0.00025', '1.00000']
  '003.4000': ['3.020', '1.301', '0.080', '0.99998', '0.00690', '-0.00003', '-0.00690',
    '0.99998', '-0.00027', '0.00002', '0.00027', '1.00000']
  '003.4667': ['3.046', '1.301', '0.080', '0.99962', '-0.02773', '0.00001', '0.02773',
    '0.99962', '-0.00024', '-0.00000', '0.00024', '1.00000']
  '003.5333': ['3.072', '1.300', '0.080', '0.99960', '-0.02833', '0.00005', '0.02833',
    '0.99960', '-0.00018', '-0.00005', '0.00018', '1.00000']
  '003.6000': ['3.097', '1.298', '0.080', '0.99932', '-0.03699', '0.00001', '0.03699',
    '0.99932', '0.00043', '-0.00003', '-0.00043', '1.00000']
  '003.6667': ['3.124', '1.296', '0.080', '0.99665', '-0.08181', '0.00002', '0.08181',
    '0.99665', '0.00047', '-0.00006', '-0.00047', '1.00000']
  '003.7333': ['3.144', '1.296', '0.080', '0.97767', '-0.21014', '0.00004', '0.21014',
    '0.97767', '0.00048', '-0.00014', '-0.00046', '1.00000']
  '003.8000': ['3.155', '1.294', '0.080', '0.93807', '-0.34645', '0.00009', '0.34645',
    '0.93807', '0.00050', '-0.00026', '-0.00043', '1.00000']
  '003.8667': ['3.162', '1.292', '0.080', '0.87413', '-0.48569', '0.00011', '0.48569',
    '0.87413', '0.00050', '-0.00034', '-0.00038', '1.00000']
  '003.9333': ['3.164', '1.289', '0.080', '0.78487', '-0.61967', '0.00014', '0.61967',
    '0.78487', '0.00051', '-0.00043', '-0.00031', '1.00000']
  '004.0000': ['3.166', '1.284', '0.080', '0.67139', '-0.74110', '0.00021', '0.74110',
    '0.67139', '0.00054', '-0.00054', '-0.00021', '1.00000']
  '004.0667': ['3.167', '1.278', '0.080', '0.56193', '-0.82719', '0.00024', '0.82718',
    '0.56193', '0.00056', '-0.00060', '-0.00011', '1.00000']
  '004.1333': ['3.167', '1.271', '0.080', '0.51031', '-0.85999', '0.00026', '0.85999',
    '0.51031', '0.00056', '-0.00061', '-0.00006', '1.00000']
  '004.2000': ['3.171', '1.272', '0.080', '0.45983', '-0.88801', '0.00027', '0.88801',
    '0.45983', '0.00052', '-0.00059', '-0.00000', '1.00000']
  '004.2667': ['3.180', '1.283', '0.080', '0.41035', '-0.91193', '0.00018', '0.91193',
    '0.41035', '-0.00002', '-0.00005', '0.00017', '1.00000']
  '004.3333': ['3.186', '1.296', '0.080', '0.36553', '-0.93080', '0.00018', '0.93080',
    '0.36553', '-0.00005', '-0.00001', '0.00019', '1.00000']
  '004.4000': ['3.190', '1.314', '0.080', '0.32755', '-0.94483', '0.00019', '0.94483',
    '0.32755', '-0.00005', '-0.00001', '0.00019', '1.00000']
  '004.4667': ['3.195', '1.334', '0.080', '0.29492', '-0.95552', '0.00020', '0.95552',
    '0.29492', '-0.00005', '-0.00001', '0.00020', '1.00000']
  '004.5333': ['3.201', '1.358', '0.080', '0.26555', '-0.96410', '0.00020', '0.96410',
    '0.26555', '-0.00003', '-0.00003', '0.00020', '1.00000']
  '004.6000': ['3.206', '1.384', '0.080', '0.24855', '-0.96862', '0.00020', '0.96862',
    '0.24855', '-0.00001', '-0.00004', '0.00020', '1.00000']
  '004.6667': ['3.209', '1.409', '0.080', '0.32755', '-0.94483', '0.00018', '0.94483',
    '0.32755', '0.00001', '-0.00007', '0.00017', '1.00000']
  '004.7333': ['3.206', '1.428', '0.080', '0.42118', '-0.90698', '0.00014', '0.90698',
    '0.42118', '-0.00001', '-0.00005', '0.00013', '1.00000']
  '004.8000': ['3.212', '1.454', '0.080', '0.46618', '-0.88469', '0.00016', '0.88469',
    '0.46618', '-0.00001', '-0.00007', '0.00015', '1.00000']
  '004.8667': ['3.222', '1.480', '0.080', '0.48269', '-0.87579', '0.00018', '0.87579',
    '0.48269', '-0.00008', '-0.00002', '0.00019', '1.00000']
  '004.9333': ['3.236', '1.507', '0.080', '0.50115', '-0.86536', '0.00017', '0.86536',
    '0.50115', '-0.00013', '0.00003', '0.00021', '1.00000']
  '005.0000': ['3.247', '1.526', '0.080', '0.51821', '-0.85525', '0.00015', '0.85525',
    '0.51821', '-0.00017', '0.00007', '0.00021', '1.00000']
  '005.0667': ['3.256', '1.542', '0.080', '0.53290', '-0.84618', '0.00016', '0.84618',
    '0.53290', '-0.00020', '0.00009', '0.00024', '1.00000']
  '005.1333': ['3.263', '1.555', '0.080', '0.54511', '-0.83837', '0.00016', '0.83837',
    '0.54511', '-0.00022', '0.00010', '0.00026', '1.00000']
  '005.2000': ['3.267', '1.559', '0.080', '0.55540', '-0.83158', '0.00014', '0.83158',
    '0.55540', '-0.00024', '0.00012', '0.00025', '1.00000']
  '005.2667': ['3.265', '1.556', '0.080', '0.56429', '-0.82557', '0.00012', '0.82557',
    '0.56429', '-0.00026', '0.00014', '0.00025', '1.00000']
  '005.3333': ['3.271', '1.564', '0.080', '0.57195', '-0.82029', '0.00013', '0.82029',
    '0.57195', '-0.00025', '0.00013', '0.00025', '1.00000']
  '005.4000': ['3.276', '1.572', '0.080', '0.57871', '-0.81553', '0.00014', '0.81553',
    '0.57871', '-0.00025', '0.00012', '0.00026', '1.00000']
  '005.4667': ['3.283', '1.583', '0.080', '0.58538', '-0.81076', '0.00014', '0.81076',
    '0.58538', '-0.00024', '0.00011', '0.00025', '1.00000']
  '005.5333': ['3.293', '1.596', '0.080', '0.59228', '-0.80573', '0.00014', '0.80573',
    '0.59228', '-0.00024', '0.00011', '0.00025', '1.00000']
  '005.6000': ['3.304', '1.612', '0.080', '0.59974', '-0.80020', '0.00013', '0.80020',
    '0.59974', '-0.00024', '0.00011', '0.00025', '1.00000']
  '005.6667': ['3.315', '1.629', '0.080', '0.60813', '-0.79384', '0.00014', '0.79384',
    '0.60813', '-0.00023', '0.00010', '0.00025', '1.00000']
  '005.7333': ['3.328', '1.648', '0.080', '0.57675', '-0.81692', '0.00015', '0.81692',
    '0.57675', '-0.00022', '0.00009', '0.00025', '1.00000']
  '005.8000': ['3.342', '1.667', '0.080', '0.54095', '-0.84106', '0.00018', '0.84106',
    '0.54095', '-0.00020', '0.00008', '0.00026', '1.00000']
  '005.8667': ['3.355', '1.687', '0.080', '0.54361', '-0.83934', '0.00018', '0.83934',
    '0.54361', '-0.00018', '0.00006', '0.00025', '1.00000']
  '005.9333': ['3.368', '1.707', '0.080', '0.46166', '-0.88706', '0.00021', '0.88706',
    '0.46166', '-0.00013', '0.00002', '0.00024', '1.00000']
  '006.0000': ['3.381', '1.730', '0.080', '0.37084', '-0.92870', '0.00022', '0.92870',
    '0.37084', '-0.00010', '0.00001', '0.00024', '1.00000']
  '006.0667': ['3.384', '1.739', '0.080', '0.26925', '-0.96307', '0.00023', '0.96307',
    '0.26925', '-0.00033', '0.00025', '0.00031', '1.00000']
  '006.1333': ['3.389', '1.747', '0.080', '0.20613', '-0.97853', '0.00020', '0.97853',
    '0.20613', '-0.00030', '0.00025', '0.00026', '1.00000']
  '006.2000': ['3.393', '1.751', '0.080', '0.19039', '-0.98171', '0.00018', '0.98171',
    '0.19039', '-0.00035', '0.00031', '0.00024', '1.00000']
  '006.2667': ['3.395', '1.754', '0.080', '0.17521', '-0.98453', '0.00016', '0.98453',
    '0.17521', '-0.00033', '0.00030', '0.00021', '1.00000']
  '006.3333': ['3.396', '1.755', '0.080', '0.16289', '-0.98664', '0.00016', '0.98664',
    '0.16289', '-0.00033', '0.00030', '0.00021', '1.00000']
  '006.4000': ['3.396', '1.755', '0.080', '0.15317', '-0.98820', '0.00015', '0.98820',
    '0.15317', '-0.00034', '0.00031', '0.00020', '1.00000']
  '006.4667': ['3.396', '1.754', '0.080', '0.14545', '-0.98937', '0.00015', '0.98937',
    '0.14545', '-0.00034', '0.00031', '0.00020', '1.00000']
  '006.5333': ['3.396', '1.752', '0.080', '0.13948', '-0.99023', '0.00015', '0.99023',
    '0.13948', '-0.00033', '0.00031', '0.00020', '1.00000']
  '006.6000': ['3.395', '1.751', '0.080', '0.13494', '-0.99085', '0.00016', '0.99085',
    '0.13494', '-0.00033', '0.00030', '0.00020', '1.00000']
  '006.6667': ['3.397', '1.765', '0.080', '0.13146', '-0.99132', '0.00018', '0.99132',
    '0.13146', '-0.00031', '0.00029', '0.00022', '1.00000']
  '006.7333': ['3.399', '1.778', '0.080', '0.12985', '-0.99153', '0.00018', '0.99153',
    '0.12985', '-0.00028', '0.00025', '0.00022', '1.00000']
  '006.8000': ['3.401', '1.796', '0.080', '0.12952', '-0.99158', '0.00019', '0.99158',
    '0.12952', '-0.00025', '0.00022', '0.00022', '1.00000']
  '006.8667': ['3.404', '1.816', '0.080', '0.13076', '-0.99141', '0.00021', '0.99141',
    '0.13076', '-0.00022', '0.00019', '0.00024', '1.00000']
  '006.9333': ['3.407', '1.839', '0.080', '0.13328', '-0.99108', '0.00020', '0.99108',
    '0.13328', '-0.00022', '0.00019', '0.00023', '1.00000']
  '007.0000': ['3.410', '1.865', '0.080', '0.13664', '-0.99062', '0.00019', '0.99062',
    '0.13664', '-0.00019', '0.00016', '0.00022', '1.00000']
  '007.0667': ['3.415', '1.898', '0.080', '0.14031', '-0.99011', '0.00019', '0.99011',
    '0.14031', '-0.00018', '0.00016', '0.00021', '1.00000']
  '007.1333': ['3.421', '1.939', '0.080', '0.14378', '-0.98961', '0.00030', '0.98961',
    '0.14378', '-0.00009', '0.00005', '0.00031', '1.00000']
  '007.2000': ['3.425', '1.947', '0.080', '0.14801', '-0.98899', '0.00024', '0.98899',
    '0.14801', '-0.00009', '0.00005', '0.00025', '1.00000']
  '007.2667': ['3.430', '1.971', '0.080', '0.15257', '-0.98829', '0.00037', '0.98829',
    '0.15257', '0.00007', '-0.00013', '0.00036', '1.00000']
  '007.3333': ['3.432', '1.977', '0.080', '0.15850', '-0.98736', '0.00038', '0.98736',
    '0.15850', '0.00007', '-0.00013', '0.00037', '1.00000']
  '007.4000': ['3.431', '1.965', '0.080', '0.16617', '-0.98610', '0.00024', '0.98610',
    '0.16617', '-0.00005', '0.00001', '0.00025', '1.00000']
  '007.4667': ['3.432', '1.967', '0.080', '0.08460', '-0.99641', '0.00035', '0.99641',
    '0.08460', '0.00004', '-0.00007', '0.00035', '1.00000']
  '007.5333': ['3.430', '1.942', '0.080', '-0.00139', '-1.00000', '0.00023', '1.00000',
    '-0.00139', '-0.00011', '0.00011', '0.00022', '1.00000']
  '007.6000': ['3.428', '1.911', '0.080', '0.00392', '-0.99999', '0.00017', '0.99999',
    '0.00392', '-0.00022', '0.00022', '0.00017', '1.00000']
  '007.6667': ['3.427', '1.900', '0.080', '0.01108', '-0.99994', '0.00012', '0.99994',
    '0.01108', '-0.00033', '0.00033', '0.00012', '1.00000']
  '007.7333': ['3.425', '1.894', '0.080', '0.02052', '-0.99979', '0.00007', '0.99979',
    '0.02052', '-0.00043', '0.00043', '0.00007', '1.00000']
  '007.8000': ['3.425', '1.901', '0.080', '0.03041', '-0.99954', '0.00007', '0.99954',
    '0.03041', '-0.00044', '0.00044', '0.00008', '1.00000']
  '007.8667': ['3.425', '1.917', '0.080', '0.03917', '-0.99923', '0.00007', '0.99923',
    '0.03917', '-0.00042', '0.00042', '0.00009', '1.00000']
  '007.9333': ['3.426', '1.933', '0.080', '0.04724', '-0.99888', '0.00008', '0.99888',
    '0.04724', '-0.00041', '0.00041', '0.00010', '1.00000']
  '008.0000': ['3.428', '1.956', '0.080', '0.05422', '-0.99853', '0.00008', '0.99853',
    '0.05422', '-0.00037', '0.00037', '0.00010', '1.00000']
  '008.0667': ['3.429', '1.973', '0.080', '0.06071', '-0.99816', '0.00007', '0.99816',
    '0.06071', '-0.00034', '0.00033', '0.00009', '1.00000']
  '008.1333': ['3.430', '1.975', '0.080', '0.06709', '-0.99775', '0.00006', '0.99775',
    '0.06709', '-0.00030', '0.00030', '0.00008', '1.00000']
  '008.2000': ['3.431', '1.998', '0.080', '0.07281', '-0.99735', '0.00005', '0.99735',
    '0.07281', '-0.00028', '0.00028', '0.00007', '1.00000']
  '008.2667': ['3.433', '2.015', '0.080', '0.07910', '-0.99687', '0.00005', '0.99687',
    '0.07910', '-0.00030', '0.00029', '0.00007', '1.00000']
  '008.3333': ['3.433', '2.033', '0.080', '0.08762', '-0.99615', '0.00008', '0.99615',
    '0.08762', '-0.00027', '0.00026', '0.00010', '1.00000']
  '008.4000': ['3.434', '2.050', '0.080', '0.09770', '-0.99522', '0.00010', '0.99522',
    '0.09770', '-0.00025', '0.00024', '0.00013', '1.00000']
  '008.4667': ['3.436', '2.072', '0.080', '0.03982', '-0.99921', '0.00016', '0.99921',
    '0.03982', '-0.00019', '0.00018', '0.00016', '1.00000']
  '008.5333': ['3.436', '2.095', '0.080', '-0.04940', '-0.99878', '0.00021', '0.99878',
    '-0.04940', '-0.00013', '0.00014', '0.00020', '1.00000']
  '008.6000': ['3.436', '2.118', '0.080', '-0.14040', '-0.99010', '0.00024', '0.99010',
    '-0.14040', '-0.00007', '0.00010', '0.00023', '1.00000']
  '008.6667': ['3.435', '2.141', '0.080', '-0.19688', '-0.98043', '0.00025', '0.98043',
    '-0.19688', '-0.00001', '0.00006', '0.00024', '1.00000']
  '008.7333': ['3.432', '2.164', '0.080', '-0.19304', '-0.98119', '0.00025', '0.98119',
    '-0.19304', '0.00005', '-0.00000', '0.00025', '1.00000']
  '008.8000': ['3.428', '2.188', '0.080', '-0.19177', '-0.98144', '0.00022', '0.98144',
    '-0.19177', '0.00006', '-0.00002', '0.00022', '1.00000']
  '008.8667': ['3.424', '2.212', '0.080', '-0.19213', '-0.98137', '0.00018', '0.98137',
    '-0.19213', '0.00007', '-0.00003', '0.00019', '1.00000']
  '008.9333': ['3.421', '2.237', '0.080', '-0.19410', '-0.98098', '0.00015', '0.98098',
    '-0.19410', '0.00008', '-0.00005', '0.00016', '1.00000']
  '009.0000': ['3.415', '2.263', '0.080', '-0.19474', '-0.98085', '0.00014', '0.98085',
    '-0.19474', '0.00007', '-0.00004', '0.00015', '1.00000']
  '009.0667': ['3.410', '2.291', '0.080', '-0.23659', '-0.97161', '0.00011', '0.97161',
    '-0.23659', '0.00004', '-0.00001', '0.00012', '1.00000']
  '009.1333': ['3.403', '2.319', '0.080', '-0.33262', '-0.94306', '0.00009', '0.94306',
    '-0.33262', '0.00001', '0.00002', '0.00009', '1.00000']
  '009.2000': ['3.394', '2.349', '0.080', '-0.42705', '-0.90423', '0.00001', '0.90423',
    '-0.42705', '-0.00005', '0.00005', '-0.00001', '1.00000']
  '009.2667': ['3.384', '2.375', '0.080', '-0.48970', '-0.87189', '-0.00002', '0.87189',
    '-0.48970', '-0.00011', '0.00009', '-0.00007', '1.00000']
  '009.3333': ['3.381', '2.387', '0.080', '-0.49234', '-0.87040', '-0.00005', '0.87040',
    '-0.49234', '-0.00018', '0.00014', '-0.00013', '1.00000']
  '009.4000': ['3.378', '2.395', '0.080', '-0.49624', '-0.86819', '-0.00004', '0.86819',
    '-0.49624', '-0.00021', '0.00016', '-0.00014', '1.00000']
  '009.4667': ['3.376', '2.403', '0.080', '-0.50032', '-0.86584', '-0.00003', '0.86584',
    '-0.50032', '-0.00024', '0.00019', '-0.00014', '1.00000']
  '009.5333': ['3.377', '2.402', '0.080', '-0.50420', '-0.86358', '-0.00002', '0.86358',
    '-0.50420', '-0.00025', '0.00020', '-0.00014', '1.00000']
  '009.6000': ['3.378', '2.401', '0.080', '-0.50807', '-0.86132', '-0.00002', '0.86132',
    '-0.50807', '-0.00025', '0.00021', '-0.00014', '1.00000']
  '009.6667': ['3.377', '2.404', '0.080', '-0.51204', '-0.85896', '-0.00001', '0.85896',
    '-0.51204', '-0.00026', '0.00022', '-0.00014', '1.00000']
  '009.7333': ['3.369', '2.415', '0.080', '-0.51488', '-0.85726', '0.00001', '0.85726',
    '-0.51488', '-0.00027', '0.00023', '-0.00013', '1.00000']
  '009.8000': ['3.361', '2.425', '0.080', '-0.51424', '-0.85765', '0.00010', '0.85765',
    '-0.51424', '-0.00028', '0.00029', '-0.00006', '1.00000']
  '009.8667': ['3.352', '2.435', '0.080', '-0.51015', '-0.86009', '0.00020', '0.86009',
    '-0.51015', '-0.00029', '0.00035', '0.00002', '1.00000']
  '009.9333': ['3.334', '2.452', '0.080', '-0.49417', '-0.86936', '0.00107', '0.86936',
    '-0.49417', '-0.00034', '0.00083', '0.00076', '1.00000']
  '010.0000': ['3.325', '2.470', '0.080', '-0.54593', '-0.83783', '0.00084', '0.83783',
    '-0.54593', '-0.00029', '0.00070', '0.00054', '1.00000']
  '010.0667': ['3.309', '2.494', '0.080', '-0.61865', '-0.78566', '0.00147', '0.78566',
    '-0.61865', '-0.00029', '0.00113', '0.00097', '1.00000']
  '010.1333': ['3.298', '2.517', '0.080', '-0.69561', '-0.71842', '0.00107', '0.71842',
    '-0.69561', '-0.00018', '0.00087', '0.00064', '1.00000']
  '010.2000': ['3.288', '2.537', '0.080', '-0.77263', '-0.63486', '0.00102', '0.63486',
    '-0.77263', '-0.00007', '0.00084', '0.00059', '1.00000']
  '010.2667': ['3.278', '2.553', '0.080', '-0.82789', '-0.56089', '0.00137', '0.56090',
    '-0.82789', '-0.00004', '0.00116', '0.00074', '1.00000']
  '010.3333': ['3.278', '2.560', '0.080', '-0.84061', '-0.54164', '0.00021', '0.54164',
    '-0.84061', '0.00043', '-0.00006', '0.00047', '1.00000']
  '010.4000': ['3.277', '2.565', '0.080', '-0.85342', '-0.52122', '0.00007', '0.52122',
    '-0.85342', '0.00053', '-0.00021', '0.00049', '1.00000']
  '010.4667': ['3.279', '2.566', '0.080', '-0.86462', '-0.50243', '0.00006', '0.50243',
    '-0.86462', '0.00054', '-0.00022', '0.00049', '1.00000']
  '010.5333': ['3.281', '2.567', '0.080', '-0.87539', '-0.48342', '0.00005', '0.48342',
    '-0.87539', '0.00054', '-0.00022', '0.00050', '1.00000']
  '010.6000': ['3.276', '2.571', '0.080', '-0.88481', '-0.46596', '0.00005', '0.46596',
    '-0.88481', '0.00054', '-0.00021', '0.00050', '1.00000']
  '010.6667': ['3.268', '2.575', '0.080', '-0.89263', '-0.45079', '0.00004', '0.45079',
    '-0.89263', '0.00055', '-0.00021', '0.00051', '1.00000']
  '010.7333': ['3.257', '2.579', '0.080', '-0.89871', '-0.43855', '0.00004', '0.43855',
    '-0.89871', '0.00059', '-0.00023', '0.00055', '1.00000']
  '010.8000': ['3.240', '2.587', '0.080', '-0.90323', '-0.42915', '0.00003', '0.42915',
    '-0.90323', '0.00065', '-0.00025', '0.00060', '1.00000']
  '010.8667': ['3.216', '2.598', '0.080', '-0.90658', '-0.42203', '0.00005', '0.42203',
    '-0.90658', '0.00069', '-0.00025', '0.00065', '1.00000']
  '010.9333': ['3.204', '2.604', '0.080', '-0.90936', '-0.41601', '0.00026', '0.41601',
    '-0.90936', '0.00052', '0.00002', '0.00058', '1.00000']
  '011.0000': ['3.191', '2.611', '0.080', '-0.91195', '-0.41029', '0.00017', '0.41029',
    '-0.91195', '0.00054', '-0.00007', '0.00056', '1.00000']
  '011.0667': ['3.185', '2.615', '0.080', '-0.91411', '-0.40548', '0.00016', '0.40548',
    '-0.91411', '0.00054', '-0.00007', '0.00056', '1.00000']
  '011.1333': ['3.185', '2.614', '0.080', '-0.91572', '-0.40181', '0.00016', '0.40181',
    '-0.91572', '0.00056', '-0.00007', '0.00057', '1.00000']
  '011.2000': ['3.190', '2.612', '0.080', '-0.91682', '-0.39931', '0.00016', '0.39931',
    '-0.91682', '0.00055', '-0.00007', '0.00057', '1.00000']
  '011.2667': ['3.183', '2.614', '0.080', '-0.91729', '-0.39821', '0.00017', '0.39821',
    '-0.91729', '0.00056', '-0.00006', '0.00058', '1.00000']
  '011.3333': ['3.177', '2.617', '0.080', '-0.91729', '-0.39822', '0.00015', '0.39822',
    '-0.91729', '0.00059', '-0.00010', '0.00061', '1.00000']
  '011.4000': ['3.166', '2.623', '0.080', '-0.91733', '-0.39812', '0.00009', '0.39812',
    '-0.91733', '0.00062', '-0.00016', '0.00061', '1.00000']
  '011.4667': ['3.149', '2.630', '0.080', '-0.91719', '-0.39844', '0.00005', '0.39844',
    '-0.91719', '0.00067', '-0.00022', '0.00064', '1.00000']
  '011.5333': ['3.132', '2.639', '0.080', '-0.91738', '-0.39802', '0.00002', '0.39802',
    '-0.91738', '0.00068', '-0.00026', '0.00063', '1.00000']
  '011.6000': ['3.130', '2.643', '0.080', '-0.91756', '-0.39760', '0.00002', '0.39760',
    '-0.91756', '0.00032', '-0.00011', '0.00030', '1.00000']
  '011.6667': ['3.117', '2.651', '0.080', '-0.91906', '-0.39412', '0.00004', '0.39412',
    '-0.91906', '0.00023', '-0.00006', '0.00023', '1.00000']
  '011.7333': ['3.105', '2.656', '0.080', '-0.92019', '-0.39146', '0.00011', '0.39146',
    '-0.92019', '0.00024', '0.00001', '0.00026', '1.00000']
  '011.8000': ['3.091', '2.660', '0.080', '-0.92017', '-0.39151', '0.00020', '0.39151',
    '-0.92017', '0.00029', '0.00007', '0.00034', '1.00000']
  '011.8667': ['3.074', '2.665', '0.080', '-0.91887', '-0.39455', '0.00031', '0.39455',
    '-0.91887', '0.00031', '0.00016', '0.00041', '1.00000']
  '011.9333': ['3.056', '2.672', '0.080', '-0.91662', '-0.39975', '0.00039', '0.39975',
    '-0.91662', '0.00032', '0.00023', '0.00044', '1.00000']
  '012.0000': ['3.035', '2.680', '0.080', '-0.91368', '-0.40644', '0.00049', '0.40644',
    '-0.91368', '0.00033', '0.00031', '0.00050', '1.00000']
  '012.0667': ['3.010', '2.690', '0.080', '-0.90993', '-0.41477', '0.00056', '0.41477',
    '-0.90993', '0.00033', '0.00038', '0.00053', '1.00000']
  '012.1333': ['2.985', '2.700', '0.080', '-0.90567', '-0.42398', '0.00066', '0.42398',
    '-0.90567', '0.00035', '0.00045', '0.00060', '1.00000']
  '012.2000': ['2.957', '2.713', '0.080', '-0.90124', '-0.43333', '0.00072', '0.43333',
    '-0.90124', '0.00037', '0.00049', '0.00065', '1.00000']
  '012.2667': ['2.943', '2.721', '0.080', '-0.85195', '-0.52363', '0.00071', '0.52363',
    '-0.85195', '0.00036', '0.00042', '0.00067', '1.00000']
  '012.3333': ['2.933', '2.729', '0.080', '-0.82540', '-0.56455', '0.00049', '0.56455',
    '-0.82540', '0.00027', '0.00025', '0.00050', '1.00000']
  '012.4000': ['2.926', '2.733', '0.080', '-0.81798', '-0.57525', '0.00043', '0.57525',
    '-0.81798', '0.00019', '0.00024', '0.00040', '1.00000']
  '012.4667': ['2.923', '2.736', '0.080', '-0.81078', '-0.58536', '0.00043', '0.58536',
    '-0.81078', '0.00017', '0.00025', '0.00039', '1.00000']
  '012.5333': ['2.921', '2.737', '0.080', '-0.80450', '-0.59396', '0.00043', '0.59396',
    '-0.80450', '0.00016', '0.00025', '0.00039', '1.00000']
  '012.6000': ['2.921', '2.737', '0.080', '-0.79297', '-0.60926', '0.00044', '0.60926',
    '-0.79297', '0.00017', '0.00024', '0.00040', '1.00000']
  '012.6667': ['2.921', '2.736', '0.080', '-0.71941', '-0.69459', '0.00045', '0.69459',
    '-0.71941', '0.00015', '0.00022', '0.00042', '1.00000']
  '012.7333': ['2.922', '2.734', '0.080', '-0.66338', '-0.74828', '0.00044', '0.74828',
    '-0.66338', '0.00016', '0.00017', '0.00043', '1.00000']
  '012.8000': ['2.924', '2.729', '0.080', '-0.65623', '-0.75456', '0.00045', '0.75456',
    '-0.65623', '0.00013', '0.00020', '0.00043', '1.00000']
  '012.8667': ['2.917', '2.736', '0.080', '-0.64840', '-0.76130', '0.00048', '0.76130',
    '-0.64840', '0.00013', '0.00021', '0.00045', '1.00000']
  '012.9333': ['2.910', '2.743', '0.080', '-0.63976', '-0.76858', '0.00059', '0.76858',
    '-0.63976', '0.00014', '0.00027', '0.00054', '1.00000']
  '013.0000': ['2.900', '2.753', '0.080', '-0.63030', '-0.77635', '0.00069', '0.77635',
    '-0.63030', '0.00013', '0.00033', '0.00061', '1.00000']
  '013.0667': ['2.889', '2.767', '0.080', '-0.62036', '-0.78432', '0.00076', '0.78432',
    '-0.62036', '0.00014', '0.00036', '0.00069', '1.00000']
  '013.1333': ['2.876', '2.782', '0.080', '-0.61019', '-0.79225', '0.00081', '0.79225',
    '-0.61019', '0.00019', '0.00034', '0.00076', '1.00000']
  '013.2000': ['2.861', '2.801', '0.080', '-0.60078', '-0.79942', '0.00083', '0.79942',
    '-0.60078', '0.00019', '0.00035', '0.00078', '1.00000']
  '013.2667': ['2.846', '2.823', '0.080', '-0.59218', '-0.80581', '0.00079', '0.80581',
    '-0.59218', '0.00029', '0.00024', '0.00081', '1.00000']
  '013.3333': ['2.834', '2.841', '0.080', '-0.53995', '-0.84170', '0.00068', '0.84170',
    '-0.53995', '0.00032', '0.00010', '0.00075', '1.00000']
  '013.4000': ['2.828', '2.854', '0.080', '-0.44736', '-0.89435', '0.00041', '0.89435',
    '-0.44736', '0.00035', '-0.00013', '0.00052', '1.00000']
  '013.4667': ['2.824', '2.864', '0.080', '-0.43545', '-0.90021', '0.00026', '0.90021',
    '-0.43545', '0.00020', '-0.00007', '0.00032', '1.00000']
  '013.5333': ['2.821', '2.869', '0.080', '-0.42265', '-0.90629', '0.00026', '0.90629',
    '-0.42265', '0.00017', '-0.00005', '0.00031', '1.00000']
  '013.6000': ['2.820', '2.870', '0.080', '-0.41063', '-0.91180', '0.00027', '0.91180',
    '-0.41063', '0.00015', '-0.00002', '0.00031', '1.00000']
  '013.6667': ['2.821', '2.868', '0.080', '-0.39945', '-0.91675', '0.00028', '0.91675',
    '-0.39945', '0.00016', '-0.00003', '0.00032', '1.00000']
  '013.7333': ['2.822', '2.866', '0.080', '-0.38869', '-0.92137', '0.00027', '0.92137',
    '-0.38869', '0.00014', '-0.00002', '0.00031', '1.00000']
  '013.8000': ['2.818', '2.874', '0.080', '-0.37773', '-0.92592', '0.00028', '0.92592',
    '-0.37773', '0.00014', '-0.00002', '0.00031', '1.00000']
  '013.8667': ['2.813', '2.883', '0.080', '-0.36554', '-0.93079', '0.00033', '0.93079',
    '-0.36554', '0.00019', '-0.00006', '0.00038', '1.00000']
  '013.9333': ['2.808', '2.894', '0.080', '-0.35227', '-0.93590', '0.00036', '0.93590',
    '-0.35227', '0.00027', '-0.00012', '0.00043', '1.00000']
  '014.0000': ['2.803', '2.908', '0.080', '-0.33908', '-0.94076', '0.00035', '0.94076',
    '-0.33908', '0.00032', '-0.00018', '0.00044', '1.00000']
  '014.0667': ['2.800', '2.919', '0.080', '-0.32822', '-0.94460', '0.00017', '0.94460',
    '-0.32822', '0.00037', '-0.00029', '0.00028', '1.00000']
  '014.1333': ['2.794', '2.937', '0.080', '-0.31824', '-0.94801', '0.00014', '0.94801',
    '-0.31824', '0.00036', '-0.00030', '0.00024', '1.00000']
  '014.2000': ['2.787', '2.958', '0.080', '-0.30853', '-0.95122', '0.00015', '0.95122',
    '-0.30853', '0.00040', '-0.00033', '0.00027', '1.00000']
  '014.2667': ['2.781', '2.979', '0.080', '-0.29920', '-0.95419', '0.00017', '0.95419',
    '-0.29920', '0.00041', '-0.00034', '0.00029', '1.00000']
  '014.3333': ['2.773', '3.005', '0.080', '-0.29111', '-0.95669', '0.00017', '0.95669',
    '-0.29111', '0.00045', '-0.00038', '0.00029', '1.00000']
  '014.4000': ['2.769', '3.019', '0.080', '-0.28295', '-0.95914', '0.00018', '0.95914',
    '-0.28295', '0.00049', '-0.00042', '0.00031', '1.00000']
  '014.4667': ['2.761', '3.044', '0.080', '-0.27451', '-0.96158', '0.00019', '0.96158',
    '-0.27451', '0.00049', '-0.00042', '0.00032', '1.00000']
  '014.5333': ['2.755', '3.069', '0.080', '-0.26714', '-0.96366', '0.00018', '0.96366',
    '-0.26714', '0.00046', '-0.00040', '0.00029', '1.00000']
  '014.6000': ['2.751', '3.082', '0.080', '-0.25953', '-0.96574', '0.00022', '0.96574',
    '-0.25953', '0.00036', '-0.00029', '0.00031', '1.00000']
  '014.6667': ['2.748', '3.092', '0.080', '-0.25178', '-0.96779', '0.00023', '0.96779',
    '-0.25178', '0.00039', '-0.00032', '0.00032', '1.00000']
  '014.7333': ['2.746', '3.103', '0.080', '-0.24399', '-0.96978', '0.00020', '0.96978',
    '-0.24399', '0.00040', '-0.00034', '0.00029', '1.00000']
  '014.8000': ['2.744', '3.110', '0.080', '-0.23614', '-0.97172', '0.00022', '0.97172',
    '-0.23614', '0.00036', '-0.00030', '0.00030', '1.00000']
  '014.8667': ['2.744', '3.111', '0.080', '-0.22783', '-0.97370', '0.00023', '0.97370',
    '-0.22783', '0.00035', '-0.00029', '0.00030', '1.00000']
  '014.9333': ['2.744', '3.111', '0.080', '-0.29063', '-0.95684', '0.00021', '0.95684',
    '-0.29063', '0.00036', '-0.00028', '0.00030', '1.00000']
  '015.0000': ['2.744', '3.111', '0.080', '-0.38188', '-0.92421', '0.00020', '0.92421',
    '-0.38188', '0.00035', '-0.00025', '0.00032', '1.00000']
  '015.0667': ['2.746', '3.110', '0.080', '-0.42710', '-0.90420', '0.00020', '0.90420',
    '-0.42710', '0.00037', '-0.00025', '0.00034', '1.00000']
  '015.1333': ['2.749', '3.105', '0.080', '-0.42862', '-0.90349', '0.00021', '0.90349',
    '-0.42862', '0.00037', '-0.00024', '0.00035', '1.00000']
  '015.2000': ['2.748', '3.111', '0.080', '-0.43281', '-0.90149', '0.00021', '0.90149',
    '-0.43281', '0.00037', '-0.00024', '0.00035', '1.00000']
  '015.2667': ['2.745', '3.115', '0.080', '-0.43533', '-0.90027', '0.00019', '0.90027',
    '-0.43533', '0.00036', '-0.00025', '0.00033', '1.00000']
  '015.3333': ['2.740', '3.125', '0.080', '-0.43563', '-0.90012', '0.00017', '0.90012',
    '-0.43563', '0.00041', '-0.00029', '0.00034', '1.00000']
  '015.4000': ['2.730', '3.143', '0.080', '-0.43458', '-0.90063', '0.00018', '0.90063',
    '-0.43458', '0.00048', '-0.00035', '0.00036', '1.00000']
  '015.4667': ['2.720', '3.164', '0.080', '-0.43380', '-0.90101', '0.00017', '0.90101',
    '-0.43380', '0.00048', '-0.00036', '0.00036', '1.00000']
  '015.5333': ['2.709', '3.189', '0.080', '-0.43446', '-0.90069', '0.00018', '0.90069',
    '-0.43446', '0.00048', '-0.00036', '0.00037', '1.00000']
  '015.6000': ['2.701', '3.206', '0.080', '-0.43648', '-0.89971', '0.00018', '0.89971',
    '-0.43648', '0.00047', '-0.00034', '0.00037', '1.00000']
  '015.6667': ['2.693', '3.226', '0.080', '-0.48428', '-0.87491', '0.00016', '0.87491',
    '-0.48428', '0.00047', '-0.00033', '0.00037', '1.00000']
  '015.7333': ['2.689', '3.237', '0.080', '-0.57959', '-0.81491', '0.00014', '0.81491',
    '-0.57959', '0.00043', '-0.00027', '0.00037', '1.00000']
  '015.8000': ['2.686', '3.245', '0.080', '-0.67255', '-0.74005', '0.00017', '0.74005',
    '-0.67255', '0.00040', '-0.00019', '0.00039', '1.00000']
  '015.8667': ['2.686', '3.248', '0.080', '-0.76128', '-0.64842', '0.00014', '0.64842',
    '-0.76128', '0.00040', '-0.00016', '0.00040', '1.00000']
  '015.9333': ['2.688', '3.251', '0.080', '-0.84208', '-0.53935', '0.00012', '0.53935',
    '-0.84208', '0.00040', '-0.00011', '0.00040', '1.00000']
  '016.0000': ['2.690', '3.253', '0.080', '-0.90016', '-0.43555', '0.00012', '0.43555',
    '-0.90016', '0.00040', '-0.00007', '0.00041', '1.00000']
  '016.0667': ['2.694', '3.255', '0.080', '-0.91850', '-0.39542', '0.00013', '0.39542',
    '-0.91850', '0.00040', '-0.00004', '0.00042', '1.00000']
  '016.1333': ['2.700', '3.255', '0.080', '-0.93447', '-0.35604', '0.00014', '0.35604',
    '-0.93447', '0.00042', '-0.00002', '0.00044', '1.00000']
  '016.2000': ['2.696', '3.258', '0.080', '-0.94755', '-0.31959', '0.00013', '0.31959',
    '-0.94755', '0.00041', '-0.00000', '0.00043', '1.00000']
  '016.2667': ['2.691', '3.260', '0.080', '-0.95729', '-0.28911', '0.00014', '0.28911',
    '-0.95729', '0.00040', '0.00002', '0.00042', '1.00000']
  '016.3333': ['2.680', '3.263', '0.080', '-0.96430', '-0.26481', '0.00010', '0.26481',
    '-0.96430', '0.00038', '-0.00000', '0.00040', '1.00000']
  '016.4000': ['2.664', '3.266', '0.080', '-0.96915', '-0.24645', '0.00008', '0.24645',
    '-0.96915', '0.00037', '-0.00002', '0.00038', '1.00000']
  '016.4667': ['2.643', '3.270', '0.080', '-0.97238', '-0.23341', '0.00008', '0.23341',
    '-0.97238', '0.00037', '-0.00001', '0.00038', '1.00000']
  '016.5333': ['2.618', '3.275', '0.080', '-0.97443', '-0.22469', '0.00008', '0.22469',
    '-0.97443', '0.00037', '-0.00000', '0.00038', '1.00000']
  '016.6000': ['2.592', '3.280', '0.080', '-0.97560', '-0.21953', '0.00008', '0.21953',
    '-0.97560', '0.00038', '-0.00001', '0.00039', '1.00000']
  '016.6667': ['2.566', '3.285', '0.080', '-0.97628', '-0.21652', '0.00009', '0.21652',
    '-0.97628', '0.00038', '0.00001', '0.00039', '1.00000']
  '016.7333': ['2.537', '3.291', '0.080', '-0.97648', '-0.21562', '0.00011', '0.21562',
    '-0.97648', '0.00036', '0.00002', '0.00038', '1.00000']
  '016.8000': ['2.509', '3.297', '0.080', '-0.97638', '-0.21607', '0.00011', '0.21607',
    '-0.97638', '0.00036', '0.00003', '0.00037', '1.00000']
  '016.8667': ['2.484', '3.302', '0.080', '-0.97593', '-0.21806', '0.00010', '0.21806',
    '-0.97593', '0.00036', '0.00002', '0.00038', '1.00000']
  '016.9333': ['2.468', '3.306', '0.080', '-0.97532', '-0.22082', '0.00010', '0.22082',
    '-0.97532', '0.00036', '0.00002', '0.00038', '1.00000']
  '017.0000': ['2.444', '3.311', '0.080', '-0.97463', '-0.22380', '0.00008', '0.22380',
    '-0.97463', '0.00035', '0.00000', '0.00036', '1.00000']
  '017.0667': ['2.426', '3.316', '0.080', '-0.97397', '-0.22666', '0.00014', '0.22666',
    '-0.97397', '0.00034', '0.00006', '0.00036', '1.00000']
  '017.1333': ['2.411', '3.319', '0.080', '-0.97323', '-0.22985', '0.00015', '0.22985',
    '-0.97323', '0.00034', '0.00007', '0.00036', '1.00000']
  '017.2000': ['2.393', '3.324', '0.080', '-0.97231', '-0.23369', '0.00015', '0.23369',
    '-0.97231', '0.00033', '0.00006', '0.00036', '1.00000']
  '017.2667': ['2.373', '3.329', '0.080', '-0.97120', '-0.23825', '0.00012', '0.23825',
    '-0.97120', '0.00033', '0.00004', '0.00035', '1.00000']
  '017.3333': ['2.347', '3.335', '0.080', '-0.96987', '-0.24364', '0.00006', '0.24364',
    '-0.96987', '0.00036', '-0.00003', '0.00036', '1.00000']
  '017.4000': ['2.322', '3.342', '0.080', '-0.96849', '-0.24905', '0.00006', '0.24905',
    '-0.96849', '0.00034', '-0.00003', '0.00035', '1.00000']
  '017.4667': ['2.300', '3.347', '0.080', '-0.96670', '-0.25590', '0.00002', '0.25590',
    '-0.96670', '0.00036', '-0.00007', '0.00036', '1.00000']
  '017.5333': ['2.276', '3.353', '0.080', '-0.96446', '-0.26421', '0.00004', '0.26421',
    '-0.96446', '0.00039', '-0.00007', '0.00039', '1.00000']
  '017.6000': ['2.246', '3.364', '0.080', '-0.97821', '-0.20763', '0.00003', '0.20763',
    '-0.97821', '0.00038', '-0.00004', '0.00037', '1.00000']
  '017.6666': ['2.218', '3.372', '0.080', '-0.99401', '-0.10933', '-0.00000', '0.10933',
    '-0.99401', '0.00039', '-0.00004', '0.00039', '1.00000']
  '017.7333': ['2.190', '3.377', '0.080', '-0.99564', '-0.09327', '-0.00004', '0.09327',
    '-0.99564', '0.00041', '-0.00008', '0.00041', '1.00000']
  '017.8000': ['2.160', '3.382', '0.080', '-0.99613', '-0.08794', '-0.00008', '0.08794',
    '-0.99613', '0.00041', '-0.00012', '0.00040', '1.00000']
  '017.8666': ['2.146', '3.384', '0.080', '-0.99663', '-0.08206', '-0.00012', '0.08206',
