begin_time_stamp: 1574104064.9999983
data_header:
  time_stamp: [x, y, z, R11, R12, R13, R21, R22, R23, R31, R32, R33]
trajectory_data:
  '000.0000': ['2.791', '1.706', '0.080', '0.23146', '-0.97284', '0.00071', '0.97284',
    '0.23146', '-0.00008', '-0.00009', '0.00071', '1.00000']
  '000.0667': ['2.797', '1.729', '0.080', '0.13097', '-0.99139', '0.00066', '0.99139',
    '0.13097', '0.00000', '-0.00009', '0.00066', '1.00000']
  '000.1333': ['2.801', '1.752', '0.080', '0.12588', '-0.99204', '0.00068', '0.99204',
    '0.12588', '0.00003', '-0.00011', '0.00067', '1.00000']
  '000.2000': ['2.805', '1.772', '0.080', '0.11954', '-0.99283', '0.00064', '0.99283',
    '0.11954', '0.00008', '-0.00015', '0.00063', '1.00000']
  '000.2667': ['2.807', '1.793', '0.080', '0.11389', '-0.99349', '0.00061', '0.99349',
    '0.11389', '0.00009', '-0.00016', '0.00059', '1.00000']
  '000.3333': ['2.810', '1.815', '0.080', '0.10845', '-0.99410', '0.00057', '0.99410',
    '0.10845', '0.00008', '-0.00014', '0.00056', '1.00000']
  '000.4000': ['2.813', '1.838', '0.080', '0.10435', '-0.99454', '0.00057', '0.99454',
    '0.10435', '0.00016', '-0.00022', '0.00055', '1.00000']
  '000.4667': ['2.814', '1.860', '0.080', '0.10405', '-0.99457', '0.00057', '0.99457',
    '0.10405', '0.00021', '-0.00027', '0.00055', '1.00000']
  '000.5333': ['2.815', '1.882', '0.080', '0.10777', '-0.99418', '0.00057', '0.99418',
    '0.10777', '0.00020', '-0.00026', '0.00055', '1.00000']
  '000.6000': ['2.818', '1.906', '0.080', '0.07323', '-0.99731', '0.00057', '0.99732',
    '0.07323', '0.00020', '-0.00024', '0.00055', '1.00000']
  '000.6667': ['2.820', '1.931', '0.080', '-0.02349', '-0.99972', '0.00057', '0.99972',
    '-0.02349', '0.00021', '-0.00020', '0.00058', '1.00000']
  '000.7333': ['2.820', '1.955', '0.080', '-0.03441', '-0.99941', '0.00059', '0.99941',
    '-0.03441', '0.00020', '-0.00018', '0.00060', '1.00000']
  '000.8000': ['2.820', '1.977', '0.080', '-0.03392', '-0.99942', '0.00059', '0.99942',
    '-0.03392', '0.00018', '-0.00016', '0.00060', '1.00000']
  '000.8667': ['2.820', '2.000', '0.080', '-0.03555', '-0.99937', '0.00060', '0.99937',
    '-0.03555', '0.00013', '-0.00011', '0.00060', '1.00000']
  '000.9333': ['2.819', '2.024', '0.080', '-0.03734', '-0.99930', '0.00062', '0.99930',
    '-0.03734', '0.00011', '-0.00009', '0.00062', '1.00000']
  '001.0000': ['2.818', '2.050', '0.080', '-0.03954', '-0.99922', '0.00061', '0.99922',
    '-0.03954', '0.00009', '-0.00006', '0.00062', '1.00000']
  '001.0667': ['2.817', '2.074', '0.080', '-0.04131', '-0.99915', '0.00061', '0.99915',
    '-0.04131', '0.00006', '-0.00004', '0.00061', '1.00000']
  '001.1333': ['2.816', '2.096', '0.080', '-0.04246', '-0.99910', '0.00060', '0.99910',
    '-0.04246', '0.00005', '-0.00002', '0.00060', '1.00000']
  '001.2000': ['2.816', '2.119', '0.080', '-0.04406', '-0.99903', '0.00060', '0.99903',
    '-0.04406', '0.00003', '-0.00000', '0.00060', '1.00000']
  '001.2667': ['2.814', '2.142', '0.080', '-0.04403', '-0.99903', '0.00063', '0.99903',
    '-0.04403', '0.00002', '0.00000', '0.00063', '1.00000']
  '001.3333': ['2.813', '2.166', '0.080', '-0.04398', '-0.99903', '0.00063', '0.99903',
    '-0.04398', '0.00003', '-0.00000', '0.00063', '1.00000']
  '001.4000': ['2.813', '2.193', '0.080', '-0.04509', '-0.99898', '0.00061', '0.99898',
    '-0.04509', '0.00000', '0.00002', '0.00061', '1.00000']
  '001.4667': ['2.812', '2.217', '0.080', '-0.04565', '-0.99896', '0.00062', '0.99896',
    '-0.04565', '0.00001', '0.00002', '0.00062', '1.00000']
  '001.5333': ['2.811', '2.240', '0.080', '-0.04553', '-0.99896', '0.00063', '0.99896',
    '-0.04553', '0.00002', '0.00001', '0.00063', '1.00000']
  '001.6000': ['2.809', '2.265', '0.080', '-0.04539', '-0.99897', '0.00064', '0.99897',
    '-0.04539', '0.00002', '0.00001', '0.00064', '1.00000']
  '001.6667': ['2.807', '2.291', '0.080', '-0.04296', '-0.99908', '0.00063', '0.99908',
    '-0.04296', '0.00004', '-0.00001', '0.00063', '1.00000']
  '001.7333': ['2.802', '2.306', '0.080', '-0.03246', '-0.99947', '0.00066', '0.99947',
    '-0.03246', '0.00002', '0.00000', '0.00066', '1.00000']
  '001.8000': ['2.800', '2.328', '0.080', '-0.01974', '-0.99980', '0.00068', '0.99981',
    '-0.01974', '0.00009', '-0.00008', '0.00068', '1.00000']
  '001.8667': ['2.801', '2.357', '0.080', '-0.00828', '-0.99997', '0.00076', '0.99997',
    '-0.00828', '0.00017', '-0.00016', '0.00076', '1.00000']
  '001.9333': ['2.805', '2.400', '0.080', '-0.00659', '-0.99998', '0.00097', '0.99998',
    '-0.00659', '0.00013', '-0.00012', '0.00097', '1.00000']
  '002.0000': ['2.808', '2.436', '0.080', '-0.01056', '-0.99994', '0.00091', '0.99994',
    '-0.01056', '0.00018', '-0.00017', '0.00092', '1.00000']
  '002.0667': ['2.809', '2.466', '0.080', '-0.01553', '-0.99988', '0.00086', '0.99988',
    '-0.01553', '0.00028', '-0.00026', '0.00086', '1.00000']
  '002.1333': ['2.809', '2.493', '0.080', '-0.02104', '-0.99978', '0.00082', '0.99978',
    '-0.02104', '0.00035', '-0.00033', '0.00082', '1.00000']
  '002.2000': ['2.809', '2.519', '0.080', '-0.02646', '-0.99965', '0.00073', '0.99965',
    '-0.02646', '0.00038', '-0.00036', '0.00074', '1.00000']
  '002.2667': ['2.808', '2.544', '0.080', '-0.03168', '-0.99950', '0.00065', '0.99950',
    '-0.03168', '0.00040', '-0.00038', '0.00067', '1.00000']
  '002.3333': ['2.808', '2.570', '0.080', '-0.03700', '-0.99932', '0.00061', '0.99932',
    '-0.03700', '0.00042', '-0.00040', '0.00062', '1.00000']
  '002.4000': ['2.807', '2.596', '0.080', '-0.04030', '-0.99919', '0.00059', '0.99919',
    '-0.04030', '0.00050', '-0.00047', '0.00061', '1.00000']
  '002.4667': ['2.805', '2.622', '0.080', '-0.04196', '-0.99912', '0.00057', '0.99912',
    '-0.04195', '0.00049', '-0.00046', '0.00059', '1.00000']
  '002.5333': ['2.804', '2.648', '0.080', '-0.04241', '-0.99910', '0.00053', '0.99910',
    '-0.04241', '0.00048', '-0.00046', '0.00055', '1.00000']
  '002.6000': ['2.802', '2.674', '0.080', '-0.04158', '-0.99913', '0.00051', '0.99913',
    '-0.04158', '0.00047', '-0.00045', '0.00053', '1.00000']
  '002.6667': ['2.800', '2.702', '0.080', '-0.03835', '-0.99926', '0.00055', '0.99926',
    '-0.03835', '0.00050', '-0.00047', '0.00057', '1.00000']
  '002.7333': ['2.798', '2.726', '0.080', '-0.03201', '-0.99949', '0.00051', '0.99949',
    '-0.03201', '0.00048', '-0.00046', '0.00053', '1.00000']
  '002.8000': ['2.796', '2.749', '0.080', '-0.02155', '-0.99977', '0.00050', '0.99977',
    '-0.02155', '0.00047', '-0.00046', '0.00051', '1.00000']
  '002.8667': ['2.794', '2.771', '0.080', '-0.00729', '-0.99997', '0.00049', '0.99997',
    '-0.00729', '0.00045', '-0.00045', '0.00050', '1.00000']
  '002.9333': ['2.793', '2.791', '0.080', '0.01144', '-0.99993', '0.00052', '0.99993',
    '0.01144', '0.00042', '-0.00043', '0.00051', '1.00000']
  '003.0000': ['2.793', '2.808', '0.080', '0.03274', '-0.99946', '0.00060', '0.99946',
    '0.03274', '0.00015', '-0.00017', '0.00060', '1.00000']
  '003.0667': ['2.790', '2.821', '0.080', '-0.01437', '-0.99990', '0.00038', '0.99990',
    '-0.01437', '0.00034', '-0.00034', '0.00039', '1.00000']
  '003.1333': ['2.789', '2.841', '0.080', '-0.08903', '-0.99603', '0.00035', '0.99603',
    '-0.08903', '0.00034', '-0.00031', '0.00038', '1.00000']
  '003.2000': ['2.787', '2.868', '0.080', '-0.16553', '-0.98621', '0.00034', '0.98621',
    '-0.16553', '0.00034', '-0.00028', '0.00040', '1.00000']
  '003.2667': ['2.784', '2.894', '0.080', '-0.24521', '-0.96947', '0.00033', '0.96947',
    '-0.24521', '0.00034', '-0.00025', '0.00041', '1.00000']
  '003.3333': ['2.780', '2.917', '0.080', '-0.23230', '-0.97264', '0.00031', '0.97264',
    '-0.23230', '0.00033', '-0.00025', '0.00038', '1.00000']
  '003.4000': ['2.775', '2.939', '0.080', '-0.22130', '-0.97521', '0.00028', '0.97521',
    '-0.22130', '0.00029', '-0.00022', '0.00034', '1.00000']
  '003.4667': ['2.770', '2.962', '0.080', '-0.21016', '-0.97767', '0.00030', '0.97767',
    '-0.21016', '0.00028', '-0.00021', '0.00036', '1.00000']
  '003.5333': ['2.763', '2.987', '0.080', '-0.19403', '-0.98100', '0.00031', '0.98100',
    '-0.19403', '0.00027', '-0.00020', '0.00036', '1.00000']
  '003.6000': ['2.757', '3.010', '0.080', '-0.24264', '-0.97012', '0.00030', '0.97012',
    '-0.24264', '0.00028', '-0.00020', '0.00036', '1.00000']
  '003.6667': ['2.750', '3.032', '0.080', '-0.31624', '-0.94868', '0.00027', '0.94868',
    '-0.31624', '0.00033', '-0.00022', '0.00036', '1.00000']
  '003.7333': ['2.743', '3.055', '0.080', '-0.38812', '-0.92161', '0.00026', '0.92161',
    '-0.38812', '0.00038', '-0.00025', '0.00038', '1.00000']
  '003.8000': ['2.734', '3.080', '0.080', '-0.46186', '-0.88695', '0.00024', '0.88695',
    '-0.46186', '0.00040', '-0.00025', '0.00039', '1.00000']
  '003.8667': ['2.722', '3.106', '0.080', '-0.53715', '-0.84348', '0.00023', '0.84348',
    '-0.53715', '0.00043', '-0.00024', '0.00042', '1.00000']
  '003.9333': ['2.710', '3.129', '0.080', '-0.61276', '-0.79027', '0.00022', '0.79027',
    '-0.61276', '0.00046', '-0.00023', '0.00046', '1.00000']
  '004.0000': ['2.695', '3.152', '0.080', '-0.65214', '-0.75809', '0.00021', '0.75809',
    '-0.65214', '0.00048', '-0.00023', '0.00047', '1.00000']
  '004.0667': ['2.678', '3.175', '0.080', '-0.65441', '-0.75614', '0.00022', '0.75614',
    '-0.65441', '0.00048', '-0.00022', '0.00048', '1.00000']
  '004.1333': ['2.658', '3.198', '0.080', '-0.65727', '-0.75365', '0.00024', '0.75365',
    '-0.65727', '0.00047', '-0.00020', '0.00049', '1.00000']
  '004.2000': ['2.640', '3.216', '0.080', '-0.65549', '-0.75520', '0.00024', '0.75520',
    '-0.65549', '0.00048', '-0.00020', '0.00050', '1.00000']
  '004.2667': ['2.623', '3.231', '0.080', '-0.65229', '-0.75797', '0.00026', '0.75797',
    '-0.65229', '0.00053', '-0.00023', '0.00054', '1.00000']
  '004.3333': ['2.605', '3.249', '0.080', '-0.71354', '-0.70062', '0.00023', '0.70062',
    '-0.71354', '0.00053', '-0.00020', '0.00054', '1.00000']
  '004.4000': ['2.586', '3.268', '0.080', '-0.76817', '-0.64025', '0.00021', '0.64025',
    '-0.76817', '0.00053', '-0.00018', '0.00054', '1.00000']
  '004.4667': ['2.567', '3.286', '0.080', '-0.82014', '-0.57217', '0.00018', '0.57217',
    '-0.82014', '0.00051', '-0.00015', '0.00052', '1.00000']
  '004.5333': ['2.549', '3.302', '0.080', '-0.86896', '-0.49489', '0.00016', '0.49489',
    '-0.86896', '0.00049', '-0.00011', '0.00051', '1.00000']
  '004.6000': ['2.531', '3.314', '0.080', '-0.91259', '-0.40886', '0.00015', '0.40886',
    '-0.91259', '0.00049', '-0.00006', '0.00050', '1.00000']
  '004.6667': ['2.516', '3.321', '0.080', '-0.94866', '-0.31629', '0.00014', '0.31629',
    '-0.94866', '0.00047', '-0.00001', '0.00049', '1.00000']
  '004.7333': ['2.510', '3.318', '0.080', '-0.97468', '-0.22362', '0.00019', '0.22362',
    '-0.97468', '0.00048', '0.00008', '0.00051', '1.00000']
  '004.8000': ['2.494', '3.321', '0.080', '-0.98673', '-0.16235', '0.00023', '0.16235',
    '-0.98673', '0.00051', '0.00015', '0.00054', '1.00000']
  '004.8667': ['2.474', '3.324', '0.080', '-0.98600', '-0.16672', '0.00027', '0.16672',
    '-0.98600', '0.00050', '0.00018', '0.00054', '1.00000']
  '004.9333': ['2.452', '3.327', '0.080', '-0.98559', '-0.16918', '0.00028', '0.16918',
    '-0.98559', '0.00051', '0.00019', '0.00055', '1.00000']
  '005.0000': ['2.430', '3.331', '0.080', '-0.98522', '-0.17127', '0.00028', '0.17127',
    '-0.98522', '0.00051', '0.00019', '0.00055', '1.00000']
  '005.0667': ['2.408', '3.334', '0.080', '-0.98471', '-0.17422', '0.00027', '0.17422',
    '-0.98471', '0.00051', '0.00018', '0.00055', '1.00000']
  '005.1333': ['2.385', '3.337', '0.080', '-0.98388', '-0.17885', '0.00027', '0.17885',
    '-0.98388', '0.00051', '0.00017', '0.00055', '1.00000']
  '005.2000': ['2.359', '3.342', '0.080', '-0.98271', '-0.18516', '0.00027', '0.18516',
    '-0.98271', '0.00050', '0.00017', '0.00054', '1.00000']
  '005.2667': ['2.336', '3.346', '0.080', '-0.99369', '-0.11212', '0.00025', '0.11212',
    '-0.99369', '0.00053', '0.00019', '0.00055', '1.00000']
  '005.3333': ['2.310', '3.350', '0.080', '-0.99685', '-0.07934', '0.00026', '0.07934',
    '-0.99685', '0.00052', '0.00022', '0.00054', '1.00000']
  '005.4000': ['2.288', '3.352', '0.080', '-0.99665', '-0.08176', '0.00026', '0.08176',
    '-0.99665', '0.00053', '0.00021', '0.00055', '1.00000']
  '005.4667': ['2.265', '3.354', '0.080', '-0.99649', '-0.08375', '0.00025', '0.08375',
    '-0.99649', '0.00053', '0.00020', '0.00055', '1.00000']
  '005.5333': ['2.240', '3.356', '0.080', '-0.99629', '-0.08608', '0.00022', '0.08608',
    '-0.99629', '0.00055', '0.00017', '0.00056', '1.00000']
  '005.6000': ['2.217', '3.358', '0.080', '-0.99601', '-0.08924', '0.00021', '0.08924',
    '-0.99601', '0.00055', '0.00016', '0.00056', '1.00000']
  '005.6667': ['2.195', '3.360', '0.080', '-0.99562', '-0.09344', '0.00021', '0.09345',
    '-0.99562', '0.00054', '0.00016', '0.00056', '1.00000']
  '005.7333': ['2.170', '3.362', '0.080', '-0.99513', '-0.09855', '0.00017', '0.09855',
    '-0.99513', '0.00054', '0.00012', '0.00056', '1.00000']
  '005.8000': ['2.152', '3.364', '0.080', '-0.99453', '-0.10449', '0.00018', '0.10449',
    '-0.99453', '0.00056', '0.00012', '0.00058', '1.00000']
  '005.8667': ['2.142', '3.366', '0.080', '-0.99409', '-0.10860', '0.00021', '0.10860',
    '-0.99409', '0.00073', '0.00013', '0.00075', '1.00000']
  '005.9333': ['2.120', '3.369', '0.080', '-0.99373', '-0.11185', '0.00015', '0.11185',
    '-0.99372', '0.00076', '0.00007', '0.00077', '1.00000']
  '006.0000': ['2.095', '3.371', '0.080', '-0.99320', '-0.11642', '0.00005', '0.11642',
    '-0.99320', '0.00086', '-0.00005', '0.00086', '1.00000']
  '006.0667': ['2.069', '3.372', '0.080', '-0.99219', '-0.12474', '0.00012', '0.12474',
    '-0.99219', '0.00080', '0.00002', '0.00081', '1.00000']
  '006.1333': ['2.038', '3.370', '0.080', '-0.98937', '-0.14541', '0.00046', '0.14541',
    '-0.98937', '0.00079', '0.00034', '0.00085', '1.00000']
  '006.2000': ['2.006', '3.373', '0.080', '-0.98574', '-0.16827', '0.00056', '0.16827',
    '-0.98574', '0.00090', '0.00040', '0.00098', '1.00000']
  '006.2667': ['1.979', '3.378', '0.080', '-0.98187', '-0.18954', '0.00061', '0.18954',
    '-0.98187', '0.00090', '0.00043', '0.00100', '1.00000']
  '006.3333': ['1.953', '3.384', '0.080', '-0.97816', '-0.20784', '0.00054', '0.20784',
    '-0.97816', '0.00085', '0.00036', '0.00095', '1.00000']
  '006.4000': ['1.928', '3.391', '0.080', '-0.97445', '-0.22461', '0.00046', '0.22461',
    '-0.97445', '0.00078', '0.00027', '0.00087', '1.00000']
  '006.4667': ['1.901', '3.394', '0.080', '-0.96876', '-0.24801', '0.00023', '0.24801',
    '-0.96876', '0.00072', '0.00004', '0.00076', '1.00000']
  '006.5333': ['1.878', '3.401', '0.080', '-0.98301', '-0.18354', '0.00017', '0.18354',
    '-0.98301', '0.00068', '0.00004', '0.00070', '1.00000']
  '006.6000': ['1.854', '3.407', '0.080', '-0.99484', '-0.10148', '0.00012', '0.10148',
    '-0.99484', '0.00065', '0.00006', '0.00066', '1.00000']
  '006.6667': ['1.829', '3.413', '0.080', '-0.99995', '-0.00995', '0.00006', '0.00995',
    '-0.99995', '0.00063', '0.00006', '0.00063', '1.00000']
  '006.7333': ['1.805', '3.415', '0.080', '-0.99999', '0.00456', '0.00001', '-0.00456',
    '-0.99999', '0.00063', '0.00002', '0.00063', '1.00000']
  '006.8000': ['1.782', '3.417', '0.080', '-0.99994', '0.01105', '-0.00000', '-0.01105',
    '-0.99994', '0.00059', '0.00000', '0.00059', '1.00000']
  '006.8667': ['1.758', '3.416', '0.080', '-0.99982', '0.01913', '-0.00001', '-0.01913',
    '-0.99982', '0.00057', '0.00000', '0.00057', '1.00000']
  '006.9333': ['1.731', '3.415', '0.080', '-0.99965', '0.02653', '0.00002', '-0.02653',
    '-0.99965', '0.00057', '0.00003', '0.00057', '1.00000']
  '007.0000': ['1.707', '3.413', '0.080', '-0.99947', '0.03267', '0.00005', '-0.03267',
    '-0.99947', '0.00056', '0.00007', '0.00056', '1.00000']
  '007.0667': ['1.686', '3.412', '0.080', '-0.99930', '0.03735', '0.00011', '-0.03735',
    '-0.99930', '0.00057', '0.00013', '0.00057', '1.00000']
  '007.1333': ['1.663', '3.411', '0.080', '-0.99911', '0.04226', '0.00014', '-0.04226',
    '-0.99911', '0.00057', '0.00016', '0.00056', '1.00000']
  '007.2000': ['1.639', '3.409', '0.080', '-0.99893', '0.04625', '0.00016', '-0.04625',
    '-0.99893', '0.00057', '0.00019', '0.00057', '1.00000']
  '007.2667': ['1.615', '3.407', '0.080', '-0.99875', '0.04993', '0.00016', '-0.04993',
    '-0.99875', '0.00062', '0.00019', '0.00062', '1.00000']
  '007.3333': ['1.588', '3.405', '0.080', '-0.99858', '0.05327', '0.00015', '-0.05327',
    '-0.99858', '0.00067', '0.00018', '0.00066', '1.00000']
  '007.4000': ['1.563', '3.403', '0.080', '-0.99842', '0.05611', '0.00013', '-0.05611',
    '-0.99842', '0.00069', '0.00017', '0.00068', '1.00000']
  '007.4667': ['1.537', '3.400', '0.080', '-0.99833', '0.05775', '0.00008', '-0.05775',
    '-0.99833', '0.00073', '0.00012', '0.00072', '1.00000']
  '007.5333': ['1.509', '3.398', '0.080', '-0.99823', '0.05955', '-0.00001', '-0.05955',
    '-0.99823', '0.00078', '0.00004', '0.00078', '1.00000']
  '007.6000': ['1.481', '3.394', '0.080', '-0.99819', '0.06016', '-0.00006', '-0.06016',
    '-0.99819', '0.00079', '-0.00001', '0.00080', '1.00000']
  '007.6667': ['1.448', '3.390', '0.080', '-0.99838', '0.05683', '0.00017', '-0.05683',
    '-0.99838', '0.00086', '0.00022', '0.00085', '1.00000']
  '007.7333': ['1.423', '3.388', '0.080', '-0.99845', '0.05557', '0.00018', '-0.05557',
    '-0.99845', '0.00086', '0.00023', '0.00085', '1.00000']
  '007.8000': ['1.402', '3.388', '0.080', '-0.99835', '0.05745', '0.00019', '-0.05745',
    '-0.99835', '0.00088', '0.00024', '0.00086', '1.00000']
  '007.8667': ['1.386', '3.387', '0.080', '-0.99815', '0.06084', '0.00053', '-0.06084',
    '-0.99815', '0.00101', '0.00059', '0.00098', '1.00000']
  '007.9333': ['1.361', '3.385', '0.080', '-0.99785', '0.06548', '0.00052', '-0.06548',
    '-0.99785', '0.00104', '0.00059', '0.00101', '1.00000']
  '008.0000': ['1.337', '3.384', '0.080', '-0.99746', '0.07121', '0.00050', '-0.07121',
    '-0.99746', '0.00109', '0.00058', '0.00105', '1.00000']
  '008.0667': ['1.312', '3.382', '0.080', '-0.99701', '0.07729', '0.00042', '-0.07728',
    '-0.99701', '0.00108', '0.00050', '0.00105', '1.00000']
  '008.1333': ['1.286', '3.376', '0.080', '-0.99702', '0.07716', '0.00032', '-0.07716',
    '-0.99702', '0.00101', '0.00040', '0.00098', '1.00000']
  '008.2000': ['1.256', '3.364', '0.080', '-0.99836', '0.05733', '0.00002', '-0.05733',
    '-0.99835', '0.00072', '0.00006', '0.00072', '1.00000']
  '008.2667': ['1.229', '3.359', '0.080', '-0.99950', '0.03161', '-0.00003', '-0.03161',
    '-0.99950', '0.00065', '-0.00001', '0.00065', '1.00000']
  '008.3333': ['1.201', '3.357', '0.080', '-0.99999', '0.00409', '-0.00004', '-0.00409',
    '-0.99999', '0.00061', '-0.00004', '0.00061', '1.00000']
  '008.4000': ['1.175', '3.358', '0.080', '-0.99973', '-0.02323', '-0.00005', '0.02323',
    '-0.99973', '0.00055', '-0.00007', '0.00055', '1.00000']
  '008.4667': ['1.154', '3.362', '0.080', '-0.99898', '-0.04526', '-0.00006', '0.04526',
    '-0.99898', '0.00053', '-0.00009', '0.00052', '1.00000']
  '008.5333': ['1.143', '3.375', '0.080', '-0.99891', '-0.04671', '-0.00004', '0.04671',
    '-0.99891', '0.00068', '-0.00007', '0.00068', '1.00000']
  '008.6000': ['1.125', '3.381', '0.080', '-0.99921', '-0.03965', '-0.00008', '0.03965',
    '-0.99921', '0.00070', '-0.00011', '0.00070', '1.00000']
  '008.6667': ['1.099', '3.384', '0.080', '-0.99955', '-0.02997', '-0.00016', '0.02997',
    '-0.99955', '0.00071', '-0.00018', '0.00071', '1.00000']
  '008.7333': ['1.074', '3.385', '0.080', '-0.99979', '-0.02040', '-0.00023', '0.02040',
    '-0.99979', '0.00070', '-0.00024', '0.00070', '1.00000']
  '008.8000': ['1.049', '3.386', '0.080', '-0.99993', '-0.01144', '-0.00030', '0.01144',
    '-0.99993', '0.00067', '-0.00031', '0.00066', '1.00000']
  '008.8667': ['1.025', '3.386', '0.080', '-0.99999', '-0.00351', '-0.00033', '0.00351',
    '-0.99999', '0.00065', '-0.00033', '0.00065', '1.00000']
  '008.9333': ['1.000', '3.386', '0.080', '-1.00000', '0.00285', '-0.00034', '-0.00285',
    '-1.00000', '0.00068', '-0.00034', '0.00068', '1.00000']
  '009.0000': ['0.975', '3.385', '0.080', '-0.99997', '0.00774', '-0.00033', '-0.00774',
    '-0.99997', '0.00069', '-0.00033', '0.00069', '1.00000']
  '009.0667': ['0.946', '3.385', '0.080', '-0.99994', '0.01131', '-0.00036', '-0.01131',
    '-0.99994', '0.00069', '-0.00036', '0.00070', '1.00000']
  '009.1333': ['0.921', '3.384', '0.080', '-0.99991', '0.01320', '-0.00040', '-0.01320',
    '-0.99991', '0.00072', '-0.00039', '0.00072', '1.00000']
  '009.2000': ['0.896', '3.383', '0.080', '-0.99991', '0.01365', '-0.00045', '-0.01365',
    '-0.99991', '0.00074', '-0.00044', '0.00075', '1.00000']
  '009.2667': ['0.871', '3.383', '0.080', '-0.99991', '0.01365', '-0.00045', '-0.01365',
    '-0.99991', '0.00074', '-0.00044', '0.00075', '1.00000']
  '009.3333': ['0.845', '3.382', '0.080', '-0.99991', '0.01365', '-0.00045', '-0.01365',
    '-0.99991', '0.00074', '-0.00044', '0.00075', '1.00000']
  '009.4000': ['0.820', '3.382', '0.080', '-0.99991', '0.01365', '-0.00045', '-0.01365',
    '-0.99991', '0.00074', '-0.00044', '0.00075', '1.00000']
  '009.4667': ['0.795', '3.381', '0.080', '-0.99991', '0.01365', '-0.00045', '-0.01365',
    '-0.99991', '0.00074', '-0.00044', '0.00075', '1.00000']
  '009.5333': ['0.770', '3.382', '0.080', '-0.99901', '0.04452', '-0.00045', '-0.04452',
    '-0.99901', '0.00074', '-0.00042', '0.00076', '1.00000']
  '009.6000': ['0.745', '3.381', '0.080', '-0.98888', '0.14870', '-0.00045', '-0.14870',
    '-0.98888', '0.00074', '-0.00033', '0.00080', '1.00000']
  '009.6667': ['0.720', '3.377', '0.080', '-0.98511', '0.17194', '-0.00045', '-0.17194',
    '-0.98511', '0.00074', '-0.00031', '0.00081', '1.00000']
