begin_time_stamp: 1574104154.933331
data_header:
  time_stamp: [x, y, z, R11, R12, R13, R21, R22, R23, R31, R32, R33]
trajectory_data:
  '000.0000': ['2.501', '1.431', '0.080', '0.24619', '0.96922', '0.00010', '-0.96922',
    '0.24619', '-0.00035', '-0.00037', '-0.00001', '1.00000']
  '000.0667': ['2.505', '1.407', '0.080', '0.27527', '0.96137', '0.00015', '-0.96137',
    '0.27527', '-0.00041', '-0.00044', '-0.00003', '1.00000']
  '000.1333': ['2.510', '1.382', '0.080', '0.26390', '0.96455', '0.00019', '-0.96455',
    '0.26390', '-0.00043', '-0.00046', '-0.00007', '1.00000']
  '000.2000': ['2.515', '1.359', '0.080', '0.18061', '0.98355', '0.00020', '-0.98355',
    '0.18061', '-0.00046', '-0.00049', '-0.00011', '1.00000']
  '000.2667': ['2.521', '1.336', '0.080', '0.09401', '0.99557', '0.00022', '-0.99557',
    '0.09401', '-0.00048', '-0.00050', '-0.00017', '1.00000']
  '000.3333': ['2.526', '1.311', '0.080', '0.02958', '0.99956', '0.00021', '-0.99956',
    '0.02958', '-0.00050', '-0.00050', '-0.00020', '1.00000']
  '000.4000': ['2.530', '1.284', '0.080', '0.02946', '0.99957', '0.00021', '-0.99957',
    '0.02946', '-0.00055', '-0.00056', '-0.00020', '1.00000']
  '000.4667': ['2.534', '1.258', '0.080', '0.02124', '0.99977', '0.00022', '-0.99977',
    '0.02124', '-0.00059', '-0.00059', '-0.00021', '1.00000']
  '000.5333': ['2.536', '1.233', '0.080', '0.00822', '0.99997', '0.00020', '-0.99997',
    '0.00822', '-0.00061', '-0.00061', '-0.00020', '1.00000']
  '000.6000': ['2.537', '1.208', '0.080', '-0.00720', '0.99997', '0.00020', '-0.99997',
    '-0.00720', '-0.00062', '-0.00062', '-0.00020', '1.00000']
  '000.6667': ['2.537', '1.179', '0.080', '-0.02329', '0.99973', '0.00016', '-0.99973',
    '-0.02329', '-0.00064', '-0.00064', '-0.00017', '1.00000']
  '000.7333': ['2.536', '1.155', '0.080', '-0.03956', '0.99922', '0.00015', '-0.99922',
    '-0.03956', '-0.00066', '-0.00066', '-0.00018', '1.00000']
  '000.8000': ['2.535', '1.131', '0.080', '-0.05594', '0.99843', '0.00017', '-0.99843',
    '-0.05594', '-0.00070', '-0.00069', '-0.00021', '1.00000']
  '000.8667': ['2.532', '1.109', '0.080', '-0.06905', '0.99761', '0.00011', '-0.99761',
    '-0.06905', '-0.00069', '-0.00068', '-0.00015', '1.00000']
  '000.9333': ['2.526', '1.087', '0.080', '-0.07358', '0.99729', '-0.00012', '-0.99729',
    '-0.07358', '-0.00053', '-0.00054', '0.00008', '1.00000']
  '001.0000': ['2.523', '1.060', '0.080', '-0.07745', '0.99700', '-0.00015', '-0.99700',
    '-0.07745', '-0.00047', '-0.00048', '0.00011', '1.00000']
  '001.0667': ['2.521', '1.034', '0.080', '-0.06437', '0.99793', '-0.00014', '-0.99793',
    '-0.06437', '-0.00045', '-0.00045', '0.00011', '1.00000']
  '001.1333': ['2.519', '1.009', '0.080', '0.03480', '0.99939', '-0.00011', '-0.99939',
    '0.03480', '-0.00043', '-0.00042', '0.00012', '1.00000']
  '001.2000': ['2.519', '0.984', '0.080', '0.04942', '0.99878', '-0.00011', '-0.99878',
    '0.04942', '-0.00043', '-0.00043', '0.00013', '1.00000']
  '001.2667': ['2.520', '0.955', '0.080', '0.05234', '0.99863', '-0.00014', '-0.99863',
    '0.05234', '-0.00043', '-0.00042', '0.00016', '1.00000']
  '001.3333': ['2.521', '0.930', '0.080', '0.05663', '0.99840', '-0.00012', '-0.99840',
    '0.05663', '-0.00043', '-0.00042', '0.00015', '1.00000']
  '001.4000': ['2.522', '0.907', '0.080', '0.06027', '0.99818', '-0.00011', '-0.99818',
    '0.06027', '-0.00042', '-0.00041', '0.00013', '1.00000']
  '001.4667': ['2.524', '0.882', '0.080', '0.06328', '0.99800', '-0.00011', '-0.99800',
    '0.06328', '-0.00041', '-0.00041', '0.00013', '1.00000']
  '001.5333': ['2.526', '0.857', '0.080', '0.06528', '0.99787', '-0.00011', '-0.99787',
    '0.06528', '-0.00043', '-0.00042', '0.00013', '1.00000']
  '001.6000': ['2.528', '0.830', '0.080', '0.06480', '0.99790', '-0.00009', '-0.99790',
    '0.06480', '-0.00042', '-0.00041', '0.00012', '1.00000']
  '001.6667': ['2.531', '0.804', '0.080', '0.06285', '0.99802', '-0.00010', '-0.99802',
    '0.06285', '-0.00043', '-0.00042', '0.00013', '1.00000']
  '001.7333': ['2.531', '0.780', '0.080', '0.06179', '0.99809', '-0.00012', '-0.99809',
    '0.06179', '-0.00045', '-0.00044', '0.00015', '1.00000']
  '001.8000': ['2.531', '0.754', '0.080', '0.06503', '0.99788', '-0.00018', '-0.99788',
    '0.06503', '-0.00046', '-0.00045', '0.00021', '1.00000']
  '001.8667': ['2.525', '0.730', '0.080', '0.08321', '0.99653', '-0.00047', '-0.99653',
    '0.08321', '-0.00045', '-0.00041', '0.00051', '1.00000']
  '001.9333': ['2.524', '0.705', '0.080', '0.01592', '0.99987', '-0.00054', '-0.99987',
    '0.01592', '-0.00045', '-0.00044', '0.00055', '1.00000']
  '002.0000': ['2.525', '0.675', '0.080', '-0.06174', '0.99809', '-0.00059', '-0.99809',
    '-0.06174', '-0.00043', '-0.00047', '0.00056', '1.00000']
  '002.0667': ['2.524', '0.650', '0.080', '-0.14148', '0.98994', '-0.00062', '-0.98994',
    '-0.14148', '-0.00036', '-0.00044', '0.00057', '1.00000']
  '002.1333': ['2.523', '0.628', '0.080', '-0.22449', '0.97448', '-0.00060', '-0.97448',
    '-0.22449', '-0.00031', '-0.00044', '0.00051', '1.00000']
  '002.2000': ['2.519', '0.607', '0.080', '-0.30860', '0.95119', '-0.00057', '-0.95119',
    '-0.30860', '-0.00033', '-0.00049', '0.00044', '1.00000']
  '002.2667': ['2.514', '0.588', '0.080', '-0.39282', '0.91961', '-0.00055', '-0.91961',
    '-0.39282', '-0.00039', '-0.00057', '0.00035', '1.00000']
  '002.3333': ['2.507', '0.568', '0.080', '-0.47712', '0.87884', '-0.00058', '-0.87884',
    '-0.47712', '-0.00049', '-0.00070', '0.00028', '1.00000']
  '002.4000': ['2.498', '0.547', '0.080', '-0.56176', '0.82730', '-0.00063', '-0.82730',
    '-0.56176', '-0.00055', '-0.00081', '0.00022', '1.00000']
  '002.4667': ['2.485', '0.527', '0.080', '-0.64286', '0.76598', '-0.00069', '-0.76598',
    '-0.64286', '-0.00056', '-0.00088', '0.00017', '1.00000']
  '002.5333': ['2.467', '0.507', '0.080', '-0.66052', '0.75081', '-0.00072', '-0.75081',
    '-0.66052', '-0.00056', '-0.00089', '0.00017', '1.00000']
  '002.6000': ['2.450', '0.490', '0.080', '-0.65827', '0.75278', '-0.00067', '-0.75278',
    '-0.65827', '-0.00058', '-0.00088', '0.00012', '1.00000']
  '002.6667': ['2.432', '0.473', '0.080', '-0.65126', '0.75885', '-0.00062', '-0.75885',
    '-0.65126', '-0.00061', '-0.00087', '0.00007', '1.00000']
  '002.7333': ['2.415', '0.459', '0.080', '-0.70123', '0.71294', '-0.00061', '-0.71294',
    '-0.70123', '-0.00061', '-0.00086', '0.00000', '1.00000']
  '002.8000': ['2.396', '0.446', '0.080', '-0.74935', '0.66218', '-0.00062', '-0.66218',
    '-0.74935', '-0.00061', '-0.00087', '-0.00004', '1.00000']
  '002.8667': ['2.375', '0.434', '0.080', '-0.78540', '0.61898', '-0.00063', '-0.61898',
    '-0.78540', '-0.00062', '-0.00088', '-0.00010', '1.00000']
  '002.9333': ['2.356', '0.424', '0.080', '-0.81100', '0.58504', '-0.00062', '-0.58504',
    '-0.81100', '-0.00063', '-0.00087', '-0.00014', '1.00000']
  '003.0000': ['2.336', '0.416', '0.080', '-0.80659', '0.59111', '-0.00057', '-0.59111',
    '-0.80659', '-0.00063', '-0.00083', '-0.00017', '1.00000']
  '003.0667': ['2.315', '0.408', '0.080', '-0.74730', '0.66448', '-0.00048', '-0.66448',
    '-0.74730', '-0.00065', '-0.00079', '-0.00017', '1.00000']
  '003.1333': ['2.302', '0.400', '0.080', '-0.67158', '0.74093', '-0.00035', '-0.74093',
    '-0.67158', '-0.00059', '-0.00067', '-0.00014', '1.00000']
  '003.2000': ['2.302', '0.386', '0.080', '-0.59205', '0.80590', '0.00001', '-0.80590',
    '-0.59205', '-0.00022', '-0.00017', '-0.00014', '1.00000']
  '003.2667': ['2.299', '0.372', '0.080', '-0.50388', '0.86377', '0.00009', '-0.86377',
    '-0.50388', '-0.00007', '-0.00001', '-0.00012', '1.00000']
  '003.3333': ['2.301', '0.356', '0.080', '-0.41657', '0.90910', '0.00010', '-0.90910',
    '-0.41657', '0.00006', '0.00010', '-0.00006', '1.00000']
  '003.4000': ['2.311', '0.336', '0.080', '-0.34694', '0.93789', '0.00005', '-0.93789',
    '-0.34694', '0.00019', '0.00019', '0.00002', '1.00000']
  '003.4667': ['2.333', '0.312', '0.080', '-0.31948', '0.94759', '0.00020', '-0.94759',
    '-0.31948', '0.00012', '0.00018', '-0.00015', '1.00000']
  '003.5333': ['2.367', '0.278', '0.080', '-0.36570', '0.93073', '0.00044', '-0.93073',
    '-0.36570', '0.00030', '0.00044', '-0.00030', '1.00000']
  '003.6000': ['2.385', '0.254', '0.080', '-0.45278', '0.89162', '0.00051', '-0.89162',
    '-0.45278', '0.00032', '0.00051', '-0.00031', '1.00000']
  '003.6667': ['2.391', '0.237', '0.080', '-0.55428', '0.83233', '0.00053', '-0.83233',
    '-0.55428', '0.00029', '0.00053', '-0.00028', '1.00000']
  '003.7333': ['2.388', '0.226', '0.080', '-0.59836', '0.80123', '0.00054', '-0.80123',
    '-0.59836', '0.00027', '0.00054', '-0.00027', '1.00000']
  '003.8000': ['2.381', '0.217', '0.080', '-0.63119', '0.77563', '0.00055', '-0.77563',
    '-0.63119', '0.00026', '0.00054', '-0.00026', '1.00000']
  '003.8667': ['2.371', '0.208', '0.080', '-0.71831', '0.69572', '0.00054', '-0.69572',
    '-0.71831', '0.00021', '0.00054', '-0.00023', '1.00000']
  '003.9333': ['2.359', '0.200', '0.080', '-0.79190', '0.61065', '0.00054', '-0.61065',
    '-0.79190', '0.00016', '0.00052', '-0.00020', '1.00000']
  '004.0000': ['2.343', '0.193', '0.080', '-0.85183', '0.52381', '0.00053', '-0.52381',
    '-0.85183', '0.00012', '0.00051', '-0.00018', '1.00000']
  '004.0667': ['2.326', '0.187', '0.080', '-0.89884', '0.43827', '0.00053', '-0.43827',
    '-0.89884', '0.00008', '0.00051', '-0.00016', '1.00000']
  '004.1333': ['2.307', '0.182', '0.080', '-0.93485', '0.35503', '0.00051', '-0.35503',
    '-0.93485', '0.00004', '0.00049', '-0.00014', '1.00000']
  '004.2000': ['2.287', '0.179', '0.080', '-0.96136', '0.27528', '0.00050', '-0.27528',
    '-0.96136', '0.00001', '0.00048', '-0.00013', '1.00000']
  '004.2667': ['2.267', '0.177', '0.080', '-0.97988', '0.19960', '0.00049', '-0.19960',
    '-0.97988', '-0.00002', '0.00047', '-0.00012', '1.00000']
  '004.3333': ['2.245', '0.176', '0.080', '-0.99174', '0.12823', '0.00048', '-0.12823',
    '-0.99174', '-0.00004', '0.00047', '-0.00010', '1.00000']
  '004.4000': ['2.222', '0.177', '0.080', '-0.99814', '0.06103', '0.00047', '-0.06103',
    '-0.99814', '-0.00006', '0.00046', '-0.00009', '1.00000']
  '004.4667': ['2.196', '0.177', '0.080', '-0.99999', '-0.00318', '0.00045', '0.00317',
    '-0.99999', '-0.00008', '0.00045', '-0.00008', '1.00000']
  '004.5333': ['2.168', '0.179', '0.080', '-0.99786', '-0.06536', '0.00044', '0.06536',
    '-0.99786', '-0.00010', '0.00045', '-0.00007', '1.00000']
  '004.6000': ['2.139', '0.183', '0.080', '-0.99214', '-0.12513', '0.00043', '0.12513',
    '-0.99214', '-0.00011', '0.00044', '-0.00006', '1.00000']
  '004.6667': ['2.108', '0.190', '0.080', '-0.98342', '-0.18133', '0.00041', '0.18133',
    '-0.98342', '-0.00013', '0.00043', '-0.00005', '1.00000']
  '004.7333': ['2.072', '0.199', '0.080', '-0.97267', '-0.23221', '0.00040', '0.23221',
    '-0.97267', '-0.00015', '0.00042', '-0.00005', '1.00000']
  '004.8000': ['2.029', '0.214', '0.080', '-0.96159', '-0.27448', '0.00038', '0.27448',
    '-0.96159', '-0.00016', '0.00041', '-0.00005', '1.00000']
  '004.8667': ['1.975', '0.236', '0.080', '-0.95294', '-0.30314', '0.00036', '0.30314',
    '-0.95294', '-0.00017', '0.00039', '-0.00006', '1.00000']
  '004.9333': ['1.787', '0.331', '0.080', '-0.96553', '-0.26028', '0.00010', '0.26028',
    '-0.96553', '-0.00007', '0.00011', '-0.00004', '1.00000']
  '005.0000': ['1.730', '0.354', '0.080', '-0.97222', '-0.23406', '0.00006', '0.23406',
    '-0.97222', '-0.00007', '0.00008', '-0.00006', '1.00000']
  '005.0667': ['1.682', '0.369', '0.080', '-0.97944', '-0.20173', '0.00004', '0.20173',
    '-0.97944', '-0.00008', '0.00006', '-0.00007', '1.00000']
  '005.1333': ['1.644', '0.380', '0.080', '-0.98603', '-0.16655', '0.00000', '0.16655',
    '-0.98603', '-0.00011', '0.00002', '-0.00011', '1.00000']
  '005.2000': ['1.609', '0.385', '0.080', '-0.99035', '-0.13855', '0.00000', '0.13855',
    '-0.99035', '-0.00012', '0.00002', '-0.00012', '1.00000']
  '005.2667': ['1.581', '0.387', '0.080', '-0.99303', '-0.11790', '0.00003', '0.11790',
    '-0.99303', '-0.00014', '0.00004', '-0.00013', '1.00000']
  '005.3333': ['1.559', '0.389', '0.080', '-0.99480', '-0.10181', '0.00003', '0.10181',
    '-0.99480', '-0.00016', '0.00005', '-0.00015', '1.00000']
  '005.4000': ['1.538', '0.391', '0.080', '-0.99604', '-0.08887', '0.00004', '0.08887',
    '-0.99604', '-0.00018', '0.00005', '-0.00017', '1.00000']
  '005.4667': ['1.517', '0.392', '0.080', '-0.99688', '-0.07892', '0.00004', '0.07892',
    '-0.99688', '-0.00021', '0.00006', '-0.00021', '1.00000']
  '005.5333': ['1.493', '0.393', '0.080', '-0.99733', '-0.07300', '0.00005', '0.07300',
    '-0.99733', '-0.00021', '0.00006', '-0.00020', '1.00000']
  '005.6000': ['1.467', '0.395', '0.080', '-0.99758', '-0.06954', '0.00006', '0.06954',
    '-0.99758', '-0.00023', '0.00007', '-0.00022', '1.00000']
  '005.6667': ['1.443', '0.396', '0.080', '-0.99761', '-0.06909', '0.00006', '0.06909',
    '-0.99761', '-0.00023', '0.00008', '-0.00022', '1.00000']
  '005.7333': ['1.419', '0.398', '0.080', '-0.99755', '-0.06997', '0.00005', '0.06997',
    '-0.99755', '-0.00025', '0.00006', '-0.00024', '1.00000']
  '005.8000': ['1.391', '0.401', '0.080', '-0.99762', '-0.06898', '0.00006', '0.06898',
    '-0.99762', '-0.00026', '0.00008', '-0.00026', '1.00000']
  '005.8667': ['1.348', '0.410', '0.080', '-0.99839', '-0.05679', '0.00018', '0.05679',
    '-0.99839', '-0.00034', '0.00020', '-0.00033', '1.00000']
  '005.9333': ['1.319', '0.412', '0.080', '-0.99906', '-0.04334', '0.00018', '0.04334',
    '-0.99906', '-0.00035', '0.00019', '-0.00034', '1.00000']
  '006.0000': ['1.291', '0.414', '0.080', '-0.99952', '-0.03103', '0.00015', '0.03103',
    '-0.99952', '-0.00034', '0.00016', '-0.00033', '1.00000']
  '006.0667': ['1.263', '0.414', '0.080', '-0.99982', '-0.01894', '0.00012', '0.01894',
    '-0.99982', '-0.00031', '0.00013', '-0.00031', '1.00000']
  '006.1333': ['1.239', '0.414', '0.080', '-0.99997', '-0.00783', '0.00011', '0.00783',
    '-0.99997', '-0.00027', '0.00011', '-0.00027', '1.00000']
  '006.2000': ['1.219', '0.414', '0.080', '-0.99999', '0.00386', '0.00009', '-0.00386',
    '-0.99999', '-0.00027', '0.00009', '-0.00027', '1.00000']
  '006.2667': ['1.199', '0.413', '0.080', '-0.99899', '-0.04486', '0.00007', '0.04486',
    '-0.99899', '-0.00025', '0.00008', '-0.00025', '1.00000']
  '006.3333': ['1.174', '0.414', '0.080', '-0.99073', '-0.13588', '0.00003', '0.13588',
    '-0.99073', '-0.00025', '0.00006', '-0.00024', '1.00000']
  '006.4000': ['1.148', '0.415', '0.080', '-0.97328', '-0.22961', '-0.00000', '0.22961',
    '-0.97328', '-0.00024', '0.00005', '-0.00024', '1.00000']
  '006.4667': ['1.121', '0.419', '0.080', '-0.96603', '-0.25843', '-0.00002', '0.25843',
    '-0.96603', '-0.00022', '0.00003', '-0.00022', '1.00000']
  '006.5333': ['1.097', '0.420', '0.080', '-0.96310', '-0.26914', '-0.00002', '0.26914',
    '-0.96310', '-0.00021', '0.00003', '-0.00021', '1.00000']
  '006.6000': ['1.074', '0.415', '0.080', '-0.95385', '-0.30030', '0.00005', '0.30030',
    '-0.95385', '-0.00021', '0.00011', '-0.00019', '1.00000']
  '006.6667': ['1.049', '0.419', '0.080', '-0.91391', '-0.40591', '0.00005', '0.40591',
    '-0.91391', '-0.00020', '0.00012', '-0.00017', '1.00000']
  '006.7333': ['1.023', '0.435', '0.080', '-0.86406', '-0.50339', '0.00003', '0.50339',
    '-0.86406', '-0.00020', '0.00012', '-0.00016', '1.00000']
  '006.8000': ['0.994', '0.465', '0.080', '-0.86034', '-0.50972', '-0.00007', '0.50972',
    '-0.86034', '-0.00011', '-0.00000', '-0.00013', '1.00000']
  '006.8667': ['0.968', '0.484', '0.080', '-0.85916', '-0.51171', '-0.00009', '0.51171',
    '-0.85916', '-0.00009', '-0.00003', '-0.00012', '1.00000']
  '006.9333': ['0.943', '0.499', '0.080', '-0.85073', '-0.52560', '-0.00010', '0.52560',
    '-0.85073', '-0.00006', '-0.00006', '-0.00011', '1.00000']
  '007.0000': ['0.922', '0.513', '0.080', '-0.79287', '-0.60939', '-0.00011', '0.60939',
    '-0.79287', '-0.00005', '-0.00006', '-0.00010', '1.00000']
  '007.0667': ['0.901', '0.528', '0.080', '-0.76542', '-0.64354', '-0.00013', '0.64354',
    '-0.76542', '-0.00003', '-0.00008', '-0.00010', '1.00000']
  '007.1333': ['0.883', '0.541', '0.080', '-0.76325', '-0.64611', '-0.00014', '0.64611',
    '-0.76325', '-0.00002', '-0.00009', '-0.00011', '1.00000']
  '007.2000': ['0.867', '0.556', '0.080', '-0.76169', '-0.64795', '-0.00012', '0.64795',
    '-0.76169', '-0.00002', '-0.00008', '-0.00010', '1.00000']
  '007.2667': ['0.848', '0.572', '0.080', '-0.72142', '-0.69250', '-0.00014', '0.69250',
    '-0.72142', '-0.00001', '-0.00009', '-0.00010', '1.00000']
  '007.3333': ['0.831', '0.587', '0.080', '-0.64503', '-0.76416', '-0.00015', '0.76416',
    '-0.64503', '0.00001', '-0.00010', '-0.00011', '1.00000']
  '007.4000': ['0.815', '0.603', '0.080', '-0.55815', '-0.82974', '-0.00016', '0.82974',
    '-0.55815', '0.00003', '-0.00011', '-0.00011', '1.00000']
  '007.4667': ['0.801', '0.620', '0.080', '-0.49945', '-0.86634', '-0.00016', '0.86634',
    '-0.49945', '0.00004', '-0.00011', '-0.00012', '1.00000']
  '007.5333': ['0.789', '0.637', '0.080', '-0.48215', '-0.87609', '-0.00016', '0.87609',
    '-0.48215', '0.00004', '-0.00011', '-0.00012', '1.00000']
  '007.6000': ['0.777', '0.655', '0.080', '-0.45925', '-0.88831', '-0.00017', '0.88831',
    '-0.45925', '0.00006', '-0.00013', '-0.00012', '1.00000']
  '007.6667': ['0.764', '0.677', '0.080', '-0.43217', '-0.90179', '-0.00016', '0.90179',
    '-0.43217', '0.00005', '-0.00012', '-0.00012', '1.00000']
  '007.7333': ['0.753', '0.698', '0.080', '-0.40191', '-0.91568', '-0.00015', '0.91568',
    '-0.40191', '0.00007', '-0.00012', '-0.00011', '1.00000']
  '007.8000': ['0.743', '0.719', '0.080', '-0.36743', '-0.93005', '-0.00018', '0.93005',
    '-0.36743', '0.00004', '-0.00011', '-0.00015', '1.00000']
  '007.8667': ['0.735', '0.740', '0.080', '-0.34600', '-0.93824', '-0.00019', '0.93824',
    '-0.34600', '0.00006', '-0.00012', '-0.00015', '1.00000']
  '007.9333': ['0.729', '0.764', '0.080', '-0.40752', '-0.91320', '-0.00018', '0.91320',
    '-0.40752', '0.00007', '-0.00013', '-0.00014', '1.00000']
  '008.0000': ['0.729', '0.794', '0.080', '-0.48632', '-0.87378', '-0.00016', '0.87378',
    '-0.48632', '-0.00001', '-0.00007', '-0.00015', '1.00000']
  '008.0667': ['0.724', '0.829', '0.080', '-0.56988', '-0.82173', '0.00011', '0.82173',
    '-0.56988', '-0.00022', '0.00024', '-0.00003', '1.00000']
  '008.1333': ['0.710', '0.856', '0.080', '-0.58330', '-0.81226', '0.00014', '0.81226',
    '-0.58330', '-0.00022', '0.00027', '-0.00002', '1.00000']
  '008.2000': ['0.694', '0.878', '0.080', '-0.59486', '-0.80383', '0.00012', '0.80383',
    '-0.59486', '-0.00020', '0.00023', '-0.00002', '1.00000']
  '008.2667': ['0.677', '0.897', '0.080', '-0.61705', '-0.78692', '0.00010', '0.78692',
    '-0.61705', '-0.00019', '0.00021', '-0.00004', '1.00000']
  '008.3333': ['0.659', '0.917', '0.080', '-0.69728', '-0.71680', '0.00014', '0.71680',
    '-0.69728', '-0.00020', '0.00024', '-0.00004', '1.00000']
  '008.4000': ['0.640', '0.935', '0.080', '-0.76719', '-0.64142', '0.00011', '0.64142',
    '-0.76719', '-0.00019', '0.00021', '-0.00007', '1.00000']
  '008.4667': ['0.620', '0.952', '0.080', '-0.82887', '-0.55944', '0.00012', '0.55944',
    '-0.82887', '-0.00018', '0.00020', '-0.00008', '1.00000']
  '008.5333': ['0.599', '0.967', '0.080', '-0.88281', '-0.46973', '0.00012', '0.46973',
    '-0.88281', '-0.00018', '0.00019', '-0.00010', '1.00000']
  '008.6000': ['0.577', '0.979', '0.080', '-0.91122', '-0.41191', '0.00012', '0.41191',
    '-0.91122', '-0.00018', '0.00019', '-0.00012', '1.00000']
  '008.6667': ['0.554', '0.989', '0.080', '-0.91122', '-0.41191', '0.00012', '0.41191',
    '-0.91122', '-0.00018', '0.00019', '-0.00012', '1.00000']
  '008.7333': ['0.531', '1.000', '0.080', '-0.91122', '-0.41191', '0.00012', '0.41191',
    '-0.91122', '-0.00018', '0.00019', '-0.00012', '1.00000']
  '008.8000': ['0.508', '1.010', '0.080', '-0.89453', '-0.44700', '0.00012', '0.44700',
    '-0.89453', '-0.00018', '0.00019', '-0.00011', '1.00000']
  '008.8667': ['0.485', '1.020', '0.080', '-0.84291', '-0.53806', '0.00012', '0.53806',
    '-0.84291', '-0.00018', '0.00020', '-0.00009', '1.00000']
  '008.9333': ['0.464', '1.033', '0.080', '-0.78204', '-0.62323', '0.00012', '0.62323',
    '-0.78204', '-0.00018', '0.00021', '-0.00007', '1.00000']
  '009.0000': ['0.443', '1.048', '0.080', '-0.71261', '-0.70156', '0.00012', '0.70156',
    '-0.71261', '-0.00018', '0.00021', '-0.00004', '1.00000']
  '009.0667': ['0.425', '1.066', '0.080', '-0.63537', '-0.77221', '0.00012', '0.77221',
    '-0.63537', '-0.00018', '0.00022', '-0.00002', '1.00000']
  '009.1333': ['0.408', '1.084', '0.080', '-0.55117', '-0.83440', '0.00012', '0.83440',
    '-0.55117', '-0.00018', '0.00022', '0.00000', '1.00000']
  '009.2000': ['0.394', '1.105', '0.080', '-0.46092', '-0.88744', '0.00012', '0.88744',
    '-0.46093', '-0.00018', '0.00022', '0.00002', '1.00000']
  '009.2667': ['0.382', '1.127', '0.080', '-0.36563', '-0.93076', '0.00012', '0.93076',
    '-0.36563', '-0.00018', '0.00021', '0.00005', '1.00000']
  '009.3333': ['0.372', '1.150', '0.080', '-0.26633', '-0.96388', '0.00012', '0.96388',
    '-0.26633', '-0.00018', '0.00021', '0.00007', '1.00000']
  '009.4000': ['0.365', '1.174', '0.080', '-0.16412', '-0.98644', '0.00012', '0.98644',
    '-0.16412', '-0.00018', '0.00020', '0.00009', '1.00000']
  '009.4667': ['0.360', '1.199', '0.080', '-0.06010', '-0.99819', '0.00012', '0.99819',
    '-0.06010', '-0.00018', '0.00019', '0.00011', '1.00000']
  '009.5333': ['0.358', '1.224', '0.080', '0.04457', '-0.99901', '0.00012', '0.99901',
    '0.04457', '-0.00018', '0.00018', '0.00013', '1.00000']
  '009.6000': ['0.359', '1.249', '0.080', '0.12264', '-0.99245', '0.00012', '0.99245',
    '0.12264', '-0.00018', '0.00016', '0.00014', '1.00000']
  '009.6667': ['0.362', '1.274', '0.080', '0.12264', '-0.99245', '0.00012', '0.99245',
    '0.12264', '-0.00018', '0.00016', '0.00014', '1.00000']
  '009.7333': ['0.365', '1.299', '0.080', '0.12264', '-0.99245', '0.00012', '0.99245',
    '0.12264', '-0.00018', '0.00016', '0.00014', '1.00000']
