begin_time_stamp: 1574104235.066665
data_header:
  time_stamp: [x, y, z, R11, R12, R13, R21, R22, R23, R31, R32, R33]
trajectory_data:
  '000.0000': ['2.572', '1.079', '0.080', '-0.03840', '0.99926', '0.00007', '-0.99926',
    '-0.03840', '-0.00054', '-0.00054', '-0.00009', '1.00000']
  '000.0667': ['2.568', '1.057', '0.080', '-0.03258', '0.99947', '-0.00014', '-0.99947',
    '-0.03258', '-0.00033', '-0.00034', '0.00013', '1.00000']
  '000.1333': ['2.563', '1.036', '0.080', '-0.02121', '0.99977', '-0.00037', '-0.99977',
    '-0.02121', '-0.00012', '-0.00012', '0.00037', '1.00000']
  '000.2000': ['2.562', '1.012', '0.080', '-0.00795', '0.99997', '-0.00041', '-0.99997',
    '-0.00795', '-0.00010', '-0.00010', '0.00041', '1.00000']
  '000.2667': ['2.561', '0.988', '0.080', '0.00554', '0.99998', '-0.00041', '-0.99998',
    '0.00554', '-0.00010', '-0.00010', '0.00041', '1.00000']
  '000.3333': ['2.562', '0.962', '0.080', '0.01733', '0.99985', '-0.00042', '-0.99985',
    '0.01733', '-0.00009', '-0.00008', '0.00042', '1.00000']
  '000.4000': ['2.562', '0.936', '0.080', '0.02879', '0.99959', '-0.00042', '-0.99959',
    '0.02879', '-0.00009', '-0.00008', '0.00042', '1.00000']
  '000.4667': ['2.564', '0.912', '0.080', '-0.04441', '0.99901', '-0.00043', '-0.99901',
    '-0.04441', '-0.00010', '-0.00012', '0.00042', '1.00000']
  '000.5333': ['2.564', '0.886', '0.080', '-0.10320', '0.99466', '-0.00046', '-0.99466',
    '-0.10320', '-0.00012', '-0.00017', '0.00044', '1.00000']
  '000.6000': ['2.562', '0.860', '0.080', '-0.09858', '0.99513', '-0.00047', '-0.99513',
    '-0.09858', '-0.00014', '-0.00019', '0.00046', '1.00000']
  '000.6667': ['2.560', '0.835', '0.080', '-0.09548', '0.99543', '-0.00045', '-0.99543',
    '-0.09548', '-0.00018', '-0.00022', '0.00043', '1.00000']
  '000.7333': ['2.558', '0.809', '0.080', '-0.09474', '0.99550', '-0.00046', '-0.99550',
    '-0.09474', '-0.00017', '-0.00022', '0.00044', '1.00000']
  '000.8000': ['2.556', '0.782', '0.080', '-0.09426', '0.99555', '-0.00050', '-0.99555',
    '-0.09426', '-0.00016', '-0.00021', '0.00048', '1.00000']
  '000.8667': ['2.553', '0.757', '0.080', '-0.09183', '0.99577', '-0.00049', '-0.99577',
    '-0.09183', '-0.00021', '-0.00026', '0.00047', '1.00000']
  '000.9333': ['2.550', '0.732', '0.080', '-0.08761', '0.99615', '-0.00049', '-0.99615',
    '-0.08761', '-0.00023', '-0.00028', '0.00047', '1.00000']
  '001.0000': ['2.547', '0.706', '0.080', '-0.08067', '0.99674', '-0.00053', '-0.99674',
    '-0.08067', '-0.00025', '-0.00029', '0.00050', '1.00000']
  '001.0667': ['2.543', '0.681', '0.080', '-0.06948', '0.99758', '-0.00059', '-0.99758',
    '-0.06948', '-0.00022', '-0.00026', '0.00057', '1.00000']
  '001.1333': ['2.541', '0.657', '0.080', '-0.09190', '0.99577', '-0.00057', '-0.99577',
    '-0.09190', '-0.00017', '-0.00022', '0.00055', '1.00000']
  '001.2000': ['2.539', '0.634', '0.080', '-0.17908', '0.98384', '-0.00056', '-0.98384',
    '-0.17908', '-0.00014', '-0.00024', '0.00053', '1.00000']
  '001.2667': ['2.535', '0.611', '0.080', '-0.26415', '0.96448', '-0.00054', '-0.96448',
    '-0.26415', '-0.00016', '-0.00030', '0.00048', '1.00000']
  '001.3333': ['2.529', '0.586', '0.080', '-0.34791', '0.93753', '-0.00055', '-0.93753',
    '-0.34791', '-0.00027', '-0.00044', '0.00042', '1.00000']
  '001.4000': ['2.521', '0.563', '0.080', '-0.43006', '0.90280', '-0.00058', '-0.90280',
    '-0.43006', '-0.00029', '-0.00052', '0.00040', '1.00000']
  '001.4667': ['2.510', '0.541', '0.080', '-0.44014', '0.89793', '-0.00061', '-0.89793',
    '-0.44014', '-0.00029', '-0.00053', '0.00042', '1.00000']
  '001.5333': ['2.498', '0.520', '0.080', '-0.43994', '0.89803', '-0.00062', '-0.89803',
    '-0.43994', '-0.00029', '-0.00054', '0.00043', '1.00000']
  '001.6000': ['2.485', '0.501', '0.080', '-0.50688', '0.86201', '-0.00061', '-0.86201',
    '-0.50688', '-0.00030', '-0.00057', '0.00037', '1.00000']
  '001.6667': ['2.468', '0.484', '0.080', '-0.51309', '0.85833', '-0.00058', '-0.85833',
    '-0.51309', '-0.00035', '-0.00060', '0.00032', '1.00000']
  '001.7333': ['2.451', '0.469', '0.080', '-0.46246', '0.88664', '-0.00058', '-0.88664',
    '-0.46246', '-0.00042', '-0.00064', '0.00032', '1.00000']
  '001.8000': ['2.434', '0.453', '0.080', '-0.39288', '0.91959', '-0.00058', '-0.91959',
    '-0.39288', '-0.00045', '-0.00064', '0.00036', '1.00000']
  '001.8667': ['2.418', '0.434', '0.080', '-0.36378', '0.93149', '-0.00056', '-0.93149',
    '-0.36378', '-0.00047', '-0.00064', '0.00035', '1.00000']
  '001.9333': ['2.403', '0.415', '0.080', '-0.34597', '0.93825', '-0.00053', '-0.93825',
    '-0.34597', '-0.00049', '-0.00064', '0.00032', '1.00000']
  '002.0000': ['2.392', '0.395', '0.080', '-0.31204', '0.95007', '-0.00046', '-0.95007',
    '-0.31204', '-0.00048', '-0.00060', '0.00029', '1.00000']
  '002.0667': ['2.391', '0.366', '0.080', '-0.28315', '0.95908', '-0.00029', '-0.95908',
    '-0.28315', '-0.00039', '-0.00046', '0.00017', '1.00000']
  '002.1333': ['2.392', '0.336', '0.080', '-0.26905', '0.96312', '-0.00013', '-0.96312',
    '-0.26905', '-0.00030', '-0.00032', '0.00005', '1.00000']
  '002.2000': ['2.392', '0.307', '0.080', '-0.26991', '0.96289', '0.00001', '-0.96289',
    '-0.26991', '-0.00020', '-0.00019', '-0.00006', '1.00000']
  '002.2667': ['2.392', '0.277', '0.080', '-0.28564', '0.95834', '0.00013', '-0.95834',
    '-0.28564', '-0.00010', '-0.00006', '-0.00015', '1.00000']
  '002.3333': ['2.392', '0.248', '0.080', '-0.31607', '0.94874', '0.00024', '-0.94874',
    '-0.31607', '-0.00001', '0.00007', '-0.00023', '1.00000']
  '002.4000': ['2.393', '0.220', '0.080', '-0.26486', '0.96429', '0.00027', '-0.96429',
    '-0.26486', '0.00003', '0.00010', '-0.00025', '1.00000']
  '002.4667': ['2.398', '0.189', '0.080', '-0.22751', '0.97378', '0.00028', '-0.97378',
    '-0.22751', '0.00007', '0.00013', '-0.00026', '1.00000']
  '002.5333': ['2.406', '0.156', '0.080', '-0.21742', '0.97608', '0.00032', '-0.97608',
    '-0.21742', '0.00009', '0.00016', '-0.00029', '1.00000']
  '002.6000': ['2.420', '0.118', '0.080', '-0.24824', '0.96870', '0.00040', '-0.96870',
    '-0.24824', '0.00013', '0.00022', '-0.00036', '1.00000']
  '002.6667': ['2.441', '0.071', '0.080', '-0.34253', '0.93951', '0.00080', '-0.93951',
    '-0.34253', '0.00025', '0.00051', '-0.00067', '1.00000']
  '002.7333': ['2.447', '0.044', '0.080', '-0.45815', '0.88887', '0.00097', '-0.88887',
    '-0.45815', '0.00024', '0.00066', '-0.00076', '1.00000']
  '002.8000': ['2.444', '0.025', '0.080', '-0.57312', '0.81947', '0.00098', '-0.81947',
    '-0.57312', '0.00017', '0.00070', '-0.00071', '1.00000']
  '002.8667': ['2.435', '0.012', '0.080', '-0.67596', '0.73694', '0.00097', '-0.73694',
    '-0.67596', '0.00009', '0.00072', '-0.00065', '1.00000']
  '002.9333': ['2.421', '0.003', '0.080', '-0.76243', '0.64707', '0.00095', '-0.64707',
    '-0.76243', '0.00001', '0.00073', '-0.00061', '1.00000']
  '003.0000': ['2.406', '-0.004', '0.080', '-0.77035', '0.63763', '0.00092', '-0.63763',
    '-0.77035', '-0.00003', '0.00069', '-0.00061', '1.00000']
  '003.0667': ['2.390', '-0.013', '0.080', '-0.78951', '0.61374', '0.00087', '-0.61374',
    '-0.78951', '-0.00006', '0.00065', '-0.00058', '1.00000']
  '003.1333': ['2.375', '-0.023', '0.080', '-0.85210', '0.52338', '0.00083', '-0.52338',
    '-0.85210', '-0.00013', '0.00064', '-0.00055', '1.00000']
  '003.2000': ['2.360', '-0.032', '0.080', '-0.90488', '0.42566', '0.00078', '-0.42567',
    '-0.90488', '-0.00018', '0.00062', '-0.00050', '1.00000']
  '003.2667': ['2.342', '-0.039', '0.080', '-0.94638', '0.32306', '0.00075', '-0.32306',
    '-0.94638', '-0.00024', '0.00063', '-0.00047', '1.00000']
  '003.3333': ['2.324', '-0.046', '0.080', '-0.97663', '0.21490', '0.00070', '-0.21490',
    '-0.97663', '-0.00029', '0.00062', '-0.00043', '1.00000']
  '003.4000': ['2.304', '-0.050', '0.080', '-0.99489', '0.10097', '0.00065', '-0.10097',
    '-0.99489', '-0.00033', '0.00061', '-0.00039', '1.00000']
  '003.4667': ['2.282', '-0.052', '0.080', '-0.99987', '-0.01618', '0.00060', '0.01618',
    '-0.99987', '-0.00036', '0.00060', '-0.00035', '1.00000']
  '003.5333': ['2.258', '-0.050', '0.080', '-0.99108', '-0.13328', '0.00055', '0.13328',
    '-0.99108', '-0.00039', '0.00060', '-0.00031', '1.00000']
  '003.6000': ['2.229', '-0.043', '0.080', '-0.96932', '-0.24581', '0.00050', '0.24581',
    '-0.96932', '-0.00040', '0.00058', '-0.00027', '1.00000']
  '003.6667': ['2.195', '-0.029', '0.080', '-0.93788', '-0.34695', '0.00044', '0.34695',
    '-0.93788', '-0.00040', '0.00055', '-0.00023', '1.00000']
  '003.7333': ['2.151', '-0.002', '0.080', '-0.90460', '-0.42626', '0.00038', '0.42626',
    '-0.90460', '-0.00039', '0.00051', '-0.00019', '1.00000']
  '003.8000': ['1.881', '0.237', '0.080', '-0.94703', '-0.32114', '0.00010', '0.32114',
    '-0.94703', '-0.00014', '0.00014', '-0.00010', '1.00000']
  '003.8667': ['1.820', '0.273', '0.080', '-0.96264', '-0.27078', '0.00006', '0.27078',
    '-0.96264', '-0.00014', '0.00009', '-0.00012', '1.00000']
  '003.9333': ['1.756', '0.306', '0.080', '-0.96426', '-0.26494', '-0.00007', '0.26494',
    '-0.96426', '-0.00011', '-0.00004', '-0.00013', '1.00000']
  '004.0000': ['1.716', '0.317', '0.080', '-0.96965', '-0.24450', '-0.00013', '0.24450',
    '-0.96965', '-0.00010', '-0.00010', '-0.00013', '1.00000']
  '004.0667': ['1.683', '0.320', '0.080', '-0.98242', '-0.18667', '-0.00016', '0.18667',
    '-0.98242', '-0.00008', '-0.00015', '-0.00011', '1.00000']
  '004.1333': ['1.656', '0.321', '0.080', '-0.99005', '-0.14074', '-0.00017', '0.14074',
    '-0.99005', '-0.00002', '-0.00017', '-0.00004', '1.00000']
  '004.2000': ['1.634', '0.320', '0.080', '-0.99462', '-0.10364', '-0.00024', '0.10364',
    '-0.99462', '0.00002', '-0.00024', '-0.00000', '1.00000']
  '004.2667': ['1.617', '0.316', '0.080', '-0.99694', '-0.07820', '-0.00022', '0.07820',
    '-0.99694', '-0.00004', '-0.00022', '-0.00006', '1.00000']
  '004.3333': ['1.611', '0.305', '0.080', '-0.99736', '-0.07266', '-0.00003', '0.07266',
    '-0.99736', '-0.00011', '-0.00003', '-0.00011', '1.00000']
  '004.4000': ['1.594', '0.301', '0.080', '-0.99695', '-0.07811', '-0.00000', '0.07811',
    '-0.99695', '-0.00013', '0.00001', '-0.00013', '1.00000']
  '004.4667': ['1.573', '0.300', '0.080', '-0.99593', '-0.09011', '0.00000', '0.09011',
    '-0.99593', '-0.00014', '0.00002', '-0.00014', '1.00000']
  '004.5333': ['1.550', '0.300', '0.080', '-0.99445', '-0.10522', '0.00004', '0.10522',
    '-0.99445', '-0.00017', '0.00005', '-0.00016', '1.00000']
  '004.6000': ['1.527', '0.304', '0.080', '-0.99276', '-0.12015', '0.00004', '0.12015',
    '-0.99276', '-0.00020', '0.00006', '-0.00019', '1.00000']
  '004.6667': ['1.501', '0.309', '0.080', '-0.99114', '-0.13282', '0.00004', '0.13282',
    '-0.99114', '-0.00023', '0.00007', '-0.00023', '1.00000']
  '004.7333': ['1.473', '0.318', '0.080', '-0.99065', '-0.13646', '0.00005', '0.13646',
    '-0.99065', '-0.00026', '0.00009', '-0.00025', '1.00000']
  '004.8000': ['1.439', '0.333', '0.080', '-0.99288', '-0.11911', '0.00020', '0.11911',
    '-0.99288', '-0.00040', '0.00025', '-0.00037', '1.00000']
  '004.8667': ['1.407', '0.341', '0.080', '-0.99537', '-0.09614', '0.00026', '0.09614',
    '-0.99537', '-0.00047', '0.00030', '-0.00045', '1.00000']
  '004.9333': ['1.374', '0.345', '0.080', '-0.99729', '-0.07363', '0.00029', '0.07363',
    '-0.99729', '-0.00052', '0.00032', '-0.00050', '1.00000']
  '005.0000': ['1.346', '0.347', '0.080', '-0.99868', '-0.05141', '0.00032', '0.05141',
    '-0.99868', '-0.00054', '0.00034', '-0.00053', '1.00000']
  '005.0667': ['1.321', '0.348', '0.080', '-0.99953', '-0.03050', '0.00027', '0.03050',
    '-0.99953', '-0.00051', '0.00028', '-0.00050', '1.00000']
  '005.1333': ['1.296', '0.347', '0.080', '-0.99993', '-0.01196', '0.00024', '0.01196',
    '-0.99993', '-0.00045', '0.00024', '-0.00045', '1.00000']
  '005.2000': ['1.273', '0.346', '0.080', '-0.99947', '-0.03256', '0.00019', '0.03256',
    '-0.99947', '-0.00040', '0.00021', '-0.00040', '1.00000']
  '005.2667': ['1.251', '0.346', '0.080', '-0.99301', '-0.11800', '0.00012', '0.11800',
    '-0.99301', '-0.00038', '0.00017', '-0.00036', '1.00000']
  '005.3333': ['1.229', '0.347', '0.080', '-0.97888', '-0.20443', '0.00010', '0.20443',
    '-0.97888', '-0.00036', '0.00017', '-0.00033', '1.00000']
  '005.4000': ['1.207', '0.350', '0.080', '-0.95592', '-0.29363', '0.00007', '0.29363',
    '-0.95592', '-0.00034', '0.00017', '-0.00030', '1.00000']
  '005.4667': ['1.184', '0.354', '0.080', '-0.92209', '-0.38697', '0.00004', '0.38697',
    '-0.92209', '-0.00031', '0.00016', '-0.00027', '1.00000']
  '005.5333': ['1.162', '0.361', '0.080', '-0.87519', '-0.48377', '0.00001', '0.48377',
    '-0.87519', '-0.00031', '0.00016', '-0.00026', '1.00000']
  '005.6000': ['1.139', '0.370', '0.080', '-0.82880', '-0.55955', '0.00001', '0.55955',
    '-0.82880', '-0.00028', '0.00016', '-0.00023', '1.00000']
  '005.6667': ['1.118', '0.383', '0.080', '-0.81869', '-0.57423', '0.00002', '0.57423',
    '-0.81869', '-0.00024', '0.00015', '-0.00019', '1.00000']
  '005.7333': ['1.094', '0.399', '0.080', '-0.80748', '-0.58990', '0.00003', '0.58990',
    '-0.80748', '-0.00022', '0.00015', '-0.00016', '1.00000']
  '005.8000': ['1.061', '0.425', '0.080', '-0.79805', '-0.60259', '0.00002', '0.60259',
    '-0.79805', '-0.00016', '0.00011', '-0.00011', '1.00000']
  '005.8667': ['1.040', '0.443', '0.080', '-0.79104', '-0.61177', '0.00001', '0.61177',
    '-0.79104', '-0.00013', '0.00009', '-0.00010', '1.00000']
  '005.9333': ['1.020', '0.459', '0.080', '-0.72386', '-0.68994', '-0.00001', '0.68994',
    '-0.72386', '-0.00010', '0.00007', '-0.00008', '1.00000']
  '006.0000': ['1.003', '0.475', '0.080', '-0.67246', '-0.74014', '-0.00003', '0.74014',
    '-0.67246', '-0.00008', '0.00004', '-0.00007', '1.00000']
  '006.0667': ['0.988', '0.491', '0.080', '-0.66523', '-0.74663', '-0.00003', '0.74663',
    '-0.66523', '-0.00006', '0.00002', '-0.00006', '1.00000']
  '006.1333': ['0.973', '0.508', '0.080', '-0.65724', '-0.75368', '-0.00004', '0.75368',
    '-0.65724', '-0.00002', '-0.00001', '-0.00005', '1.00000']
  '006.2000': ['0.959', '0.525', '0.080', '-0.62164', '-0.78331', '-0.00004', '0.78331',
    '-0.62164', '-0.00001', '-0.00002', '-0.00003', '1.00000']
  '006.2667': ['0.944', '0.543', '0.080', '-0.52965', '-0.84822', '-0.00004', '0.84822',
    '-0.52965', '-0.00000', '-0.00002', '-0.00004', '1.00000']
  '006.3333': ['0.930', '0.564', '0.080', '-0.42922', '-0.90320', '-0.00006', '0.90320',
    '-0.42922', '0.00001', '-0.00003', '-0.00005', '1.00000']
  '006.4000': ['0.919', '0.584', '0.080', '-0.35441', '-0.93509', '-0.00004', '0.93509',
    '-0.35441', '0.00004', '-0.00005', '-0.00002', '1.00000']
  '006.4667': ['0.911', '0.605', '0.080', '-0.33575', '-0.94195', '-0.00006', '0.94195',
    '-0.33575', '0.00005', '-0.00007', '-0.00004', '1.00000']
  '006.5333': ['0.906', '0.626', '0.080', '-0.31960', '-0.94755', '-0.00005', '0.94755',
    '-0.31960', '0.00007', '-0.00008', '-0.00003', '1.00000']
  '006.6000': ['0.908', '0.649', '0.080', '-0.31907', '-0.94773', '-0.00009', '0.94773',
    '-0.31907', '0.00011', '-0.00013', '-0.00005', '1.00000']
  '006.6667': ['0.904', '0.672', '0.080', '-0.32494', '-0.94573', '-0.00008', '0.94573',
    '-0.32494', '0.00012', '-0.00014', '-0.00003', '1.00000']
  '006.7333': ['0.897', '0.695', '0.080', '-0.33275', '-0.94301', '-0.00005', '0.94301',
    '-0.33275', '0.00012', '-0.00013', '-0.00001', '1.00000']
  '006.8000': ['0.887', '0.716', '0.080', '-0.37368', '-0.92756', '-0.00006', '0.92756',
    '-0.37368', '0.00012', '-0.00013', '-0.00001', '1.00000']
  '006.8667': ['0.870', '0.737', '0.080', '-0.45702', '-0.88946', '-0.00009', '0.88946',
    '-0.45702', '0.00007', '-0.00011', '-0.00005', '1.00000']
  '006.9333': ['0.858', '0.759', '0.080', '-0.53671', '-0.84376', '-0.00009', '0.84376',
    '-0.53671', '0.00007', '-0.00011', '-0.00004', '1.00000']
  '007.0000': ['0.846', '0.782', '0.080', '-0.61714', '-0.78686', '-0.00007', '0.78686',
    '-0.61714', '0.00007', '-0.00010', '-0.00001', '1.00000']
  '007.0667': ['0.830', '0.799', '0.080', '-0.69203', '-0.72187', '-0.00004', '0.72187',
    '-0.69203', '0.00008', '-0.00009', '0.00003', '1.00000']
  '007.1333': ['0.806', '0.817', '0.080', '-0.75643', '-0.65408', '-0.00007', '0.65408',
    '-0.75643', '0.00011', '-0.00012', '0.00004', '1.00000']
  '007.2000': ['0.762', '0.832', '0.080', '-0.79327', '-0.60888', '-0.00005', '0.60888',
    '-0.79327', '0.00013', '-0.00012', '0.00007', '1.00000']
  '007.2667': ['0.730', '0.847', '0.080', '-0.81814', '-0.57501', '-0.00007', '0.57501',
    '-0.81814', '0.00016', '-0.00015', '0.00009', '1.00000']
  '007.3333': ['0.706', '0.863', '0.080', '-0.81715', '-0.57642', '-0.00008', '0.57642',
    '-0.81715', '0.00018', '-0.00017', '0.00010', '1.00000']
  '007.4000': ['0.690', '0.879', '0.080', '-0.78384', '-0.62097', '-0.00008', '0.62097',
    '-0.78384', '0.00018', '-0.00017', '0.00009', '1.00000']
  '007.4667': ['0.676', '0.895', '0.080', '-0.75315', '-0.65785', '-0.00008', '0.65785',
    '-0.75315', '0.00017', '-0.00018', '0.00008', '1.00000']
  '007.5333': ['0.662', '0.913', '0.080', '-0.75069', '-0.66066', '-0.00009', '0.66066',
    '-0.75069', '0.00018', '-0.00019', '0.00007', '1.00000']
  '007.6000': ['0.648', '0.931', '0.080', '-0.79666', '-0.60443', '-0.00011', '0.60443',
    '-0.79666', '0.00018', '-0.00020', '0.00008', '1.00000']
  '007.6667': ['0.644', '0.952', '0.080', '-0.85185', '-0.52378', '-0.00013', '0.52378',
    '-0.85185', '0.00005', '-0.00013', '-0.00003', '1.00000']
  '007.7333': ['0.630', '0.967', '0.080', '-0.87788', '-0.47887', '-0.00014', '0.47887',
    '-0.87788', '0.00004', '-0.00014', '-0.00003', '1.00000']
  '007.8000': ['0.612', '0.981', '0.080', '-0.88375', '-0.46796', '-0.00016', '0.46796',
    '-0.88375', '0.00005', '-0.00017', '-0.00003', '1.00000']
  '007.8667': ['0.598', '0.995', '0.080', '-0.89453', '-0.44702', '-0.00020', '0.44702',
    '-0.89453', '-0.00006', '-0.00015', '-0.00014', '1.00000']
  '007.9333': ['0.577', '1.008', '0.080', '-0.90621', '-0.42282', '-0.00021', '0.42282',
    '-0.90621', '-0.00010', '-0.00015', '-0.00018', '1.00000']
  '008.0000': ['0.554', '1.020', '0.080', '-0.91757', '-0.39757', '-0.00022', '0.39757',
    '-0.91757', '-0.00011', '-0.00016', '-0.00019', '1.00000']
  '008.0667': ['0.530', '1.030', '0.080', '-0.88660', '-0.46253', '-0.00024', '0.46253',
    '-0.88660', '-0.00010', '-0.00016', '-0.00020', '1.00000']
  '008.1333': ['0.508', '1.040', '0.080', '-0.84787', '-0.53020', '-0.00026', '0.53020',
    '-0.84787', '-0.00010', '-0.00017', '-0.00022', '1.00000']
  '008.2000': ['0.484', '1.053', '0.080', '-0.80117', '-0.59844', '-0.00027', '0.59844',
    '-0.80117', '-0.00011', '-0.00015', '-0.00025', '1.00000']
  '008.2667': ['0.462', '1.067', '0.080', '-0.74496', '-0.66711', '-0.00026', '0.66711',
    '-0.74496', '-0.00010', '-0.00012', '-0.00025', '1.00000']
  '008.3333': ['0.441', '1.082', '0.080', '-0.67829', '-0.73480', '-0.00025', '0.73480',
    '-0.67829', '-0.00010', '-0.00009', '-0.00026', '1.00000']
  '008.4000': ['0.422', '1.100', '0.080', '-0.60057', '-0.79957', '-0.00028', '0.79957',
    '-0.60057', '-0.00009', '-0.00010', '-0.00028', '1.00000']
  '008.4667': ['0.407', '1.119', '0.080', '-0.51370', '-0.85797', '-0.00028', '0.85797',
    '-0.51370', '-0.00009', '-0.00007', '-0.00029', '1.00000']
  '008.5333': ['0.393', '1.141', '0.080', '-0.42120', '-0.90697', '-0.00028', '0.90697',
    '-0.42120', '-0.00009', '-0.00004', '-0.00029', '1.00000']
  '008.6000': ['0.382', '1.163', '0.080', '-0.32408', '-0.94603', '-0.00028', '0.94603',
    '-0.32408', '-0.00009', '-0.00001', '-0.00030', '1.00000']
  '008.6667': ['0.374', '1.187', '0.080', '-0.22341', '-0.97472', '-0.00028', '0.97472',
    '-0.22341', '-0.00009', '0.00002', '-0.00030', '1.00000']
  '008.7333': ['0.367', '1.211', '0.080', '-0.12030', '-0.99274', '-0.00028', '0.99274',
    '-0.12030', '-0.00009', '0.00006', '-0.00029', '1.00000']
  '008.8000': ['0.364', '1.236', '0.080', '-0.01931', '-0.99981', '-0.00028', '0.99981',
    '-0.01931', '-0.00009', '0.00008', '-0.00028', '1.00000']
  '008.8667': ['0.363', '1.261', '0.080', '-0.01931', '-0.99981', '-0.00028', '0.99981',
    '-0.01931', '-0.00009', '0.00008', '-0.00028', '1.00000']
  '008.9333': ['0.363', '1.286', '0.080', '-0.01931', '-0.99981', '-0.00028', '0.99981',
    '-0.01931', '-0.00009', '0.00008', '-0.00028', '1.00000']
  '009.0000': ['0.362', '1.312', '0.080', '-0.01931', '-0.99981', '-0.00028', '0.99981',
    '-0.01931', '-0.00009', '0.00008', '-0.00028', '1.00000']
  '009.0667': ['0.362', '1.337', '0.080', '-0.01931', '-0.99981', '-0.00028', '0.99981',
    '-0.01931', '-0.00009', '0.00008', '-0.00028', '1.00000']
  '009.1333': ['0.361', '1.362', '0.080', '-0.01931', '-0.99981', '-0.00028', '0.99981',
    '-0.01931', '-0.00009', '0.00008', '-0.00028', '1.00000']
  '009.2000': ['0.361', '1.387', '0.080', '-0.01931', '-0.99981', '-0.00028', '0.99981',
    '-0.01931', '-0.00009', '0.00008', '-0.00028', '1.00000']
  '009.2667': ['0.360', '1.413', '0.080', '-0.01931', '-0.99981', '-0.00028', '0.99981',
    '-0.01931', '-0.00009', '0.00008', '-0.00028', '1.00000']
  '009.3333': ['0.360', '1.438', '0.080', '-0.01931', '-0.99981', '-0.00028', '0.99981',
    '-0.01931', '-0.00009', '0.00008', '-0.00028', '1.00000']
  '009.4000': ['0.359', '1.463', '0.080', '-0.01931', '-0.99981', '-0.00028', '0.99981',
    '-0.01931', '-0.00009', '0.00008', '-0.00028', '1.00000']
  '009.4667': ['0.359', '1.488', '0.080', '-0.01931', '-0.99981', '-0.00028', '0.99981',
    '-0.01931', '-0.00009', '0.00008', '-0.00028', '1.00000']
  '009.5333': ['0.358', '1.513', '0.080', '-0.01931', '-0.99981', '-0.00028', '0.99981',
    '-0.01931', '-0.00009', '0.00008', '-0.00028', '1.00000']
  '009.6000': ['0.358', '1.539', '0.080', '-0.01931', '-0.99981', '-0.00028', '0.99981',
    '-0.01931', '-0.00009', '0.00008', '-0.00028', '1.00000']
