begin_time_stamp: 1574104165.0666645
data_header:
  time_stamp: [x, y, z, R11, R12, R13, R21, R22, R23, R31, R32, R33]
trajectory_data:
  '000.0000': ['0.340', '1.399', '0.080', '-0.06118', '-0.99813', '-0.00002', '0.99813',
    '-0.06118', '0.00034', '-0.00034', '0.00001', '1.00000']
  '000.0667': ['0.341', '1.429', '0.080', '-0.06974', '-0.99756', '-0.00010', '0.99756',
    '-0.06974', '0.00039', '-0.00039', '-0.00008', '1.00000']
  '000.1333': ['0.341', '1.456', '0.080', '-0.08227', '-0.99661', '-0.00011', '0.99661',
    '-0.08227', '0.00044', '-0.00045', '-0.00008', '1.00000']
  '000.2000': ['0.338', '1.482', '0.080', '-0.09399', '-0.99557', '-0.00011', '0.99557',
    '-0.09399', '0.00048', '-0.00049', '-0.00006', '1.00000']
  '000.2667': ['0.336', '1.507', '0.080', '-0.10622', '-0.99434', '-0.00015', '0.99434',
    '-0.10622', '0.00050', '-0.00051', '-0.00009', '1.00000']
  '000.3333': ['0.333', '1.533', '0.080', '-0.11747', '-0.99308', '-0.00017', '0.99308',
    '-0.11747', '0.00050', '-0.00052', '-0.00011', '1.00000']
  '000.4000': ['0.329', '1.559', '0.080', '-0.12807', '-0.99176', '-0.00016', '0.99176',
    '-0.12807', '0.00052', '-0.00054', '-0.00010', '1.00000']
  '000.4667': ['0.325', '1.586', '0.080', '-0.12897', '-0.99165', '-0.00015', '0.99165',
    '-0.12897', '0.00053', '-0.00055', '-0.00008', '1.00000']
  '000.5333': ['0.321', '1.613', '0.080', '-0.03393', '-0.99942', '-0.00016', '0.99942',
    '-0.03393', '0.00052', '-0.00053', '-0.00014', '1.00000']
  '000.6000': ['0.318', '1.639', '0.080', '0.01191', '-0.99993', '-0.00018', '0.99993',
    '0.01191', '0.00053', '-0.00053', '-0.00019', '1.00000']
  '000.6667': ['0.318', '1.664', '0.080', '0.01098', '-0.99994', '-0.00014', '0.99994',
    '0.01098', '0.00050', '-0.00050', '-0.00014', '1.00000']
  '000.7333': ['0.316', '1.687', '0.080', '0.01527', '-0.99988', '-0.00013', '0.99988',
    '0.01527', '0.00047', '-0.00047', '-0.00014', '1.00000']
  '000.8000': ['0.315', '1.712', '0.080', '0.02290', '-0.99974', '-0.00017', '0.99974',
    '0.02290', '0.00046', '-0.00045', '-0.00018', '1.00000']
  '000.8667': ['0.314', '1.735', '0.080', '0.03222', '-0.99948', '-0.00014', '0.99948',
    '0.03222', '0.00040', '-0.00039', '-0.00015', '1.00000']
  '000.9333': ['0.316', '1.758', '0.080', '0.04049', '-0.99918', '-0.00014', '0.99918',
    '0.04049', '0.00037', '-0.00037', '-0.00016', '1.00000']
  '001.0000': ['0.320', '1.779', '0.080', '0.04330', '-0.99906', '-0.00015', '0.99906',
    '0.04330', '0.00029', '-0.00029', '-0.00017', '1.00000']
  '001.0667': ['0.325', '1.791', '0.080', '0.03674', '-0.99932', '-0.00008', '0.99932',
    '0.03674', '0.00007', '-0.00007', '-0.00009', '1.00000']
  '001.1333': ['0.327', '1.815', '0.080', '0.02994', '-0.99955', '-0.00011', '0.99955',
    '0.02994', '0.00003', '-0.00002', '-0.00011', '1.00000']
  '001.2000': ['0.326', '1.848', '0.080', '0.02904', '-0.99958', '-0.00030', '0.99958',
    '0.02904', '-0.00002', '0.00002', '-0.00030', '1.00000']
  '001.2667': ['0.325', '1.874', '0.080', '0.03190', '-0.99949', '-0.00029', '0.99949',
    '0.03190', '0.00003', '-0.00002', '-0.00029', '1.00000']
  '001.3333': ['0.326', '1.898', '0.080', '0.03431', '-0.99941', '-0.00030', '0.99941',
    '0.03431', '0.00010', '-0.00009', '-0.00031', '1.00000']
  '001.4000': ['0.328', '1.922', '0.080', '0.03464', '-0.99940', '-0.00033', '0.99940',
    '0.03464', '0.00012', '-0.00011', '-0.00034', '1.00000']
  '001.4667': ['0.331', '1.941', '0.080', '0.03132', '-0.99951', '-0.00037', '0.99951',
    '0.03132', '-0.00005', '0.00006', '-0.00036', '1.00000']
  '001.5333': ['0.332', '1.965', '0.080', '0.02687', '-0.99964', '-0.00036', '0.99964',
    '0.02687', '-0.00008', '0.00008', '-0.00036', '1.00000']
  '001.6000': ['0.332', '1.990', '0.080', '0.02365', '-0.99972', '-0.00035', '0.99972',
    '0.02365', '-0.00007', '0.00008', '-0.00035', '1.00000']
  '001.6667': ['0.332', '2.015', '0.080', '0.02004', '-0.99980', '-0.00036', '0.99980',
    '0.02004', '-0.00006', '0.00007', '-0.00036', '1.00000']
  '001.7333': ['0.332', '2.039', '0.080', '0.08471', '-0.99641', '-0.00033', '0.99641',
    '0.08471', '-0.00006', '0.00009', '-0.00032', '1.00000']
  '001.8000': ['0.332', '2.062', '0.080', '0.18716', '-0.98233', '-0.00027', '0.98233',
    '0.18716', '-0.00007', '0.00011', '-0.00025', '1.00000']
  '001.8667': ['0.335', '2.086', '0.080', '0.29388', '-0.95584', '-0.00026', '0.95584',
    '0.29388', '-0.00006', '0.00013', '-0.00023', '1.00000']
  '001.9333': ['0.340', '2.110', '0.080', '0.34373', '-0.93907', '-0.00023', '0.93907',
    '0.34373', '-0.00010', '0.00017', '-0.00018', '1.00000']
  '002.0000': ['0.346', '2.133', '0.080', '0.36734', '-0.93009', '-0.00021', '0.93009',
    '0.36734', '-0.00011', '0.00018', '-0.00015', '1.00000']
  '002.0667': ['0.353', '2.156', '0.080', '0.39674', '-0.91793', '-0.00019', '0.91793',
    '0.39674', '-0.00013', '0.00019', '-0.00012', '1.00000']
  '002.1333': ['0.362', '2.178', '0.080', '0.37161', '-0.92839', '-0.00015', '0.92839',
    '0.37161', '-0.00013', '0.00018', '-0.00009', '1.00000']
  '002.2000': ['0.372', '2.203', '0.080', '0.31052', '-0.95057', '-0.00014', '0.95057',
    '0.31052', '-0.00013', '0.00017', '-0.00009', '1.00000']
  '002.2667': ['0.382', '2.227', '0.080', '0.24406', '-0.96976', '-0.00014', '0.96976',
    '0.24406', '-0.00010', '0.00013', '-0.00011', '1.00000']
  '002.3333': ['0.391', '2.251', '0.080', '0.16923', '-0.98558', '-0.00013', '0.98558',
    '0.16923', '-0.00008', '0.00010', '-0.00011', '1.00000']
  '002.4000': ['0.398', '2.278', '0.080', '0.08416', '-0.99645', '-0.00010', '0.99645',
    '0.08416', '-0.00006', '0.00007', '-0.00010', '1.00000']
  '002.4667': ['0.403', '2.304', '0.080', '-0.01145', '-0.99993', '-0.00010', '0.99993',
    '-0.01145', '-0.00003', '0.00002', '-0.00010', '1.00000']
  '002.5333': ['0.405', '2.328', '0.080', '-0.08166', '-0.99666', '-0.00012', '0.99666',
    '-0.08166', '-0.00001', '-0.00000', '-0.00012', '1.00000']
  '002.6000': ['0.405', '2.354', '0.080', '-0.09114', '-0.99584', '-0.00015', '0.99584',
    '-0.09114', '0.00003', '-0.00005', '-0.00014', '1.00000']
  '002.6667': ['0.403', '2.381', '0.080', '-0.10584', '-0.99438', '-0.00017', '0.99438',
    '-0.10584', '0.00007', '-0.00009', '-0.00016', '1.00000']
  '002.7333': ['0.401', '2.405', '0.080', '-0.12191', '-0.99254', '-0.00018', '0.99254',
    '-0.12191', '0.00007', '-0.00009', '-0.00017', '1.00000']
  '002.8000': ['0.398', '2.427', '0.080', '-0.13741', '-0.99051', '-0.00018', '0.99051',
    '-0.13741', '0.00006', '-0.00008', '-0.00017', '1.00000']
  '002.8667': ['0.394', '2.447', '0.080', '-0.15064', '-0.98859', '-0.00014', '0.98859',
    '-0.15064', '0.00003', '-0.00005', '-0.00014', '1.00000']
  '002.9333': ['0.390', '2.460', '0.080', '-0.12706', '-0.99189', '-0.00001', '0.99189',
    '-0.12706', '-0.00011', '0.00011', '-0.00003', '1.00000']
  '003.0000': ['0.389', '2.484', '0.080', '-0.03834', '-0.99926', '0.00001', '0.99926',
    '-0.03834', '0.00001', '-0.00001', '0.00001', '1.00000']
  '003.0667': ['0.387', '2.510', '0.080', '0.00205', '-1.00000', '-0.00003', '1.00000',
    '0.00205', '0.00002', '-0.00002', '-0.00003', '1.00000']
  '003.1333': ['0.385', '2.537', '0.080', '0.00110', '-1.00000', '-0.00004', '1.00000',
    '0.00110', '0.00001', '-0.00001', '-0.00004', '1.00000']
  '003.2000': ['0.385', '2.567', '0.080', '0.00499', '-0.99999', '-0.00003', '0.99999',
    '0.00499', '0.00003', '-0.00003', '-0.00003', '1.00000']
  '003.2667': ['0.385', '2.591', '0.080', '0.01004', '-0.99995', '-0.00004', '0.99995',
    '0.01004', '0.00003', '-0.00003', '-0.00004', '1.00000']
  '003.3333': ['0.385', '2.614', '0.080', '0.01550', '-0.99988', '-0.00005', '0.99988',
    '0.01550', '0.00004', '-0.00003', '-0.00005', '1.00000']
  '003.4000': ['0.385', '2.635', '0.080', '0.02103', '-0.99978', '-0.00003', '0.99978',
    '0.02103', '0.00005', '-0.00005', '-0.00004', '1.00000']
  '003.4667': ['0.385', '2.650', '0.080', '0.02826', '-0.99960', '-0.00001', '0.99960',
    '0.02826', '0.00011', '-0.00011', '-0.00002', '1.00000']
  '003.5333': ['0.388', '2.673', '0.080', '0.03064', '-0.99953', '-0.00004', '0.99953',
    '0.03064', '0.00015', '-0.00015', '-0.00004', '1.00000']
  '003.6000': ['0.388', '2.696', '0.080', '0.03506', '-0.99939', '-0.00004', '0.99939',
    '0.03506', '0.00017', '-0.00017', '-0.00005', '1.00000']
  '003.6667': ['0.387', '2.721', '0.080', '0.04203', '-0.99912', '-0.00004', '0.99912',
    '0.04203', '0.00018', '-0.00018', '-0.00005', '1.00000']
  '003.7333': ['0.389', '2.746', '0.080', '0.04791', '-0.99885', '-0.00002', '0.99885',
    '0.04791', '0.00026', '-0.00026', '-0.00003', '1.00000']
  '003.8000': ['0.392', '2.774', '0.080', '0.05101', '-0.99870', '0.00046', '0.99870',
    '0.05101', '0.00079', '-0.00081', '0.00041', '1.00000']
  '003.8667': ['0.396', '2.800', '0.080', '0.04784', '-0.99886', '-0.00007', '0.99886',
    '0.04784', '0.00028', '-0.00028', '-0.00008', '1.00000']
  '003.9333': ['0.402', '2.831', '0.080', '0.03455', '-0.99940', '-0.00013', '0.99940',
    '0.03455', '0.00022', '-0.00021', '-0.00013', '1.00000']
  '004.0000': ['0.405', '2.859', '0.080', '0.01532', '-0.99988', '-0.00011', '0.99988',
    '0.01532', '0.00020', '-0.00020', '-0.00011', '1.00000']
  '004.0667': ['0.407', '2.885', '0.080', '0.07597', '-0.99711', '-0.00010', '0.99711',
    '0.07597', '0.00023', '-0.00022', '-0.00012', '1.00000']
  '004.1333': ['0.410', '2.915', '0.080', '0.15088', '-0.98855', '-0.00008', '0.98855',
    '0.15088', '0.00024', '-0.00023', '-0.00012', '1.00000']
  '004.2000': ['0.415', '2.942', '0.080', '0.22655', '-0.97400', '-0.00007', '0.97400',
    '0.22655', '0.00020', '-0.00018', '-0.00012', '1.00000']
  '004.2667': ['0.423', '2.969', '0.080', '0.30300', '-0.95299', '-0.00009', '0.95299',
    '0.30300', '0.00017', '-0.00013', '-0.00013', '1.00000']
  '004.3333': ['0.430', '2.995', '0.080', '0.38280', '-0.92383', '-0.00010', '0.92383',
    '0.38280', '0.00013', '-0.00008', '-0.00015', '1.00000']
  '004.4000': ['0.440', '3.019', '0.080', '0.46423', '-0.88571', '-0.00013', '0.88571',
    '0.46423', '0.00014', '-0.00006', '-0.00018', '1.00000']
  '004.4667': ['0.453', '3.042', '0.080', '0.54346', '-0.83944', '-0.00011', '0.83944',
    '0.54346', '0.00014', '-0.00006', '-0.00017', '1.00000']
  '004.5333': ['0.468', '3.064', '0.080', '0.61872', '-0.78561', '-0.00011', '0.78561',
    '0.61872', '0.00015', '-0.00005', '-0.00017', '1.00000']
  '004.6000': ['0.484', '3.083', '0.080', '0.68920', '-0.72457', '-0.00011', '0.72457',
    '0.68920', '0.00016', '-0.00004', '-0.00019', '1.00000']
  '004.6667': ['0.502', '3.102', '0.080', '0.75498', '-0.65575', '-0.00007', '0.65575',
    '0.75498', '0.00016', '-0.00005', '-0.00016', '1.00000']
  '004.7333': ['0.523', '3.119', '0.080', '0.81534', '-0.57898', '-0.00005', '0.57898',
    '0.81534', '0.00015', '-0.00004', '-0.00015', '1.00000']
  '004.8000': ['0.543', '3.134', '0.080', '0.86941', '-0.49410', '-0.00004', '0.49410',
    '0.86941', '0.00014', '-0.00004', '-0.00014', '1.00000']
  '004.8667': ['0.562', '3.145', '0.080', '0.91647', '-0.40010', '-0.00002', '0.40010',
    '0.91647', '0.00016', '-0.00004', '-0.00015', '1.00000']
  '004.9333': ['0.585', '3.157', '0.080', '0.95561', '-0.29463', '-0.00000', '0.29463',
    '0.95561', '0.00013', '-0.00004', '-0.00013', '1.00000']
  '005.0000': ['0.605', '3.164', '0.080', '0.96709', '-0.25444', '-0.00001', '0.25444',
    '0.96709', '0.00011', '-0.00002', '-0.00011', '1.00000']
  '005.0667': ['0.625', '3.170', '0.080', '0.97213', '-0.23445', '0.00000', '0.23445',
    '0.97213', '0.00013', '-0.00003', '-0.00013', '1.00000']
  '005.1333': ['0.649', '3.176', '0.080', '0.97732', '-0.21179', '-0.00000', '0.21179',
    '0.97732', '0.00013', '-0.00003', '-0.00013', '1.00000']
  '005.2000': ['0.675', '3.181', '0.080', '0.98124', '-0.19281', '0.00001', '0.19281',
    '0.98124', '0.00013', '-0.00004', '-0.00012', '1.00000']
  '005.2667': ['0.699', '3.183', '0.080', '0.98361', '-0.18030', '0.00000', '0.18030',
    '0.98361', '0.00014', '-0.00003', '-0.00014', '1.00000']
  '005.3333': ['0.722', '3.185', '0.080', '0.98433', '-0.17633', '0.00000', '0.17633',
    '0.98433', '0.00010', '-0.00002', '-0.00010', '1.00000']
  '005.4000': ['0.748', '3.188', '0.080', '0.99530', '-0.09680', '0.00002', '0.09680',
    '0.99530', '0.00010', '-0.00003', '-0.00009', '1.00000']
  '005.4667': ['0.772', '3.192', '0.080', '0.99984', '-0.01772', '0.00003', '0.01772',
    '0.99984', '0.00011', '-0.00004', '-0.00011', '1.00000']
  '005.5333': ['0.798', '3.197', '0.080', '0.99997', '-0.00833', '-0.00011', '0.00833',
    '0.99997', '0.00015', '0.00011', '-0.00015', '1.00000']
  '005.6000': ['0.826', '3.203', '0.080', '0.99990', '0.01410', '-0.00018', '-0.01410',
    '0.99990', '0.00020', '0.00018', '-0.00020', '1.00000']
  '005.6667': ['0.852', '3.203', '0.080', '0.99926', '0.03846', '-0.00017', '-0.03846',
    '0.99926', '0.00021', '0.00018', '-0.00021', '1.00000']
  '005.7333': ['0.875', '3.202', '0.080', '0.99815', '0.06085', '-0.00018', '-0.06085',
    '0.99815', '0.00019', '0.00019', '-0.00018', '1.00000']
  '005.8000': ['0.897', '3.198', '0.080', '0.99709', '0.07628', '-0.00012', '-0.07628',
    '0.99709', '0.00016', '0.00013', '-0.00015', '1.00000']
  '005.8667': ['0.920', '3.198', '0.080', '0.99794', '0.06416', '-0.00013', '-0.06416',
    '0.99794', '0.00021', '0.00015', '-0.00020', '1.00000']
  '005.9333': ['0.941', '3.197', '0.080', '0.99976', '-0.02190', '-0.00012', '0.02190',
    '0.99976', '0.00018', '0.00011', '-0.00018', '1.00000']
  '006.0000': ['0.968', '3.196', '0.080', '0.99953', '-0.03066', '-0.00009', '0.03066',
    '0.99953', '0.00019', '0.00009', '-0.00020', '1.00000']
  '006.0667': ['0.993', '3.195', '0.080', '0.99954', '-0.03044', '-0.00006', '0.03044',
    '0.99954', '0.00020', '0.00005', '-0.00021', '1.00000']
  '006.1333': ['1.019', '3.195', '0.080', '0.99933', '-0.03663', '-0.00004', '0.03663',
    '0.99933', '0.00022', '0.00003', '-0.00022', '1.00000']
  '006.2000': ['1.044', '3.195', '0.080', '0.99896', '-0.04558', '-0.00003', '0.04558',
    '0.99896', '0.00026', '0.00002', '-0.00026', '1.00000']
  '006.2667': ['1.067', '3.197', '0.080', '0.99844', '-0.05588', '-0.00003', '0.05588',
    '0.99844', '0.00025', '0.00002', '-0.00025', '1.00000']
  '006.3333': ['1.090', '3.198', '0.080', '0.99768', '-0.06811', '-0.00008', '0.06811',
    '0.99768', '0.00026', '0.00006', '-0.00026', '1.00000']
  '006.4000': ['1.115', '3.202', '0.080', '0.99696', '-0.07795', '-0.00008', '0.07795',
    '0.99696', '0.00026', '0.00006', '-0.00026', '1.00000']
  '006.4667': ['1.141', '3.215', '0.080', '0.99757', '-0.06974', '-0.00005', '0.06974',
    '0.99757', '0.00044', '0.00002', '-0.00045', '1.00000']
  '006.5333': ['1.164', '3.219', '0.080', '0.99826', '-0.05904', '-0.00002', '0.05904',
    '0.99826', '0.00049', '-0.00001', '-0.00049', '1.00000']
  '006.6000': ['1.189', '3.221', '0.080', '0.99869', '-0.05115', '0.00001', '0.05115',
    '0.99869', '0.00050', '-0.00003', '-0.00050', '1.00000']
  '006.6667': ['1.212', '3.222', '0.080', '0.99890', '-0.04690', '0.00000', '0.04690',
    '0.99890', '0.00051', '-0.00003', '-0.00051', '1.00000']
  '006.7333': ['1.235', '3.223', '0.080', '0.99875', '0.05002', '0.00004', '-0.05002',
    '0.99875', '0.00054', '-0.00002', '-0.00055', '1.00000']
  '006.8000': ['1.258', '3.221', '0.080', '0.98877', '0.14942', '0.00010', '-0.14942',
    '0.98877', '0.00059', '-0.00001', '-0.00060', '1.00000']
  '006.8667': ['1.283', '3.219', '0.080', '0.96809', '0.25059', '0.00015', '-0.25059',
    '0.96809', '0.00059', '-0.00000', '-0.00061', '1.00000']
  '006.9333': ['1.305', '3.215', '0.080', '0.96329', '0.26848', '0.00015', '-0.26848',
    '0.96329', '0.00058', '0.00001', '-0.00060', '1.00000']
  '007.0000': ['1.324', '3.211', '0.080', '0.96072', '0.27752', '0.00016', '-0.27752',
    '0.96072', '0.00061', '0.00001', '-0.00063', '1.00000']
  '007.0667': ['1.348', '3.207', '0.080', '0.95622', '0.29263', '0.00014', '-0.29263',
    '0.95622', '0.00061', '0.00004', '-0.00062', '1.00000']
  '007.1333': ['1.379', '3.207', '0.080', '0.94628', '0.32336', '-0.00009', '-0.32336',
    '0.94628', '0.00061', '0.00028', '-0.00055', '1.00000']
  '007.2000': ['1.403', '3.200', '0.080', '0.93476', '0.35528', '-0.00005', '-0.35528',
    '0.93476', '0.00060', '0.00026', '-0.00054', '1.00000']
  '007.2667': ['1.425', '3.193', '0.080', '0.92149', '0.38841', '0.00002', '-0.38841',
    '0.92149', '0.00059', '0.00021', '-0.00055', '1.00000']
  '007.3333': ['1.446', '3.185', '0.080', '0.94071', '0.33922', '0.00006', '-0.33922',
    '0.94071', '0.00060', '0.00015', '-0.00058', '1.00000']
  '007.4000': ['1.472', '3.175', '0.080', '0.96248', '0.27135', '0.00009', '-0.27135',
    '0.96248', '0.00059', '0.00007', '-0.00059', '1.00000']
  '007.4667': ['1.495', '3.165', '0.080', '0.98191', '0.18936', '0.00017', '-0.18936',
    '0.98191', '0.00058', '-0.00006', '-0.00060', '1.00000']
  '007.5333': ['1.519', '3.159', '0.080', '0.98332', '0.18187', '0.00026', '-0.18188',
    '0.98332', '0.00056', '-0.00016', '-0.00060', '1.00000']
  '007.6000': ['1.556', '3.155', '0.080', '0.98322', '0.18240', '0.00063', '-0.18240',
    '0.98322', '0.00040', '-0.00055', '-0.00051', '1.00000']
  '007.6667': ['1.589', '3.151', '0.080', '0.98298', '0.18369', '0.00075', '-0.18369',
    '0.98298', '0.00035', '-0.00067', '-0.00048', '1.00000']
  '007.7333': ['1.614', '3.148', '0.080', '0.98269', '0.18524', '0.00074', '-0.18524',
    '0.98269', '0.00032', '-0.00067', '-0.00046', '1.00000']
  '007.8000': ['1.637', '3.145', '0.080', '0.98190', '0.18942', '0.00076', '-0.18942',
    '0.98190', '0.00030', '-0.00069', '-0.00044', '1.00000']
  '007.8667': ['1.660', '3.143', '0.080', '0.98020', '0.19803', '0.00076', '-0.19803',
    '0.98020', '0.00032', '-0.00069', '-0.00046', '1.00000']
  '007.9333': ['1.687', '3.140', '0.080', '0.97758', '0.21054', '0.00075', '-0.21054',
    '0.97758', '0.00029', '-0.00067', '-0.00044', '1.00000']
  '008.0000': ['1.714', '3.135', '0.080', '0.97436', '0.22500', '0.00072', '-0.22500',
    '0.97436', '0.00029', '-0.00064', '-0.00044', '1.00000']
  '008.0667': ['1.738', '3.130', '0.080', '0.97031', '0.24185', '0.00068', '-0.24185',
    '0.97031', '0.00028', '-0.00059', '-0.00044', '1.00000']
  '008.1333': ['1.761', '3.125', '0.080', '0.98411', '0.17757', '0.00067', '-0.17757',
    '0.98411', '0.00029', '-0.00061', '-0.00040', '1.00000']
  '008.2000': ['1.786', '3.120', '0.080', '0.99345', '0.11426', '0.00065', '-0.11426',
    '0.99345', '0.00030', '-0.00061', '-0.00037', '1.00000']
  '008.2667': ['1.809', '3.116', '0.080', '0.99167', '0.12883', '0.00062', '-0.12883',
    '0.99167', '0.00027', '-0.00058', '-0.00035', '1.00000']
  '008.3333': ['1.824', '3.107', '0.080', '0.99156', '0.12961', '0.00061', '-0.12961',
    '0.99156', '0.00010', '-0.00059', '-0.00018', '1.00000']
  '008.4000': ['1.843', '3.103', '0.080', '0.99171', '0.12847', '0.00059', '-0.12847',
    '0.99171', '0.00004', '-0.00058', '-0.00012', '1.00000']
  '008.4667': ['1.868', '3.100', '0.080', '0.99171', '0.12847', '0.00059', '-0.12847',
    '0.99171', '0.00004', '-0.00058', '-0.00012', '1.00000']
  '008.5333': ['1.893', '3.097', '0.080', '0.99171', '0.12847', '0.00059', '-0.12847',
    '0.99171', '0.00004', '-0.00058', '-0.00012', '1.00000']
  '008.6000': ['1.918', '3.093', '0.080', '0.99171', '0.12847', '0.00059', '-0.12847',
    '0.99171', '0.00004', '-0.00058', '-0.00012', '1.00000']
  '008.6667': ['1.943', '3.090', '0.080', '0.99171', '0.12847', '0.00059', '-0.12847',
    '0.99171', '0.00004', '-0.00058', '-0.00012', '1.00000']
  '008.7333': ['1.968', '3.087', '0.080', '0.99171', '0.12847', '0.00059', '-0.12847',
    '0.99171', '0.00004', '-0.00058', '-0.00012', '1.00000']
  '008.8000': ['1.993', '3.084', '0.080', '0.99171', '0.12847', '0.00059', '-0.12847',
    '0.99171', '0.00004', '-0.00058', '-0.00012', '1.00000']
  '008.8667': ['2.018', '3.080', '0.080', '0.99171', '0.12847', '0.00059', '-0.12847',
    '0.99171', '0.00004', '-0.00058', '-0.00012', '1.00000']
  '008.9333': ['2.043', '3.077', '0.080', '0.99171', '0.12847', '0.00059', '-0.12847',
    '0.99171', '0.00004', '-0.00058', '-0.00012', '1.00000']
  '009.0000': ['2.069', '3.074', '0.080', '0.99171', '0.12847', '0.00059', '-0.12847',
    '0.99171', '0.00004', '-0.00058', '-0.00012', '1.00000']
  '009.0667': ['2.094', '3.071', '0.080', '0.99171', '0.12847', '0.00059', '-0.12847',
    '0.99171', '0.00004', '-0.00058', '-0.00012', '1.00000']
  '009.1333': ['2.119', '3.067', '0.080', '0.99171', '0.12847', '0.00059', '-0.12847',
    '0.99171', '0.00004', '-0.00058', '-0.00012', '1.00000']
  '009.2000': ['2.144', '3.064', '0.080', '0.99171', '0.12847', '0.00059', '-0.12847',
    '0.99171', '0.00004', '-0.00058', '-0.00012', '1.00000']
  '009.2667': ['2.169', '3.061', '0.080', '0.99171', '0.12847', '0.00059', '-0.12847',
    '0.99171', '0.00004', '-0.00058', '-0.00012', '1.00000']
  '009.3333': ['2.194', '3.058', '0.080', '0.98572', '0.16837', '0.00059', '-0.16837',
    '0.98572', '0.00004', '-0.00058', '-0.00014', '1.00000']
  '009.4000': ['2.219', '3.055', '0.080', '0.96272', '0.27048', '0.00059', '-0.27048',
    '0.96272', '0.00004', '-0.00056', '-0.00020', '1.00000']
  '009.4667': ['2.243', '3.049', '0.080', '0.92918', '0.36964', '0.00059', '-0.36964',
    '0.92918', '0.00004', '-0.00053', '-0.00026', '1.00000']
