begin_time_stamp: 1574104246.0666637
data_header:
  time_stamp: [x, y, z, R11, R12, R13, R21, R22, R23, R31, R32, R33]
trajectory_data:
  '000.0000': ['0.331', '1.928', '0.080', '-0.06585', '-0.99783', '-0.00034', '0.99783',
    '-0.06585', '-0.00012', '0.00010', '-0.00034', '1.00000']
  '000.0667': ['0.331', '1.951', '0.080', '-0.02742', '-0.99962', '-0.00035', '0.99962',
    '-0.02742', '-0.00011', '0.00010', '-0.00035', '1.00000']
  '000.1333': ['0.330', '1.975', '0.080', '0.07196', '-0.99741', '-0.00035', '0.99741',
    '0.07196', '-0.00009', '0.00011', '-0.00034', '1.00000']
  '000.2000': ['0.330', '1.998', '0.080', '0.07803', '-0.99695', '-0.00034', '0.99695',
    '0.07803', '-0.00009', '0.00011', '-0.00033', '1.00000']
  '000.2667': ['0.331', '2.020', '0.080', '0.08128', '-0.99669', '-0.00034', '0.99669',
    '0.08128', '-0.00009', '0.00011', '-0.00033', '1.00000']
  '000.3333': ['0.332', '2.044', '0.080', '0.08641', '-0.99626', '-0.00033', '0.99626',
    '0.08641', '-0.00011', '0.00013', '-0.00032', '1.00000']
  '000.4000': ['0.333', '2.066', '0.080', '0.09170', '-0.99579', '-0.00029', '0.99579',
    '0.09170', '-0.00010', '0.00013', '-0.00028', '1.00000']
  '000.4667': ['0.336', '2.087', '0.080', '0.09647', '-0.99534', '-0.00025', '0.99534',
    '0.09647', '-0.00010', '0.00013', '-0.00024', '1.00000']
  '000.5333': ['0.338', '2.109', '0.080', '0.10095', '-0.99489', '-0.00021', '0.99489',
    '0.10095', '-0.00013', '0.00015', '-0.00020', '1.00000']
  '000.6000': ['0.339', '2.131', '0.080', '0.10584', '-0.99438', '-0.00020', '0.99438',
    '0.10584', '-0.00012', '0.00014', '-0.00019', '1.00000']
  '000.6667': ['0.342', '2.156', '0.080', '0.11153', '-0.99376', '-0.00020', '0.99376',
    '0.11153', '-0.00011', '0.00014', '-0.00019', '1.00000']
  '000.7333': ['0.344', '2.183', '0.080', '0.11859', '-0.99294', '-0.00019', '0.99294',
    '0.11859', '-0.00012', '0.00014', '-0.00017', '1.00000']
  '000.8000': ['0.347', '2.205', '0.080', '0.12449', '-0.99222', '-0.00017', '0.99222',
    '0.12449', '-0.00011', '0.00013', '-0.00016', '1.00000']
  '000.8667': ['0.350', '2.228', '0.080', '0.13011', '-0.99150', '-0.00017', '0.99150',
    '0.13011', '-0.00009', '0.00011', '-0.00016', '1.00000']
  '000.9333': ['0.353', '2.255', '0.080', '0.13741', '-0.99051', '-0.00016', '0.99051',
    '0.13741', '-0.00010', '0.00012', '-0.00015', '1.00000']
  '001.0000': ['0.355', '2.279', '0.080', '0.14569', '-0.98933', '-0.00016', '0.98933',
    '0.14569', '-0.00008', '0.00010', '-0.00014', '1.00000']
  '001.0667': ['0.358', '2.304', '0.080', '0.15599', '-0.98776', '-0.00012', '0.98776',
    '0.15599', '-0.00007', '0.00009', '-0.00010', '1.00000']
  '001.1333': ['0.363', '2.332', '0.080', '0.16603', '-0.98612', '-0.00013', '0.98612',
    '0.16603', '-0.00004', '0.00006', '-0.00012', '1.00000']
  '001.2000': ['0.366', '2.355', '0.080', '0.17769', '-0.98409', '-0.00012', '0.98409',
    '0.17769', '-0.00003', '0.00005', '-0.00011', '1.00000']
  '001.2667': ['0.370', '2.377', '0.080', '0.18935', '-0.98191', '-0.00014', '0.98191',
    '0.18935', '0.00001', '0.00001', '-0.00014', '1.00000']
  '001.3333': ['0.375', '2.401', '0.080', '0.20177', '-0.97943', '-0.00017', '0.97943',
    '0.20177', '0.00007', '-0.00004', '-0.00018', '1.00000']
  '001.4000': ['0.380', '2.433', '0.080', '0.21680', '-0.97622', '-0.00015', '0.97622',
    '0.21680', '0.00009', '-0.00005', '-0.00017', '1.00000']
  '001.4667': ['0.390', '2.481', '0.080', '0.23546', '-0.97189', '-0.00036', '0.97189',
    '0.23546', '0.00032', '-0.00023', '-0.00043', '1.00000']
  '001.5333': ['0.397', '2.516', '0.080', '0.25653', '-0.96654', '-0.00037', '0.96654',
    '0.25653', '0.00033', '-0.00023', '-0.00044', '1.00000']
  '001.6000': ['0.404', '2.543', '0.080', '0.27697', '-0.96088', '-0.00034', '0.96088',
    '0.27697', '0.00033', '-0.00022', '-0.00041', '1.00000']
  '001.6667': ['0.412', '2.563', '0.080', '0.29288', '-0.95615', '-0.00030', '0.95615',
    '0.29288', '0.00031', '-0.00021', '-0.00037', '1.00000']
  '001.7333': ['0.421', '2.571', '0.080', '0.29738', '-0.95476', '-0.00020', '0.95476',
    '0.29738', '0.00027', '-0.00019', '-0.00027', '1.00000']
  '001.8000': ['0.430', '2.590', '0.080', '0.20775', '-0.97818', '-0.00018', '0.97818',
    '0.20775', '0.00023', '-0.00018', '-0.00023', '1.00000']
  '001.8667': ['0.437', '2.609', '0.080', '0.10206', '-0.99478', '-0.00016', '0.99478',
    '0.10206', '0.00019', '-0.00017', '-0.00018', '1.00000']
  '001.9333': ['0.441', '2.628', '0.080', '-0.00766', '-0.99997', '-0.00014', '0.99997',
    '-0.00766', '0.00016', '-0.00016', '-0.00014', '1.00000']
  '002.0000': ['0.442', '2.648', '0.080', '-0.11919', '-0.99287', '-0.00012', '0.99287',
    '-0.11919', '0.00013', '-0.00014', '-0.00010', '1.00000']
  '002.0667': ['0.441', '2.668', '0.080', '-0.18984', '-0.98182', '-0.00009', '0.98182',
    '-0.18984', '0.00011', '-0.00012', '-0.00007', '1.00000']
  '002.1333': ['0.437', '2.688', '0.080', '-0.19773', '-0.98026', '-0.00007', '0.98026',
    '-0.19773', '0.00009', '-0.00010', '-0.00005', '1.00000']
  '002.2000': ['0.431', '2.697', '0.080', '-0.19972', '-0.97985', '-0.00008', '0.97985',
    '-0.19972', '0.00027', '-0.00028', '-0.00003', '1.00000']
  '002.2667': ['0.425', '2.721', '0.080', '-0.20291', '-0.97920', '-0.00007', '0.97920',
    '-0.20291', '0.00027', '-0.00028', '-0.00001', '1.00000']
  '002.3333': ['0.425', '2.761', '0.080', '-0.22283', '-0.97486', '-0.00009', '0.97486',
    '-0.22283', '0.00008', '-0.00010', '-0.00007', '1.00000']
  '002.4000': ['0.420', '2.791', '0.080', '-0.15585', '-0.98778', '-0.00009', '0.98778',
    '-0.15585', '0.00008', '-0.00010', '-0.00008', '1.00000']
  '002.4667': ['0.415', '2.816', '0.080', '-0.07664', '-0.99706', '-0.00012', '0.99706',
    '-0.07664', '0.00008', '-0.00009', '-0.00011', '1.00000']
  '002.5333': ['0.410', '2.831', '0.080', '0.01023', '-0.99995', '-0.00005', '0.99995',
    '0.01023', '0.00030', '-0.00030', '-0.00005', '1.00000']
  '002.6000': ['0.408', '2.855', '0.080', '0.10603', '-0.99436', '0.00061', '0.99436',
    '0.10603', '0.00079', '-0.00085', '0.00052', '1.00000']
  '002.6667': ['0.413', '2.885', '0.080', '0.20075', '-0.97964', '-0.00001', '0.97964',
    '0.20075', '0.00026', '-0.00025', '-0.00007', '1.00000']
  '002.7333': ['0.417', '2.909', '0.080', '0.29984', '-0.95399', '-0.00001', '0.95399',
    '0.29984', '0.00022', '-0.00020', '-0.00008', '1.00000']
  '002.8000': ['0.427', '2.939', '0.080', '0.39947', '-0.91675', '-0.00002', '0.91675',
    '0.39947', '0.00017', '-0.00014', '-0.00009', '1.00000']
  '002.8667': ['0.439', '2.965', '0.080', '0.50027', '-0.86587', '-0.00002', '0.86587',
    '0.50027', '0.00013', '-0.00010', '-0.00008', '1.00000']
  '002.9333': ['0.454', '2.991', '0.080', '0.59981', '-0.80014', '-0.00005', '0.80014',
    '0.59981', '0.00009', '-0.00004', '-0.00010', '1.00000']
  '003.0000': ['0.472', '3.016', '0.080', '0.69642', '-0.71764', '-0.00009', '0.71764',
    '0.69642', '0.00009', '-0.00000', '-0.00013', '1.00000']
  '003.0667': ['0.502', '3.049', '0.080', '0.78733', '-0.61653', '-0.00011', '0.61653',
    '0.78733', '0.00008', '0.00004', '-0.00013', '1.00000']
  '003.1333': ['0.537', '3.074', '0.080', '0.86373', '-0.50395', '-0.00017', '0.50395',
    '0.86373', '0.00025', '0.00002', '-0.00030', '1.00000']
  '003.2000': ['0.563', '3.090', '0.080', '0.89889', '-0.43818', '-0.00019', '0.43818',
    '0.89889', '0.00030', '0.00004', '-0.00036', '1.00000']
  '003.2667': ['0.585', '3.101', '0.080', '0.91400', '-0.40572', '-0.00020', '0.40572',
    '0.91400', '0.00032', '0.00005', '-0.00037', '1.00000']
  '003.3333': ['0.605', '3.109', '0.080', '0.92742', '-0.37402', '-0.00019', '0.37402',
    '0.92742', '0.00034', '0.00005', '-0.00038', '1.00000']
  '003.4000': ['0.626', '3.117', '0.080', '0.93972', '-0.34193', '-0.00017', '0.34193',
    '0.93972', '0.00029', '0.00006', '-0.00033', '1.00000']
  '003.4667': ['0.649', '3.125', '0.080', '0.95029', '-0.31137', '-0.00016', '0.31137',
    '0.95029', '0.00030', '0.00006', '-0.00034', '1.00000']
  '003.5333': ['0.674', '3.132', '0.080', '0.95916', '-0.28285', '-0.00015', '0.28285',
    '0.95916', '0.00032', '0.00006', '-0.00035', '1.00000']
  '003.6000': ['0.700', '3.138', '0.080', '0.96626', '-0.25758', '-0.00015', '0.25758',
    '0.96626', '0.00035', '0.00005', '-0.00038', '1.00000']
  '003.6667': ['0.724', '3.143', '0.080', '0.97191', '-0.23534', '-0.00015', '0.23534',
    '0.97191', '0.00035', '0.00006', '-0.00038', '1.00000']
  '003.7333': ['0.748', '3.148', '0.080', '0.97656', '-0.21525', '-0.00013', '0.21525',
    '0.97656', '0.00034', '0.00006', '-0.00036', '1.00000']
  '003.8000': ['0.772', '3.153', '0.080', '0.98051', '-0.19649', '-0.00011', '0.19649',
    '0.98051', '0.00037', '0.00004', '-0.00038', '1.00000']
  '003.8667': ['0.798', '3.158', '0.080', '0.98395', '-0.17844', '-0.00012', '0.17844',
    '0.98395', '0.00036', '0.00005', '-0.00037', '1.00000']
  '003.9333': ['0.827', '3.164', '0.080', '0.98728', '-0.15899', '-0.00012', '0.15899',
    '0.98728', '0.00034', '0.00006', '-0.00036', '1.00000']
  '004.0000': ['0.849', '3.168', '0.080', '0.99029', '-0.13900', '-0.00011', '0.13900',
    '0.99029', '0.00036', '0.00006', '-0.00037', '1.00000']
  '004.0667': ['0.866', '3.174', '0.080', '0.99371', '-0.11195', '-0.00039', '0.11195',
    '0.99371', '0.00040', '0.00035', '-0.00044', '1.00000']
  '004.1333': ['0.891', '3.180', '0.080', '0.99668', '-0.08138', '-0.00035', '0.08138',
    '0.99668', '0.00036', '0.00032', '-0.00039', '1.00000']
  '004.2000': ['0.914', '3.182', '0.080', '0.99867', '-0.05147', '-0.00032', '0.05147',
    '0.99867', '0.00037', '0.00030', '-0.00039', '1.00000']
  '004.2667': ['0.934', '3.183', '0.080', '0.99973', '-0.02327', '-0.00026', '0.02327',
    '0.99973', '0.00038', '0.00025', '-0.00039', '1.00000']
  '004.3333': ['0.951', '3.184', '0.080', '0.99999', '0.00489', '-0.00022', '-0.00489',
    '0.99999', '0.00039', '0.00023', '-0.00039', '1.00000']
  '004.4000': ['0.964', '3.183', '0.080', '0.99948', '0.03212', '-0.00027', '-0.03212',
    '0.99948', '0.00045', '0.00028', '-0.00044', '1.00000']
  '004.4667': ['0.967', '3.181', '0.080', '0.99847', '0.05531', '-0.00043', '-0.05531',
    '0.99847', '0.00075', '0.00047', '-0.00072', '1.00000']
  '004.5333': ['0.984', '3.179', '0.080', '0.99718', '0.07500', '-0.00047', '-0.07499',
    '0.99718', '0.00077', '0.00052', '-0.00073', '1.00000']
  '004.6000': ['1.005', '3.177', '0.080', '0.99568', '0.09283', '-0.00046', '-0.09283',
    '0.99568', '0.00076', '0.00052', '-0.00071', '1.00000']
  '004.6667': ['1.029', '3.173', '0.080', '0.99424', '0.10715', '-0.00046', '-0.10715',
    '0.99424', '0.00080', '0.00054', '-0.00075', '1.00000']
  '004.7333': ['1.056', '3.169', '0.080', '0.99278', '0.11991', '-0.00046', '-0.11991',
    '0.99278', '0.00082', '0.00056', '-0.00076', '1.00000']
  '004.8000': ['1.087', '3.165', '0.080', '0.99746', '0.07126', '-0.00034', '-0.07125',
    '0.99746', '0.00076', '0.00039', '-0.00073', '1.00000']
  '004.8667': ['1.119', '3.162', '0.080', '0.99978', '-0.02118', '-0.00023', '0.02118',
    '0.99978', '0.00069', '0.00022', '-0.00070', '1.00000']
  '004.9333': ['1.151', '3.162', '0.080', '0.99991', '-0.01319', '-0.00014', '0.01319',
    '0.99991', '0.00062', '0.00014', '-0.00063', '1.00000']
  '005.0000': ['1.183', '3.161', '0.080', '0.99999', '-0.00419', '-0.00007', '0.00419',
    '0.99999', '0.00056', '0.00007', '-0.00056', '1.00000']
  '005.0667': ['1.211', '3.161', '0.080', '1.00000', '0.00057', '-0.00000', '-0.00057',
    '1.00000', '0.00053', '0.00000', '-0.00053', '1.00000']
  '005.1333': ['1.237', '3.160', '0.080', '1.00000', '0.00089', '0.00001', '-0.00089',
    '1.00000', '0.00055', '-0.00001', '-0.00055', '1.00000']
  '005.2000': ['1.262', '3.158', '0.080', '0.99999', '-0.00366', '0.00006', '0.00366',
    '0.99999', '0.00059', '-0.00006', '-0.00059', '1.00000']
  '005.2667': ['1.287', '3.159', '0.080', '0.99995', '-0.00971', '0.00013', '0.00971',
    '0.99995', '0.00060', '-0.00013', '-0.00060', '1.00000']
  '005.3333': ['1.314', '3.159', '0.080', '0.99984', '-0.01807', '0.00016', '0.01807',
    '0.99984', '0.00060', '-0.00017', '-0.00059', '1.00000']
  '005.4000': ['1.344', '3.162', '0.080', '0.99968', '-0.02533', '0.00021', '0.02533',
    '0.99968', '0.00063', '-0.00022', '-0.00062', '1.00000']
  '005.4667': ['1.383', '3.170', '0.080', '0.99983', '-0.01830', '0.00007', '0.01830',
    '0.99983', '0.00056', '-0.00008', '-0.00056', '1.00000']
  '005.5333': ['1.412', '3.173', '0.080', '0.99994', '-0.01125', '0.00012', '0.01125',
    '0.99994', '0.00054', '-0.00013', '-0.00054', '1.00000']
  '005.6000': ['1.439', '3.173', '0.080', '0.99996', '-0.00855', '0.00020', '0.00855',
    '0.99996', '0.00058', '-0.00020', '-0.00058', '1.00000']
  '005.6667': ['1.466', '3.172', '0.080', '0.99994', '-0.01069', '0.00027', '0.01069',
    '0.99994', '0.00057', '-0.00028', '-0.00056', '1.00000']
  '005.7333': ['1.494', '3.173', '0.080', '0.99986', '-0.01645', '0.00035', '0.01645',
    '0.99986', '0.00052', '-0.00036', '-0.00051', '1.00000']
  '005.8000': ['1.524', '3.176', '0.080', '0.99973', '-0.02315', '0.00038', '0.02315',
    '0.99973', '0.00050', '-0.00039', '-0.00049', '1.00000']
  '005.8667': ['1.559', '3.188', '0.080', '0.99994', '-0.01067', '0.00031', '0.01067',
    '0.99994', '0.00058', '-0.00032', '-0.00057', '1.00000']
  '005.9333': ['1.606', '3.201', '0.080', '0.99734', '-0.07286', '0.00057', '0.07286',
    '0.99734', '0.00063', '-0.00062', '-0.00059', '1.00000']
  '006.0000': ['1.640', '3.206', '0.080', '0.99078', '-0.13545', '0.00063', '0.13545',
    '0.99078', '0.00062', '-0.00071', '-0.00053', '1.00000']
  '006.0667': ['1.669', '3.207', '0.080', '0.97855', '-0.20599', '0.00064', '0.20599',
    '0.97855', '0.00063', '-0.00076', '-0.00049', '1.00000']
  '006.1333': ['1.698', '3.211', '0.080', '0.98097', '-0.19416', '0.00065', '0.19416',
    '0.98097', '0.00057', '-0.00075', '-0.00043', '1.00000']
  '006.2000': ['1.726', '3.213', '0.080', '0.98374', '-0.17959', '0.00066', '0.17959',
    '0.98374', '0.00056', '-0.00075', '-0.00043', '1.00000']
  '006.2667': ['1.751', '3.215', '0.080', '0.98490', '-0.17310', '0.00062', '0.17310',
    '0.98490', '0.00060', '-0.00072', '-0.00048', '1.00000']
  '006.3333': ['1.778', '3.218', '0.080', '0.98540', '-0.17025', '0.00058', '0.17025',
    '0.98540', '0.00056', '-0.00067', '-0.00046', '1.00000']
  '006.4000': ['1.804', '3.223', '0.080', '0.99241', '-0.12300', '0.00057', '0.12300',
    '0.99241', '0.00055', '-0.00064', '-0.00048', '1.00000']
  '006.4667': ['1.829', '3.227', '0.080', '0.99989', '-0.01485', '0.00054', '0.01485',
    '0.99989', '0.00055', '-0.00055', '-0.00054', '1.00000']
  '006.5333': ['1.853', '3.229', '0.080', '0.99521', '0.09775', '0.00053', '-0.09775',
    '0.99521', '0.00049', '-0.00048', '-0.00054', '1.00000']
  '006.6000': ['1.876', '3.228', '0.080', '0.98517', '0.17155', '0.00046', '-0.17155',
    '0.98517', '0.00050', '-0.00037', '-0.00057', '1.00000']
  '006.6667': ['1.898', '3.225', '0.080', '0.98182', '0.18981', '0.00042', '-0.18981',
    '0.98182', '0.00047', '-0.00033', '-0.00054', '1.00000']
  '006.7333': ['1.916', '3.217', '0.080', '0.97902', '0.20375', '0.00037', '-0.20375',
    '0.97902', '0.00046', '-0.00027', '-0.00052', '1.00000']
  '006.8000': ['1.933', '3.210', '0.080', '0.97763', '0.21031', '0.00031', '-0.21032',
    '0.97763', '0.00045', '-0.00021', '-0.00051', '1.00000']
  '006.8667': ['1.950', '3.202', '0.080', '0.97781', '0.20947', '0.00025', '-0.20947',
    '0.97781', '0.00045', '-0.00016', '-0.00049', '1.00000']
  '006.9333': ['1.967', '3.194', '0.080', '0.97955', '0.20122', '0.00020', '-0.20122',
    '0.97955', '0.00044', '-0.00011', '-0.00047', '1.00000']
  '007.0000': ['1.984', '3.186', '0.080', '0.98849', '0.15127', '0.00014', '-0.15127',
    '0.98849', '0.00043', '-0.00007', '-0.00045', '1.00000']
  '007.0667': ['2.001', '3.179', '0.080', '0.99972', '0.02384', '0.00009', '-0.02384',
    '0.99972', '0.00042', '-0.00008', '-0.00042', '1.00000']
  '007.1333': ['2.018', '3.176', '0.080', '0.99993', '-0.01223', '0.00003', '0.01223',
    '0.99993', '0.00041', '-0.00004', '-0.00041', '1.00000']
  '007.2000': ['2.035', '3.174', '0.080', '0.99895', '-0.04590', '-0.00002', '0.04590',
    '0.99895', '0.00040', '-0.00000', '-0.00040', '1.00000']
  '007.2667': ['2.053', '3.172', '0.080', '0.99646', '-0.08408', '-0.00006', '0.08408',
    '0.99646', '0.00039', '0.00003', '-0.00039', '1.00000']
  '007.3333': ['2.070', '3.171', '0.080', '0.99200', '-0.12622', '-0.00010', '0.12622',
    '0.99200', '0.00037', '0.00005', '-0.00038', '1.00000']
  '007.4000': ['2.092', '3.175', '0.080', '0.98615', '-0.16584', '-0.00018', '0.16584',
    '0.98615', '0.00042', '0.00011', '-0.00044', '1.00000']
  '007.4667': ['2.116', '3.180', '0.080', '0.97927', '-0.20258', '-0.00022', '0.20258',
    '0.97927', '0.00039', '0.00014', '-0.00042', '1.00000']
  '007.5333': ['2.136', '3.188', '0.080', '0.99021', '-0.13958', '-0.00018', '0.13958',
    '0.99021', '0.00035', '0.00013', '-0.00037', '1.00000']
  '007.6000': ['2.157', '3.195', '0.080', '0.99814', '-0.06102', '-0.00013', '0.06102',
    '0.99814', '0.00031', '0.00011', '-0.00032', '1.00000']
  '007.6667': ['2.179', '3.199', '0.080', '0.99973', '0.02311', '-0.00009', '-0.02311',
    '0.99973', '0.00028', '0.00009', '-0.00028', '1.00000']
  '007.7333': ['2.200', '3.202', '0.080', '0.99373', '0.11183', '-0.00004', '-0.11183',
    '0.99373', '0.00024', '0.00007', '-0.00024', '1.00000']
  '007.8000': ['2.221', '3.203', '0.080', '0.97901', '0.20382', '0.00001', '-0.20382',
    '0.97901', '0.00021', '0.00004', '-0.00021', '1.00000']
  '007.8667': ['2.242', '3.201', '0.080', '0.95477', '0.29733', '0.00005', '-0.29733',
    '0.95477', '0.00018', '0.00000', '-0.00019', '1.00000']
  '007.9333': ['2.262', '3.196', '0.080', '0.94680', '0.32182', '0.00010', '-0.32182',
    '0.94680', '0.00015', '-0.00005', '-0.00017', '1.00000']
  '008.0000': ['2.281', '3.191', '0.080', '0.94778', '0.31893', '0.00014', '-0.31893',
    '0.94778', '0.00011', '-0.00010', '-0.00015', '1.00000']
  '008.0667': ['2.301', '3.185', '0.080', '0.94796', '0.31839', '0.00018', '-0.31839',
    '0.94796', '0.00008', '-0.00015', '-0.00014', '1.00000']
  '008.1333': ['2.325', '3.177', '0.080', '0.94796', '0.31839', '0.00018', '-0.31839',
    '0.94796', '0.00008', '-0.00015', '-0.00014', '1.00000']
  '008.2000': ['2.349', '3.169', '0.080', '0.94796', '0.31839', '0.00018', '-0.31839',
    '0.94796', '0.00008', '-0.00015', '-0.00014', '1.00000']
  '008.2667': ['2.373', '3.161', '0.080', '0.94796', '0.31839', '0.00018', '-0.31839',
    '0.94796', '0.00008', '-0.00015', '-0.00014', '1.00000']
  '008.3333': ['2.397', '3.154', '0.080', '0.91661', '0.39978', '0.00018', '-0.39978',
    '0.91661', '0.00008', '-0.00013', '-0.00015', '1.00000']
  '008.4000': ['2.421', '3.145', '0.080', '0.86980', '0.49341', '0.00018', '-0.49341',
    '0.86980', '0.00008', '-0.00012', '-0.00016', '1.00000']
  '008.4667': ['2.443', '3.133', '0.080', '0.81346', '0.58163', '0.00018', '-0.58163',
    '0.81346', '0.00008', '-0.00010', '-0.00017', '1.00000']
