begin_time_stamp: 1574104254.9333303
data_header:
  time_stamp: [x, y, z, R11, R12, R13, R21, R22, R23, R31, R32, R33]
trajectory_data:
  '000.0000': ['2.566', '3.032', '0.080', '0.59868', '0.80099', '0.00007', '-0.80099',
    '0.59868', '0.00009', '0.00003', '-0.00012', '1.00000']
  '000.0667': ['2.582', '3.000', '0.080', '0.56839', '0.82276', '0.00013', '-0.82276',
    '0.56839', '0.00005', '-0.00003', '-0.00014', '1.00000']
  '000.1333': ['2.595', '2.976', '0.080', '0.49952', '0.86630', '0.00014', '-0.86630',
    '0.49952', '0.00007', '-0.00001', '-0.00016', '1.00000']
  '000.2000': ['2.607', '2.954', '0.080', '0.42926', '0.90318', '0.00012', '-0.90318',
    '0.42926', '0.00007', '0.00001', '-0.00014', '1.00000']
  '000.2667': ['2.618', '2.936', '0.080', '0.35362', '0.93539', '0.00011', '-0.93539',
    '0.35362', '0.00008', '0.00003', '-0.00013', '1.00000']
  '000.3333': ['2.627', '2.925', '0.080', '0.26578', '0.96403', '0.00005', '-0.96403',
    '0.26578', '0.00007', '0.00006', '-0.00007', '1.00000']
  '000.4000': ['2.634', '2.906', '0.080', '0.16799', '0.98579', '0.00003', '-0.98579',
    '0.16799', '0.00006', '0.00006', '-0.00004', '1.00000']
  '000.4667': ['2.640', '2.884', '0.080', '0.05884', '0.99827', '0.00007', '-0.99827',
    '0.05884', '0.00004', '0.00004', '-0.00007', '1.00000']
  '000.5333': ['2.644', '2.860', '0.080', '-0.06187', '0.99808', '0.00006', '-0.99808',
    '-0.06187', '0.00004', '0.00005', '-0.00006', '1.00000']
  '000.6000': ['2.644', '2.837', '0.080', '-0.09616', '0.99537', '0.00007', '-0.99537',
    '-0.09616', '0.00008', '0.00008', '-0.00006', '1.00000']
  '000.6667': ['2.642', '2.810', '0.080', '-0.12988', '0.99153', '0.00004', '-0.99153',
    '-0.12988', '0.00010', '0.00011', '-0.00003', '1.00000']
  '000.7333': ['2.640', '2.788', '0.080', '-0.16446', '0.98638', '0.00001', '-0.98638',
    '-0.16446', '0.00010', '0.00010', '0.00000', '1.00000']
  '000.8000': ['2.635', '2.764', '0.080', '-0.19740', '0.98032', '0.00002', '-0.98032',
    '-0.19740', '0.00013', '0.00013', '0.00001', '1.00000']
  '000.8667': ['2.626', '2.738', '0.080', '-0.22400', '0.97459', '0.00011', '-0.97459',
    '-0.22400', '0.00032', '0.00034', '-0.00003', '1.00000']
  '000.9333': ['2.619', '2.724', '0.080', '-0.24387', '0.96981', '0.00010', '-0.96981',
    '-0.24387', '0.00034', '0.00035', '-0.00001', '1.00000']
  '001.0000': ['2.614', '2.702', '0.080', '-0.26570', '0.96406', '0.00013', '-0.96406',
    '-0.26570', '0.00034', '0.00036', '-0.00003', '1.00000']
  '001.0667': ['2.608', '2.680', '0.080', '-0.25029', '0.96817', '0.00013', '-0.96817',
    '-0.25029', '0.00038', '0.00040', '-0.00003', '1.00000']
  '001.1333': ['2.601', '2.657', '0.080', '-0.17433', '0.98469', '0.00015', '-0.98469',
    '-0.17433', '0.00041', '0.00043', '-0.00007', '1.00000']
  '001.2000': ['2.595', '2.630', '0.080', '-0.09195', '0.99576', '0.00017', '-0.99576',
    '-0.09195', '0.00044', '0.00045', '-0.00013', '1.00000']
  '001.2667': ['2.591', '2.606', '0.080', '-0.04311', '0.99907', '0.00018', '-0.99907',
    '-0.04311', '0.00046', '0.00046', '-0.00016', '1.00000']
  '001.3333': ['2.590', '2.585', '0.080', '-0.04701', '0.99889', '0.00022', '-0.99889',
    '-0.04701', '0.00045', '0.00046', '-0.00020', '1.00000']
  '001.4000': ['2.588', '2.562', '0.080', '-0.04585', '0.99895', '0.00025', '-0.99895',
    '-0.04585', '0.00043', '0.00044', '-0.00023', '1.00000']
  '001.4667': ['2.586', '2.534', '0.080', '-0.04146', '0.99914', '0.00023', '-0.99914',
    '-0.04146', '0.00036', '0.00037', '-0.00022', '1.00000']
  '001.5333': ['2.585', '2.507', '0.080', '-0.03544', '0.99937', '0.00021', '-0.99937',
    '-0.03544', '0.00031', '0.00032', '-0.00020', '1.00000']
  '001.6000': ['2.583', '2.485', '0.080', '-0.02800', '0.99961', '0.00028', '-0.99961',
    '-0.02800', '0.00037', '0.00037', '-0.00027', '1.00000']
  '001.6667': ['2.584', '2.463', '0.080', '-0.02248', '0.99975', '0.00026', '-0.99975',
    '-0.02248', '0.00029', '0.00029', '-0.00025', '1.00000']
  '001.7333': ['2.582', '2.436', '0.080', '-0.01369', '0.99991', '0.00025', '-0.99991',
    '-0.01369', '0.00023', '0.00024', '-0.00025', '1.00000']
  '001.8000': ['2.584', '2.414', '0.080', '-0.00811', '0.99997', '0.00020', '-0.99997',
    '-0.00811', '0.00016', '0.00016', '-0.00020', '1.00000']
  '001.8667': ['2.594', '2.396', '0.080', '-0.02183', '0.99976', '0.00007', '-0.99976',
    '-0.02183', '0.00043', '0.00043', '-0.00006', '1.00000']
  '001.9333': ['2.594', '2.371', '0.080', '-0.03488', '0.99939', '0.00003', '-0.99939',
    '-0.03488', '0.00019', '0.00020', '-0.00002', '1.00000']
  '002.0000': ['2.594', '2.343', '0.080', '-0.04677', '0.99891', '0.00002', '-0.99891',
    '-0.04677', '0.00017', '0.00017', '-0.00001', '1.00000']
  '002.0667': ['2.591', '2.319', '0.080', '-0.05556', '0.99846', '-0.00000', '-0.99846',
    '-0.05556', '0.00011', '0.00011', '0.00001', '1.00000']
  '002.1333': ['2.590', '2.295', '0.080', '-0.06399', '0.99795', '-0.00002', '-0.99795',
    '-0.06399', '0.00006', '0.00006', '0.00002', '1.00000']
  '002.2000': ['2.588', '2.271', '0.080', '-0.07082', '0.99749', '-0.00002', '-0.99749',
    '-0.07082', '-0.00001', '-0.00001', '0.00002', '1.00000']
  '002.2667': ['2.586', '2.249', '0.080', '-0.07616', '0.99710', '-0.00000', '-0.99710',
    '-0.07616', '-0.00005', '-0.00005', '-0.00000', '1.00000']
  '002.3333': ['2.584', '2.227', '0.080', '-0.08117', '0.99670', '-0.00001', '-0.99670',
    '-0.08117', '-0.00010', '-0.00010', '-0.00000', '1.00000']
  '002.4000': ['2.581', '2.199', '0.080', '-0.08545', '0.99634', '-0.00002', '-0.99634',
    '-0.08545', '-0.00011', '-0.00011', '0.00001', '1.00000']
  '002.4667': ['2.579', '2.175', '0.080', '-0.09092', '0.99586', '-0.00001', '-0.99586',
    '-0.09092', '-0.00009', '-0.00009', '0.00001', '1.00000']
  '002.5333': ['2.577', '2.147', '0.080', '-0.09675', '0.99531', '-0.00000', '-0.99531',
    '-0.09675', '-0.00011', '-0.00011', '-0.00001', '1.00000']
  '002.6000': ['2.574', '2.122', '0.080', '-0.10276', '0.99471', '-0.00002', '-0.99471',
    '-0.10276', '-0.00010', '-0.00010', '0.00001', '1.00000']
  '002.6667': ['2.572', '2.099', '0.080', '-0.11095', '0.99383', '-0.00005', '-0.99383',
    '-0.11095', '-0.00010', '-0.00010', '0.00004', '1.00000']
  '002.7333': ['2.570', '2.075', '0.080', '-0.12067', '0.99269', '-0.00003', '-0.99269',
    '-0.12067', '-0.00010', '-0.00011', '0.00002', '1.00000']
  '002.8000': ['2.567', '2.048', '0.080', '-0.13228', '0.99121', '-0.00002', '-0.99121',
    '-0.13228', '-0.00009', '-0.00009', '0.00001', '1.00000']
  '002.8667': ['2.564', '2.023', '0.080', '-0.14443', '0.98951', '-0.00002', '-0.98951',
    '-0.14443', '-0.00008', '-0.00008', '0.00000', '1.00000']
  '002.9333': ['2.561', '1.999', '0.080', '-0.15882', '0.98731', '-0.00003', '-0.98731',
    '-0.15882', '-0.00006', '-0.00006', '0.00002', '1.00000']
  '003.0000': ['2.557', '1.972', '0.080', '-0.14512', '0.98941', '-0.00003', '-0.98941',
    '-0.14512', '-0.00005', '-0.00005', '0.00002', '1.00000']
  '003.0667': ['2.553', '1.947', '0.080', '-0.05957', '0.99822', '-0.00002', '-0.99822',
    '-0.05957', '-0.00004', '-0.00005', '0.00001', '1.00000']
  '003.1333': ['2.549', '1.921', '0.080', '-0.05699', '0.99838', '-0.00002', '-0.99838',
    '-0.05699', '-0.00003', '-0.00003', '0.00001', '1.00000']
  '003.2000': ['2.546', '1.891', '0.080', '-0.06004', '0.99820', '-0.00004', '-0.99820',
    '-0.06004', '-0.00003', '-0.00004', '0.00003', '1.00000']
  '003.2667': ['2.544', '1.864', '0.080', '-0.06128', '0.99812', '-0.00004', '-0.99812',
    '-0.06128', '-0.00005', '-0.00006', '0.00003', '1.00000']
  '003.3333': ['2.542', '1.837', '0.080', '-0.06055', '0.99816', '-0.00002', '-0.99816',
    '-0.06055', '-0.00008', '-0.00008', '0.00001', '1.00000']
  '003.4000': ['2.540', '1.811', '0.080', '-0.05968', '0.99822', '-0.00000', '-0.99822',
    '-0.05968', '-0.00009', '-0.00009', '-0.00000', '1.00000']
  '003.4667': ['2.540', '1.781', '0.080', '-0.06268', '0.99803', '-0.00003', '-0.99803',
    '-0.06268', '-0.00012', '-0.00012', '0.00002', '1.00000']
  '003.5333': ['2.539', '1.756', '0.080', '-0.06818', '0.99767', '-0.00002', '-0.99767',
    '-0.06818', '-0.00014', '-0.00014', '0.00001', '1.00000']
  '003.6000': ['2.538', '1.731', '0.080', '-0.07516', '0.99717', '-0.00002', '-0.99717',
    '-0.07516', '-0.00020', '-0.00020', '0.00001', '1.00000']
  '003.6667': ['2.533', '1.701', '0.080', '-0.07797', '0.99696', '-0.00001', '-0.99696',
    '-0.07797', '-0.00030', '-0.00030', '-0.00001', '1.00000']
  '003.7333': ['2.531', '1.675', '0.080', '-0.08029', '0.99677', '-0.00002', '-0.99677',
    '-0.08029', '-0.00032', '-0.00032', '-0.00000', '1.00000']
  '003.8000': ['2.530', '1.655', '0.080', '-0.08566', '0.99632', '-0.00005', '-0.99632',
    '-0.08566', '-0.00030', '-0.00030', '0.00003', '1.00000']
  '003.8667': ['2.527', '1.635', '0.080', '-0.08843', '0.99608', '-0.00017', '-0.99608',
    '-0.08843', '-0.00038', '-0.00040', '0.00014', '1.00000']
  '003.9333': ['2.525', '1.608', '0.080', '-0.01799', '0.99984', '-0.00016', '-0.99984',
    '-0.01799', '-0.00034', '-0.00034', '0.00016', '1.00000']
  '004.0000': ['2.523', '1.583', '0.080', '0.06139', '0.99811', '-0.00016', '-0.99811',
    '0.06139', '-0.00034', '-0.00033', '0.00018', '1.00000']
  '004.0667': ['2.524', '1.554', '0.080', '0.06447', '0.99792', '-0.00015', '-0.99792',
    '0.06447', '-0.00035', '-0.00034', '0.00018', '1.00000']
  '004.1333': ['2.526', '1.524', '0.080', '0.06877', '0.99763', '-0.00005', '-0.99763',
    '0.06877', '-0.00033', '-0.00032', '0.00007', '1.00000']
  '004.2000': ['2.529', '1.494', '0.080', '0.07207', '0.99740', '0.00005', '-0.99740',
    '0.07207', '-0.00032', '-0.00032', '-0.00003', '1.00000']
  '004.2667': ['2.531', '1.464', '0.080', '0.07438', '0.99723', '0.00016', '-0.99723',
    '0.07438', '-0.00033', '-0.00034', '-0.00013', '1.00000']
  '004.3333': ['2.534', '1.437', '0.080', '0.07624', '0.99709', '0.00021', '-0.99709',
    '0.07624', '-0.00033', '-0.00034', '-0.00018', '1.00000']
  '004.4000': ['2.536', '1.413', '0.080', '0.07754', '0.99699', '0.00022', '-0.99699',
    '0.07754', '-0.00034', '-0.00036', '-0.00019', '1.00000']
  '004.4667': ['2.538', '1.389', '0.080', '0.07848', '0.99692', '0.00021', '-0.99692',
    '0.07848', '-0.00039', '-0.00040', '-0.00018', '1.00000']
  '004.5333': ['2.540', '1.367', '0.080', '0.07866', '0.99690', '0.00021', '-0.99690',
    '0.07866', '-0.00039', '-0.00040', '-0.00018', '1.00000']
  '004.6000': ['2.542', '1.347', '0.080', '0.07800', '0.99695', '0.00024', '-0.99695',
    '0.07800', '-0.00041', '-0.00043', '-0.00020', '1.00000']
  '004.6667': ['2.544', '1.325', '0.080', '0.07570', '0.99713', '0.00023', '-0.99713',
    '0.07570', '-0.00044', '-0.00045', '-0.00020', '1.00000']
  '004.7333': ['2.546', '1.305', '0.080', '0.07232', '0.99738', '0.00025', '-0.99738',
    '0.07232', '-0.00049', '-0.00050', '-0.00021', '1.00000']
  '004.8000': ['2.548', '1.282', '0.080', '0.06768', '0.99771', '0.00021', '-0.99771',
    '0.06768', '-0.00052', '-0.00054', '-0.00017', '1.00000']
  '004.8667': ['2.551', '1.257', '0.080', '0.06139', '0.99811', '0.00021', '-0.99811',
    '0.06139', '-0.00056', '-0.00057', '-0.00018', '1.00000']
  '004.9333': ['2.553', '1.233', '0.080', '0.05311', '0.99859', '0.00022', '-0.99859',
    '0.05311', '-0.00057', '-0.00058', '-0.00019', '1.00000']
  '005.0000': ['2.555', '1.213', '0.080', '0.04341', '0.99906', '0.00023', '-0.99906',
    '0.04341', '-0.00059', '-0.00060', '-0.00021', '1.00000']
  '005.0667': ['2.556', '1.190', '0.080', '0.03242', '0.99947', '0.00022', '-0.99947',
    '0.03242', '-0.00060', '-0.00061', '-0.00020', '1.00000']
  '005.1333': ['2.557', '1.162', '0.080', '0.02061', '0.99979', '0.00019', '-0.99979',
    '0.02061', '-0.00062', '-0.00062', '-0.00018', '1.00000']
  '005.2000': ['2.557', '1.134', '0.080', '0.00901', '0.99996', '0.00018', '-0.99996',
    '0.00901', '-0.00063', '-0.00063', '-0.00017', '1.00000']
  '005.2667': ['2.556', '1.108', '0.080', '-0.00059', '1.00000', '0.00015', '-1.00000',
    '-0.00059', '-0.00065', '-0.00065', '-0.00015', '1.00000']
  '005.3333': ['2.551', '1.089', '0.080', '-0.00129', '1.00000', '-0.00008', '-1.00000',
    '-0.00129', '-0.00046', '-0.00046', '0.00008', '1.00000']
  '005.4000': ['2.550', '1.066', '0.080', '-0.00173', '1.00000', '-0.00012', '-1.00000',
    '-0.00173', '-0.00042', '-0.00042', '0.00012', '1.00000']
  '005.4667': ['2.551', '1.037', '0.080', '-0.00456', '0.99999', '-0.00012', '-0.99999',
    '-0.00456', '-0.00036', '-0.00036', '0.00012', '1.00000']
  '005.5333': ['2.552', '1.009', '0.080', '-0.01030', '0.99995', '-0.00012', '-0.99995',
    '-0.01030', '-0.00033', '-0.00033', '0.00011', '1.00000']
  '005.6000': ['2.552', '0.984', '0.080', '-0.01784', '0.99984', '-0.00009', '-0.99984',
    '-0.01784', '-0.00033', '-0.00033', '0.00009', '1.00000']
  '005.6667': ['2.552', '0.959', '0.080', '-0.02658', '0.99965', '-0.00011', '-0.99965',
    '-0.02658', '-0.00033', '-0.00033', '0.00010', '1.00000']
  '005.7333': ['2.551', '0.933', '0.080', '-0.03668', '0.99933', '-0.00011', '-0.99933',
    '-0.03668', '-0.00030', '-0.00030', '0.00010', '1.00000']
  '005.8000': ['2.550', '0.909', '0.080', '-0.04682', '0.99890', '-0.00011', '-0.99890',
    '-0.04682', '-0.00029', '-0.00030', '0.00010', '1.00000']
  '005.8667': ['2.547', '0.887', '0.080', '-0.05393', '0.99854', '-0.00013', '-0.99854',
    '-0.05393', '-0.00030', '-0.00031', '0.00011', '1.00000']
  '005.9333': ['2.540', '0.860', '0.080', '-0.04990', '0.99875', '-0.00043', '-0.99875',
    '-0.04990', '-0.00025', '-0.00027', '0.00041', '1.00000']
  '006.0000': ['2.537', '0.835', '0.080', '-0.04192', '0.99912', '-0.00047', '-0.99912',
    '-0.04192', '-0.00025', '-0.00027', '0.00046', '1.00000']
  '006.0667': ['2.535', '0.809', '0.080', '-0.03221', '0.99948', '-0.00048', '-0.99948',
    '-0.03221', '-0.00027', '-0.00028', '0.00047', '1.00000']
  '006.1333': ['2.534', '0.784', '0.080', '-0.02113', '0.99978', '-0.00049', '-0.99978',
    '-0.02113', '-0.00027', '-0.00028', '0.00048', '1.00000']
  '006.2000': ['2.532', '0.757', '0.080', '-0.00703', '0.99998', '-0.00050', '-0.99998',
    '-0.00703', '-0.00028', '-0.00029', '0.00049', '1.00000']
  '006.2667': ['2.530', '0.732', '0.080', '0.01157', '0.99993', '-0.00047', '-0.99993',
    '0.01157', '-0.00032', '-0.00032', '0.00048', '1.00000']
  '006.3333': ['2.530', '0.708', '0.080', '0.03119', '0.99951', '-0.00050', '-0.99951',
    '0.03119', '-0.00034', '-0.00033', '0.00051', '1.00000']
  '006.4000': ['2.530', '0.684', '0.080', '-0.04952', '0.99877', '-0.00055', '-0.99877',
    '-0.04952', '-0.00032', '-0.00035', '0.00053', '1.00000']
  '006.4667': ['2.530', '0.658', '0.080', '-0.13047', '0.99145', '-0.00060', '-0.99145',
    '-0.13048', '-0.00022', '-0.00030', '0.00057', '1.00000']
  '006.5333': ['2.529', '0.632', '0.080', '-0.21437', '0.97675', '-0.00061', '-0.97675',
    '-0.21437', '-0.00019', '-0.00032', '0.00055', '1.00000']
  '006.6000': ['2.526', '0.609', '0.080', '-0.30301', '0.95299', '-0.00058', '-0.95299',
    '-0.30301', '-0.00019', '-0.00035', '0.00049', '1.00000']
  '006.6667': ['2.521', '0.584', '0.080', '-0.32835', '0.94455', '-0.00057', '-0.94455',
    '-0.32835', '-0.00032', '-0.00049', '0.00044', '1.00000']
  '006.7333': ['2.514', '0.563', '0.080', '-0.32652', '0.94519', '-0.00057', '-0.94519',
    '-0.32652', '-0.00041', '-0.00057', '0.00041', '1.00000']
  '006.8000': ['2.506', '0.538', '0.080', '-0.32594', '0.94539', '-0.00060', '-0.94539',
    '-0.32594', '-0.00039', '-0.00057', '0.00044', '1.00000']
  '006.8667': ['2.496', '0.513', '0.080', '-0.32169', '0.94684', '-0.00062', '-0.94684',
    '-0.32169', '-0.00037', '-0.00055', '0.00047', '1.00000']
  '006.9333': ['2.484', '0.493', '0.080', '-0.30648', '0.95188', '-0.00061', '-0.95188',
    '-0.30648', '-0.00040', '-0.00056', '0.00046', '1.00000']
  '007.0000': ['2.470', '0.474', '0.080', '-0.27382', '0.96178', '-0.00058', '-0.96178',
    '-0.27382', '-0.00047', '-0.00061', '0.00043', '1.00000']
  '007.0667': ['2.455', '0.454', '0.080', '-0.22023', '0.97545', '-0.00056', '-0.97545',
    '-0.22023', '-0.00056', '-0.00067', '0.00043', '1.00000']
  '007.1333': ['2.442', '0.435', '0.080', '-0.15908', '0.98727', '-0.00055', '-0.98727',
    '-0.15908', '-0.00057', '-0.00065', '0.00045', '1.00000']
  '007.2000': ['2.429', '0.413', '0.080', '-0.15850', '0.98736', '-0.00052', '-0.98736',
    '-0.15850', '-0.00057', '-0.00065', '0.00043', '1.00000']
  '007.2667': ['2.418', '0.393', '0.080', '-0.13384', '0.99100', '-0.00050', '-0.99100',
    '-0.13384', '-0.00058', '-0.00065', '0.00042', '1.00000']
  '007.3333': ['2.408', '0.370', '0.080', '-0.08596', '0.99630', '-0.00046', '-0.99630',
    '-0.08596', '-0.00059', '-0.00063', '0.00041', '1.00000']
  '007.4000': ['2.406', '0.343', '0.080', '-0.02662', '0.99965', '-0.00038', '-0.99965',
    '-0.02662', '-0.00057', '-0.00058', '0.00036', '1.00000']
  '007.4667': ['2.419', '0.300', '0.080', '0.01062', '0.99994', '-0.00022', '-0.99994',
    '0.01062', '-0.00045', '-0.00045', '0.00023', '1.00000']
  '007.5333': ['2.434', '0.256', '0.080', '0.02872', '0.99959', '-0.00009', '-0.99959',
    '0.02872', '-0.00033', '-0.00033', '0.00010', '1.00000']
  '007.6000': ['2.449', '0.212', '0.080', '0.10615', '0.99435', '0.00004', '-0.99435',
    '0.10615', '-0.00021', '-0.00022', '-0.00002', '1.00000']
  '007.6667': ['2.466', '0.168', '0.080', '0.15402', '0.98807', '0.00015', '-0.98807',
    '0.15402', '-0.00010', '-0.00012', '-0.00014', '1.00000']
  '007.7333': ['2.485', '0.124', '0.080', '0.17451', '0.98466', '0.00027', '-0.98466',
    '0.17451', '0.00000', '-0.00004', '-0.00026', '1.00000']
  '007.8000': ['2.504', '0.079', '0.080', '0.16865', '0.98568', '0.00038', '-0.98568',
    '0.16865', '0.00009', '0.00003', '-0.00039', '1.00000']
  '007.8667': ['2.523', '0.035', '0.080', '0.13613', '0.99069', '0.00050', '-0.99069',
    '0.13613', '0.00017', '0.00010', '-0.00052', '1.00000']
  '007.9333': ['2.541', '-0.009', '0.080', '0.07538', '0.99715', '0.00062', '-0.99715',
    '0.07538', '0.00022', '0.00017', '-0.00063', '1.00000']
  '008.0000': ['2.558', '-0.053', '0.080', '-0.10783', '0.99417', '0.00074', '-0.99417',
    '-0.10784', '0.00025', '0.00033', '-0.00071', '1.00000']
  '008.0667': ['2.563', '-0.086', '0.080', '-0.31387', '0.94947', '0.00074', '-0.94947',
    '-0.31387', '0.00019', '0.00041', '-0.00064', '1.00000']
  '008.1333': ['2.561', '-0.110', '0.080', '-0.51254', '0.85866', '0.00074', '-0.85866',
    '-0.51254', '0.00014', '0.00049', '-0.00056', '1.00000']
  '008.2000': ['2.552', '-0.127', '0.080', '-0.62455', '0.78098', '0.00071', '-0.78098',
    '-0.62455', '0.00012', '0.00053', '-0.00048', '1.00000']
  '008.2667': ['2.539', '-0.139', '0.080', '-0.70622', '0.70799', '0.00069', '-0.70799',
    '-0.70622', '0.00009', '0.00055', '-0.00042', '1.00000']
  '008.3333': ['2.523', '-0.148', '0.080', '-0.77355', '0.63373', '0.00068', '-0.63373',
    '-0.77355', '0.00007', '0.00057', '-0.00037', '1.00000']
  '008.4000': ['2.506', '-0.154', '0.080', '-0.82705', '0.56213', '0.00065', '-0.56213',
    '-0.82705', '0.00004', '0.00056', '-0.00033', '1.00000']
  '008.4667': ['2.488', '-0.159', '0.080', '-0.86774', '0.49702', '0.00063', '-0.49702',
    '-0.86774', '0.00002', '0.00056', '-0.00030', '1.00000']
  '008.5333': ['2.468', '-0.161', '0.080', '-0.89684', '0.44236', '0.00063', '-0.44236',
    '-0.89684', '-0.00001', '0.00056', '-0.00029', '1.00000']
  '008.6000': ['2.447', '-0.162', '0.080', '-0.91642', '0.40021', '0.00063', '-0.40021',
    '-0.91642', '-0.00002', '0.00056', '-0.00027', '1.00000']
  '008.6667': ['2.425', '-0.163', '0.080', '-0.92872', '0.37077', '0.00062', '-0.37077',
    '-0.92872', '-0.00004', '0.00056', '-0.00027', '1.00000']
  '008.7333': ['2.403', '-0.164', '0.080', '-0.93542', '0.35354', '0.00061', '-0.35354',
    '-0.93542', '-0.00005', '0.00055', '-0.00026', '1.00000']
  '008.8000': ['2.380', '-0.167', '0.080', '-0.93794', '0.34679', '0.00060', '-0.34679',
    '-0.93794', '-0.00005', '0.00055', '-0.00026', '1.00000']
  '008.8667': ['2.357', '-0.171', '0.080', '-0.93777', '0.34727', '0.00061', '-0.34727',
    '-0.93777', '-0.00006', '0.00055', '-0.00026', '1.00000']
  '008.9333': ['2.333', '-0.180', '0.080', '-0.93777', '0.34727', '0.00061', '-0.34727',
    '-0.93777', '-0.00006', '0.00055', '-0.00026', '1.00000']
  '009.0000': ['2.309', '-0.188', '0.080', '-0.93777', '0.34727', '0.00061', '-0.34727',
    '-0.93777', '-0.00006', '0.00055', '-0.00026', '1.00000']
  '009.0667': ['2.286', '-0.197', '0.080', '-0.93777', '0.34727', '0.00061', '-0.34727',
    '-0.93777', '-0.00006', '0.00055', '-0.00026', '1.00000']
  '009.1333': ['2.262', '-0.206', '0.080', '-0.93777', '0.34727', '0.00061', '-0.34727',
    '-0.93777', '-0.00006', '0.00055', '-0.00026', '1.00000']
  '009.2000': ['2.238', '-0.215', '0.080', '-0.93777', '0.34727', '0.00061', '-0.34727',
    '-0.93777', '-0.00006', '0.00055', '-0.00026', '1.00000']
  '009.2667': ['2.215', '-0.223', '0.080', '-0.93777', '0.34727', '0.00061', '-0.34727',
    '-0.93777', '-0.00006', '0.00055', '-0.00026', '1.00000']
  '009.3333': ['2.191', '-0.232', '0.080', '-0.93777', '0.34727', '0.00061', '-0.34727',
    '-0.93777', '-0.00006', '0.00055', '-0.00026', '1.00000']
  '009.4000': ['2.167', '-0.241', '0.080', '-0.93777', '0.34727', '0.00061', '-0.34727',
    '-0.93777', '-0.00006', '0.00055', '-0.00026', '1.00000']
  '009.4667': ['2.144', '-0.250', '0.080', '-0.93777', '0.34727', '0.00061', '-0.34727',
    '-0.93777', '-0.00006', '0.00055', '-0.00026', '1.00000']
  '009.5333': ['2.120', '-0.258', '0.080', '-0.90722', '0.42065', '0.00061', '-0.42065',
    '-0.90722', '-0.00006', '0.00053', '-0.00031', '1.00000']
  '009.6000': ['2.097', '-0.269', '0.080', '-0.88054', '0.47397', '0.00061', '-0.47397',
    '-0.88054', '-0.00006', '0.00051', '-0.00034', '1.00000']
  '009.6667': ['2.075', '-0.281', '0.080', '-0.88054', '0.47397', '0.00061', '-0.47397',
    '-0.88054', '-0.00006', '0.00051', '-0.00034', '1.00000']
  '009.7333': ['2.053', '-0.293', '0.080', '-0.88054', '0.47397', '0.00061', '-0.47397',
    '-0.88054', '-0.00006', '0.00051', '-0.00034', '1.00000']
