begin_time_stamp: 1574104144.9999967
data_header:
  time_stamp: [x, y, z, R11, R12, R13, R21, R22, R23, R31, R32, R33]
trajectory_data:
  '000.0000': ['2.221', '0.207', '0.080', '0.87264', '-0.48836', '0.00026', '0.48836',
    '0.87264', '0.00007', '-0.00026', '0.00007', '1.00000']
  '000.0667': ['2.215', '0.226', '0.080', '0.88841', '-0.45905', '0.00014', '0.45905',
    '0.88841', '-0.00006', '-0.00010', '0.00012', '1.00000']
  '000.1333': ['2.219', '0.240', '0.080', '0.91016', '-0.41426', '0.00013', '0.41426',
    '0.91016', '-0.00010', '-0.00007', '0.00014', '1.00000']
  '000.2000': ['2.230', '0.250', '0.080', '0.89132', '-0.45338', '0.00013', '0.45338',
    '0.89132', '-0.00012', '-0.00006', '0.00017', '1.00000']
  '000.2667': ['2.243', '0.258', '0.080', '0.86811', '-0.49637', '0.00011', '0.49637',
    '0.86811', '-0.00016', '-0.00002', '0.00019', '1.00000']
  '000.3333': ['2.252', '0.266', '0.080', '0.84239', '-0.53886', '0.00010', '0.53886',
    '0.84239', '-0.00022', '0.00003', '0.00023', '1.00000']
  '000.4000': ['2.255', '0.277', '0.080', '0.86914', '-0.49456', '-0.00009', '0.49456',
    '0.86914', '-0.00054', '0.00034', '0.00042', '1.00000']
  '000.4667': ['2.272', '0.286', '0.080', '0.89492', '-0.44624', '-0.00016', '0.44624',
    '0.89492', '-0.00062', '0.00042', '0.00048', '1.00000']
  '000.5333': ['2.296', '0.296', '0.080', '0.91461', '-0.40435', '-0.00021', '0.40435',
    '0.91460', '-0.00064', '0.00045', '0.00050', '1.00000']
  '000.6000': ['2.317', '0.304', '0.080', '0.93077', '-0.36561', '-0.00025', '0.36561',
    '0.93077', '-0.00065', '0.00047', '0.00052', '1.00000']
  '000.6667': ['2.340', '0.312', '0.080', '0.93283', '-0.36032', '-0.00029', '0.36032',
    '0.93283', '-0.00066', '0.00051', '0.00051', '1.00000']
  '000.7333': ['2.367', '0.321', '0.080', '0.90656', '-0.42207', '-0.00031', '0.42207',
    '0.90656', '-0.00070', '0.00057', '0.00050', '1.00000']
  '000.8000': ['2.390', '0.329', '0.080', '0.87416', '-0.48564', '-0.00029', '0.48564',
    '0.87416', '-0.00073', '0.00061', '0.00050', '1.00000']
  '000.8667': ['2.412', '0.339', '0.080', '0.83386', '-0.55198', '-0.00027', '0.55198',
    '0.83386', '-0.00074', '0.00063', '0.00046', '1.00000']
  '000.9333': ['2.432', '0.350', '0.080', '0.79015', '-0.61292', '-0.00022', '0.61292',
    '0.79015', '-0.00075', '0.00063', '0.00045', '1.00000']
  '001.0000': ['2.454', '0.365', '0.080', '0.79826', '-0.60231', '-0.00025', '0.60231',
    '0.79826', '-0.00073', '0.00064', '0.00043', '1.00000']
  '001.0667': ['2.473', '0.378', '0.080', '0.76472', '-0.64436', '-0.00025', '0.64436',
    '0.76472', '-0.00073', '0.00066', '0.00040', '1.00000']
  '001.1333': ['2.491', '0.391', '0.080', '0.70091', '-0.71325', '-0.00024', '0.71325',
    '0.70091', '-0.00071', '0.00067', '0.00033', '1.00000']
  '001.2000': ['2.509', '0.410', '0.080', '0.63020', '-0.77643', '-0.00018', '0.77643',
    '0.63020', '-0.00068', '0.00064', '0.00029', '1.00000']
  '001.2667': ['2.525', '0.428', '0.080', '0.55173', '-0.83403', '-0.00015', '0.83403',
    '0.55173', '-0.00064', '0.00062', '0.00023', '1.00000']
  '001.3333': ['2.540', '0.448', '0.080', '0.46436', '-0.88565', '-0.00012', '0.88565',
    '0.46436', '-0.00061', '0.00060', '0.00017', '1.00000']
  '001.4000': ['2.555', '0.471', '0.080', '0.36631', '-0.93049', '-0.00012', '0.93049',
    '0.36631', '-0.00055', '0.00055', '0.00009', '1.00000']
  '001.4667': ['2.565', '0.493', '0.080', '0.31640', '-0.94863', '-0.00013', '0.94863',
    '0.31640', '-0.00042', '0.00044', '0.00001', '1.00000']
  '001.5333': ['2.574', '0.513', '0.080', '0.30198', '-0.95331', '-0.00017', '0.95331',
    '0.30198', '-0.00036', '0.00040', '-0.00005', '1.00000']
  '001.6000': ['2.582', '0.537', '0.080', '0.28696', '-0.95794', '-0.00020', '0.95794',
    '0.28696', '-0.00030', '0.00034', '-0.00011', '1.00000']
  '001.6667': ['2.588', '0.561', '0.080', '0.27407', '-0.96171', '-0.00020', '0.96171',
    '0.27407', '-0.00024', '0.00029', '-0.00012', '1.00000']
  '001.7333': ['2.593', '0.584', '0.080', '0.26633', '-0.96388', '-0.00026', '0.96388',
    '0.26633', '-0.00024', '0.00030', '-0.00018', '1.00000']
  '001.8000': ['2.597', '0.607', '0.080', '0.26439', '-0.96441', '-0.00024', '0.96441',
    '0.26439', '-0.00024', '0.00029', '-0.00017', '1.00000']
  '001.8667': ['2.601', '0.631', '0.080', '0.26864', '-0.96324', '-0.00024', '0.96324',
    '0.26864', '-0.00024', '0.00030', '-0.00016', '1.00000']
  '001.9333': ['2.607', '0.653', '0.080', '0.27689', '-0.96090', '-0.00022', '0.96090',
    '0.27689', '-0.00020', '0.00026', '-0.00016', '1.00000']
  '002.0000': ['2.615', '0.675', '0.080', '0.18729', '-0.98231', '-0.00018', '0.98231',
    '0.18729', '-0.00013', '0.00016', '-0.00016', '1.00000']
  '002.0667': ['2.628', '0.696', '0.080', '0.07728', '-0.99701', '0.00006', '0.99701',
    '0.07728', '-0.00003', '0.00003', '0.00006', '1.00000']
  '002.1333': ['2.632', '0.721', '0.080', '-0.03639', '-0.99934', '0.00012', '0.99934',
    '-0.03639', '0.00002', '-0.00001', '0.00012', '1.00000']
  '002.2000': ['2.632', '0.750', '0.080', '-0.07373', '-0.99728', '0.00015', '0.99728',
    '-0.07373', '0.00002', '-0.00001', '0.00015', '1.00000']
  '002.2667': ['2.629', '0.776', '0.080', '-0.08646', '-0.99626', '0.00014', '0.99626',
    '-0.08646', '-0.00005', '0.00006', '0.00013', '1.00000']
  '002.3333': ['2.626', '0.800', '0.080', '-0.09659', '-0.99532', '0.00013', '0.99532',
    '-0.09659', '-0.00007', '0.00008', '0.00012', '1.00000']
  '002.4000': ['2.622', '0.827', '0.080', '-0.10284', '-0.99470', '0.00015', '0.99470',
    '-0.10284', '-0.00007', '0.00009', '0.00014', '1.00000']
  '002.4667': ['2.619', '0.852', '0.080', '-0.10542', '-0.99443', '0.00015', '0.99443',
    '-0.10542', '-0.00009', '0.00011', '0.00014', '1.00000']
  '002.5333': ['2.615', '0.875', '0.080', '-0.10479', '-0.99449', '0.00015', '0.99449',
    '-0.10479', '-0.00012', '0.00013', '0.00014', '1.00000']
  '002.6000': ['2.613', '0.898', '0.080', '-0.10215', '-0.99477', '0.00014', '0.99477',
    '-0.10215', '-0.00014', '0.00015', '0.00012', '1.00000']
  '002.6667': ['2.609', '0.923', '0.080', '-0.09769', '-0.99522', '0.00012', '0.99522',
    '-0.09769', '-0.00015', '0.00016', '0.00011', '1.00000']
  '002.7333': ['2.607', '0.946', '0.080', '-0.09161', '-0.99580', '0.00013', '0.99580',
    '-0.09161', '-0.00016', '0.00017', '0.00011', '1.00000']
  '002.8000': ['2.605', '0.969', '0.080', '-0.08486', '-0.99639', '0.00012', '0.99639',
    '-0.08486', '-0.00018', '0.00019', '0.00010', '1.00000']
  '002.8667': ['2.604', '0.993', '0.080', '-0.07996', '-0.99680', '0.00014', '0.99680',
    '-0.07996', '-0.00018', '0.00020', '0.00012', '1.00000']
  '002.9333': ['2.608', '1.018', '0.080', '-0.08498', '-0.99638', '0.00039', '0.99638',
    '-0.08498', '-0.00033', '0.00036', '0.00037', '1.00000']
  '003.0000': ['2.608', '1.043', '0.080', '-0.09343', '-0.99563', '0.00046', '0.99563',
    '-0.09343', '-0.00035', '0.00039', '0.00042', '1.00000']
  '003.0667': ['2.606', '1.067', '0.080', '-0.10274', '-0.99471', '0.00048', '0.99471',
    '-0.10274', '-0.00036', '0.00041', '0.00044', '1.00000']
  '003.1333': ['2.604', '1.092', '0.080', '-0.11156', '-0.99376', '0.00046', '0.99376',
    '-0.11156', '-0.00037', '0.00042', '0.00042', '1.00000']
  '003.2000': ['2.600', '1.116', '0.080', '-0.04313', '-0.99907', '0.00044', '0.99907',
    '-0.04313', '-0.00040', '0.00042', '0.00042', '1.00000']
  '003.2667': ['2.599', '1.139', '0.080', '0.03386', '-0.99943', '0.00046', '0.99943',
    '0.03386', '-0.00038', '0.00037', '0.00047', '1.00000']
  '003.3333': ['2.598', '1.161', '0.080', '0.03286', '-0.99946', '0.00043', '0.99946',
    '0.03286', '-0.00045', '0.00044', '0.00044', '1.00000']
  '003.4000': ['2.598', '1.180', '0.080', '0.03476', '-0.99940', '0.00042', '0.99940',
    '0.03476', '-0.00045', '0.00044', '0.00044', '1.00000']
  '003.4667': ['2.598', '1.201', '0.080', '0.03928', '-0.99923', '0.00041', '0.99923',
    '0.03928', '-0.00045', '0.00044', '0.00043', '1.00000']
  '003.5333': ['2.598', '1.222', '0.080', '0.04528', '-0.99897', '0.00045', '0.99897',
    '0.04528', '-0.00044', '0.00041', '0.00047', '1.00000']
  '003.6000': ['2.599', '1.241', '0.080', '0.05220', '-0.99864', '0.00046', '0.99864',
    '0.05220', '-0.00037', '0.00035', '0.00047', '1.00000']
  '003.6667': ['2.600', '1.259', '0.080', '0.05896', '-0.99826', '0.00045', '0.99826',
    '0.05896', '-0.00031', '0.00028', '0.00047', '1.00000']
  '003.7333': ['2.601', '1.279', '0.080', '0.06558', '-0.99785', '0.00047', '0.99785',
    '0.06558', '-0.00027', '0.00024', '0.00049', '1.00000']
  '003.8000': ['2.602', '1.300', '0.080', '0.07220', '-0.99739', '0.00047', '0.99739',
    '0.07220', '-0.00025', '0.00022', '0.00049', '1.00000']
  '003.8667': ['2.603', '1.323', '0.080', '0.07968', '-0.99682', '0.00046', '0.99682',
    '0.07968', '-0.00021', '0.00017', '0.00048', '1.00000']
  '003.9333': ['2.605', '1.348', '0.080', '0.08711', '-0.99620', '0.00047', '0.99620',
    '0.08711', '-0.00018', '0.00014', '0.00048', '1.00000']
  '004.0000': ['2.607', '1.371', '0.080', '0.09482', '-0.99549', '0.00047', '0.99549',
    '0.09482', '-0.00016', '0.00011', '0.00049', '1.00000']
  '004.0667': ['2.609', '1.393', '0.080', '0.10273', '-0.99471', '0.00046', '0.99471',
    '0.10273', '-0.00015', '0.00010', '0.00047', '1.00000']
  '004.1333': ['2.612', '1.419', '0.080', '0.11034', '-0.99389', '0.00045', '0.99389',
    '0.11034', '-0.00010', '0.00005', '0.00046', '1.00000']
  '004.2000': ['2.615', '1.443', '0.080', '0.11775', '-0.99304', '0.00045', '0.99304',
    '0.11775', '-0.00008', '0.00003', '0.00046', '1.00000']
  '004.2667': ['2.617', '1.466', '0.080', '0.12508', '-0.99215', '0.00048', '0.99215',
    '0.12508', '-0.00002', '-0.00004', '0.00047', '1.00000']
  '004.3333': ['2.621', '1.492', '0.080', '0.13219', '-0.99122', '0.00048', '0.99122',
    '0.13219', '-0.00001', '-0.00006', '0.00048', '1.00000']
  '004.4000': ['2.624', '1.516', '0.080', '0.13958', '-0.99021', '0.00050', '0.99021',
    '0.13958', '0.00007', '-0.00014', '0.00049', '1.00000']
  '004.4667': ['2.627', '1.539', '0.080', '0.14687', '-0.98916', '0.00050', '0.98916',
    '0.14687', '0.00010', '-0.00017', '0.00049', '1.00000']
  '004.5333': ['2.630', '1.561', '0.080', '0.15393', '-0.98808', '0.00052', '0.98808',
    '0.15393', '0.00011', '-0.00019', '0.00049', '1.00000']
  '004.6000': ['2.634', '1.586', '0.080', '0.16145', '-0.98688', '0.00051', '0.98688',
    '0.16145', '0.00013', '-0.00021', '0.00048', '1.00000']
  '004.6667': ['2.637', '1.611', '0.080', '0.17078', '-0.98531', '0.00050', '0.98531',
    '0.17078', '0.00014', '-0.00022', '0.00047', '1.00000']
  '004.7333': ['2.640', '1.633', '0.080', '0.18196', '-0.98331', '0.00051', '0.98331',
    '0.18196', '0.00012', '-0.00021', '0.00048', '1.00000']
  '004.8000': ['2.642', '1.653', '0.080', '0.19705', '-0.98039', '0.00055', '0.98039',
    '0.19705', '-0.00008', '-0.00003', '0.00056', '1.00000']
  '004.8667': ['2.646', '1.675', '0.080', '0.21149', '-0.97738', '0.00057', '0.97738',
    '0.21149', '-0.00002', '-0.00010', '0.00056', '1.00000']
  '004.9333': ['2.653', '1.698', '0.080', '0.22325', '-0.97476', '0.00058', '0.97476',
    '0.22325', '0.00008', '-0.00021', '0.00055', '1.00000']
  '005.0000': ['2.660', '1.723', '0.080', '0.23231', '-0.97264', '0.00062', '0.97264',
    '0.23231', '0.00010', '-0.00024', '0.00058', '1.00000']
  '005.0667': ['2.664', '1.743', '0.080', '0.24222', '-0.97022', '0.00051', '0.97022',
    '0.24222', '0.00008', '-0.00021', '0.00047', '1.00000']
  '005.1333': ['2.671', '1.764', '0.080', '0.25059', '-0.96809', '0.00055', '0.96809',
    '0.25059', '0.00012', '-0.00026', '0.00050', '1.00000']
  '005.2000': ['2.679', '1.791', '0.080', '0.25765', '-0.96624', '0.00051', '0.96624',
    '0.25765', '0.00017', '-0.00029', '0.00045', '1.00000']
  '005.2667': ['2.685', '1.815', '0.080', '0.26338', '-0.96469', '0.00051', '0.96469',
    '0.26338', '0.00019', '-0.00032', '0.00044', '1.00000']
  '005.3333': ['2.692', '1.836', '0.080', '0.26775', '-0.96349', '0.00054', '0.96349',
    '0.26775', '0.00025', '-0.00038', '0.00045', '1.00000']
  '005.4000': ['2.698', '1.857', '0.080', '0.27082', '-0.96263', '0.00055', '0.96263',
    '0.27082', '0.00026', '-0.00040', '0.00046', '1.00000']
  '005.4667': ['2.705', '1.879', '0.080', '0.27330', '-0.96193', '0.00056', '0.96193',
    '0.27330', '0.00024', '-0.00038', '0.00047', '1.00000']
  '005.5333': ['2.711', '1.901', '0.080', '0.27570', '-0.96124', '0.00054', '0.96124',
    '0.27570', '0.00021', '-0.00035', '0.00047', '1.00000']
  '005.6000': ['2.718', '1.926', '0.080', '0.27897', '-0.96030', '0.00054', '0.96030',
    '0.27897', '0.00018', '-0.00033', '0.00047', '1.00000']
  '005.6667': ['2.725', '1.951', '0.080', '0.28243', '-0.95929', '0.00055', '0.95929',
    '0.28243', '0.00015', '-0.00030', '0.00048', '1.00000']
  '005.7333': ['2.732', '1.974', '0.080', '0.28633', '-0.95813', '0.00057', '0.95813',
    '0.28633', '0.00015', '-0.00030', '0.00050', '1.00000']
  '005.8000': ['2.739', '1.999', '0.080', '0.29170', '-0.95651', '0.00055', '0.95651',
    '0.29170', '0.00011', '-0.00027', '0.00049', '1.00000']
  '005.8667': ['2.747', '2.025', '0.080', '0.29786', '-0.95461', '0.00053', '0.95461',
    '0.29786', '0.00008', '-0.00023', '0.00048', '1.00000']
  '005.9333': ['2.755', '2.050', '0.080', '0.30401', '-0.95267', '0.00054', '0.95267',
    '0.30401', '0.00004', '-0.00021', '0.00050', '1.00000']
  '006.0000': ['2.762', '2.073', '0.080', '0.30132', '-0.95352', '0.00054', '0.95352',
    '0.30132', '0.00003', '-0.00019', '0.00051', '1.00000']
  '006.0667': ['2.771', '2.101', '0.080', '0.20764', '-0.97821', '0.00054', '0.97821',
    '0.20764', '0.00004', '-0.00015', '0.00052', '1.00000']
  '006.1333': ['2.779', '2.127', '0.080', '0.10730', '-0.99423', '0.00055', '0.99423',
    '0.10730', '0.00005', '-0.00011', '0.00054', '1.00000']
  '006.2000': ['2.784', '2.146', '0.080', '-0.00210', '-1.00000', '0.00054', '1.00000',
    '-0.00210', '0.00008', '-0.00008', '0.00054', '1.00000']
  '006.2667': ['2.787', '2.164', '0.080', '-0.12196', '-0.99253', '0.00054', '0.99253',
    '-0.12196', '0.00019', '-0.00012', '0.00056', '1.00000']
  '006.3333': ['2.788', '2.176', '0.080', '-0.24987', '-0.96828', '0.00048', '0.96828',
    '-0.24987', '0.00015', '-0.00003', '0.00050', '1.00000']
  '006.4000': ['2.786', '2.180', '0.080', '-0.37868', '-0.92553', '0.00042', '0.92553',
    '-0.37868', '0.00014', '0.00003', '0.00045', '1.00000']
  '006.4667': ['2.784', '2.179', '0.080', '-0.50165', '-0.86507', '0.00039', '0.86507',
    '-0.50165', '0.00015', '0.00006', '0.00042', '1.00000']
  '006.5333': ['2.782', '2.177', '0.080', '-0.61485', '-0.78864', '0.00038', '0.78864',
    '-0.61485', '0.00015', '0.00012', '0.00039', '1.00000']
  '006.6000': ['2.780', '2.174', '0.080', '-0.71556', '-0.69855', '0.00037', '0.69855',
    '-0.71556', '0.00014', '0.00017', '0.00035', '1.00000']
  '006.6667': ['2.780', '2.171', '0.080', '-0.80196', '-0.59737', '0.00035', '0.59737',
    '-0.80196', '0.00013', '0.00020', '0.00031', '1.00000']
  '006.7333': ['2.781', '2.168', '0.080', '-0.87242', '-0.48875', '0.00032', '0.48875',
    '-0.87242', '0.00013', '0.00022', '0.00027', '1.00000']
  '006.8000': ['2.786', '2.165', '0.080', '-0.92700', '-0.37506', '0.00030', '0.37506',
    '-0.92700', '0.00012', '0.00024', '0.00023', '1.00000']
  '006.8667': ['2.783', '2.168', '0.080', '-0.96651', '-0.25662', '0.00026', '0.25662',
    '-0.96651', '0.00011', '0.00023', '0.00018', '1.00000']
  '006.9333': ['2.781', '2.168', '0.080', '-0.99034', '-0.13866', '0.00025', '0.13866',
    '-0.99034', '0.00010', '0.00023', '0.00013', '1.00000']
  '007.0000': ['2.776', '2.166', '0.080', '-0.99965', '-0.02645', '0.00025', '0.02645',
    '-0.99965', '0.00012', '0.00025', '0.00013', '1.00000']
  '007.0667': ['2.765', '2.164', '0.080', '-0.99699', '0.07759', '0.00021', '-0.07759',
    '-0.99699', '0.00013', '0.00022', '0.00011', '1.00000']
  '007.1333': ['2.749', '2.161', '0.080', '-0.98447', '0.17554', '0.00017', '-0.17554',
    '-0.98447', '0.00014', '0.00020', '0.00011', '1.00000']
  '007.2000': ['2.730', '2.157', '0.080', '-0.96311', '0.26911', '0.00019', '-0.26911',
    '-0.96311', '0.00030', '0.00027', '0.00024', '1.00000']
  '007.2667': ['2.709', '2.152', '0.080', '-0.93093', '0.36519', '0.00013', '-0.36519',
    '-0.93093', '0.00028', '0.00022', '0.00021', '1.00000']
  '007.3333': ['2.685', '2.146', '0.080', '-0.88483', '0.46591', '0.00003', '-0.46591',
    '-0.88483', '0.00024', '0.00014', '0.00020', '1.00000']
  '007.4000': ['2.666', '2.138', '0.080', '-0.82183', '0.56973', '-0.00001', '-0.56973',
    '-0.82183', '0.00019', '0.00010', '0.00016', '1.00000']
  '007.4667': ['2.643', '2.128', '0.080', '-0.73750', '0.67535', '-0.00014', '-0.67535',
    '-0.73750', '0.00013', '-0.00002', '0.00019', '1.00000']
  '007.5333': ['2.629', '2.121', '0.080', '-0.63163', '0.77527', '-0.00016', '-0.77527',
    '-0.63163', '0.00003', '-0.00008', '0.00014', '1.00000']
  '007.6000': ['2.621', '2.117', '0.080', '-0.50578', '0.86266', '-0.00011', '-0.86266',
    '-0.50578', '-0.00003', '-0.00009', '0.00008', '1.00000']
  '007.6667': ['2.618', '2.117', '0.080', '-0.36570', '0.93073', '-0.00007', '-0.93073',
    '-0.36570', '-0.00008', '-0.00010', '0.00003', '1.00000']
  '007.7333': ['2.616', '2.120', '0.080', '-0.21711', '0.97615', '-0.00004', '-0.97615',
    '-0.21711', '-0.00008', '-0.00009', '0.00002', '1.00000']
  '007.8000': ['2.609', '2.123', '0.080', '-0.05389', '0.99855', '-0.00002', '-0.99855',
    '-0.05389', '0.00002', '0.00002', '0.00002', '1.00000']
  '007.8667': ['2.609', '2.122', '0.080', '0.09944', '0.99504', '-0.00001', '-0.99504',
    '0.09944', '0.00004', '0.00004', '0.00000', '1.00000']
  '007.9333': ['2.615', '2.116', '0.080', '0.14727', '0.98910', '-0.00001', '-0.98910',
    '0.14727', '0.00006', '0.00006', '0.00000', '1.00000']
  '008.0000': ['2.624', '2.103', '0.080', '0.18229', '0.98324', '0.00001', '-0.98324',
    '0.18229', '0.00005', '0.00004', '-0.00002', '1.00000']
  '008.0667': ['2.634', '2.082', '0.080', '0.20293', '0.97919', '-0.00001', '-0.97919',
    '0.20293', '0.00002', '0.00003', '0.00000', '1.00000']
  '008.1333': ['2.642', '2.063', '0.080', '0.19262', '0.98127', '-0.00001', '-0.98127',
    '0.19262', '0.00000', '0.00000', '0.00001', '1.00000']
  '008.2000': ['2.650', '2.042', '0.080', '0.09301', '0.99567', '0.00001', '-0.99567',
    '0.09301', '-0.00001', '-0.00001', '-0.00001', '1.00000']
  '008.2667': ['2.654', '2.017', '0.080', '-0.01158', '0.99993', '0.00001', '-0.99993',
    '-0.01158', '-0.00001', '-0.00001', '-0.00001', '1.00000']
  '008.3333': ['2.655', '1.992', '0.080', '-0.11605', '0.99324', '0.00001', '-0.99324',
    '-0.11605', '-0.00001', '-0.00001', '-0.00001', '1.00000']
  '008.4000': ['2.654', '1.967', '0.080', '-0.21924', '0.97567', '0.00001', '-0.97567',
    '-0.21924', '-0.00001', '-0.00001', '-0.00001', '1.00000']
  '008.4667': ['2.648', '1.942', '0.080', '-0.29231', '0.95632', '0.00001', '-0.95632',
    '-0.29231', '-0.00001', '-0.00000', '-0.00001', '1.00000']
  '008.5333': ['2.640', '1.918', '0.080', '-0.29231', '0.95632', '0.00001', '-0.95632',
    '-0.29231', '-0.00001', '-0.00000', '-0.00001', '1.00000']
  '008.6000': ['2.633', '1.894', '0.080', '-0.33163', '0.94341', '0.00001', '-0.94341',
    '-0.33163', '-0.00001', '-0.00000', '-0.00001', '1.00000']
  '008.6667': ['2.625', '1.870', '0.080', '-0.42843', '0.90357', '0.00001', '-0.90357',
    '-0.42843', '-0.00001', '-0.00000', '-0.00001', '1.00000']
  '008.7333': ['2.616', '1.847', '0.080', '-0.52054', '0.85384', '0.00001', '-0.85384',
    '-0.52054', '-0.00001', '-0.00000', '-0.00001', '1.00000']
  '008.8000': ['2.603', '1.825', '0.080', '-0.56721', '0.82357', '0.00001', '-0.82357',
    '-0.56721', '-0.00001', '-0.00000', '-0.00001', '1.00000']
  '008.8667': ['2.589', '1.805', '0.080', '-0.56721', '0.82357', '0.00001', '-0.82357',
    '-0.56721', '-0.00001', '-0.00000', '-0.00001', '1.00000']
  '008.9333': ['2.574', '1.784', '0.080', '-0.56721', '0.82357', '0.00001', '-0.82357',
    '-0.56721', '-0.00001', '-0.00000', '-0.00001', '1.00000']
  '009.0000': ['2.560', '1.763', '0.080', '-0.56721', '0.82357', '0.00001', '-0.82357',
    '-0.56721', '-0.00001', '-0.00000', '-0.00001', '1.00000']
  '009.0667': ['2.546', '1.742', '0.080', '-0.56721', '0.82357', '0.00001', '-0.82357',
    '-0.56721', '-0.00001', '-0.00000', '-0.00001', '1.00000']
  '009.1333': ['2.531', '1.722', '0.080', '-0.48179', '0.87629', '0.00001', '-0.87629',
    '-0.48179', '-0.00001', '-0.00000', '-0.00001', '1.00000']
  '009.2000': ['2.518', '1.700', '0.080', '-0.38755', '0.92185', '0.00001', '-0.92185',
    '-0.38755', '-0.00001', '-0.00000', '-0.00001', '1.00000']
  '009.2667': ['2.507', '1.678', '0.080', '-0.28906', '0.95731', '0.00001', '-0.95731',
    '-0.28906', '-0.00001', '-0.00000', '-0.00001', '1.00000']
  '009.3333': ['2.499', '1.654', '0.080', '-0.18740', '0.98228', '0.00001', '-0.98228',
    '-0.18740', '-0.00001', '-0.00001', '-0.00001', '1.00000']
  '009.4000': ['2.494', '1.629', '0.080', '-0.09057', '0.99589', '0.00001', '-0.99589',
    '-0.09057', '-0.00001', '-0.00001', '-0.00001', '1.00000']
  '009.4667': ['2.491', '1.604', '0.080', '-0.09057', '0.99589', '0.00001', '-0.99589',
    '-0.09057', '-0.00001', '-0.00001', '-0.00001', '1.00000']
  '009.5333': ['2.489', '1.579', '0.080', '-0.09057', '0.99589', '0.00001', '-0.99589',
    '-0.09057', '-0.00001', '-0.00001', '-0.00001', '1.00000']
