begin_time_stamp: 1574104265.0666656
data_header:
  time_stamp: [x, y, z, R11, R12, R13, R21, R22, R23, R31, R32, R33]
trajectory_data:
  '000.0000': ['1.410', '0.375', '0.080', '-0.98847', '-0.15139', '-0.00009', '0.15139',
    '-0.98847', '-0.00017', '-0.00007', '-0.00019', '1.00000']
  '000.0667': ['1.387', '0.383', '0.080', '-0.98984', '-0.14220', '0.00001', '0.14220',
    '-0.98984', '-0.00021', '0.00004', '-0.00020', '1.00000']
  '000.1333': ['1.368', '0.401', '0.080', '-0.99445', '-0.10525', '0.00047', '0.10525',
    '-0.99445', '-0.00025', '0.00050', '-0.00020', '1.00000']
  '000.2000': ['1.345', '0.409', '0.080', '-0.99825', '-0.05918', '0.00067', '0.05918',
    '-0.99825', '-0.00027', '0.00068', '-0.00023', '1.00000']
  '000.2667': ['1.323', '0.411', '0.080', '-0.99994', '-0.01104', '0.00085', '0.01104',
    '-0.99994', '-0.00028', '0.00085', '-0.00027', '1.00000']
  '000.3333': ['1.308', '0.403', '0.080', '-0.99984', '0.01800', '0.00060', '-0.01800',
    '-0.99984', '-0.00028', '0.00060', '-0.00029', '1.00000']
  '000.4000': ['1.285', '0.397', '0.080', '-0.99812', '-0.06132', '0.00048', '0.06132',
    '-0.99812', '-0.00028', '0.00050', '-0.00025', '1.00000']
  '000.4667': ['1.261', '0.394', '0.080', '-0.98908', '-0.14740', '0.00039', '0.14740',
    '-0.98908', '-0.00026', '0.00042', '-0.00020', '1.00000']
  '000.5333': ['1.235', '0.393', '0.080', '-0.97055', '-0.24090', '0.00031', '0.24090',
    '-0.97055', '-0.00026', '0.00036', '-0.00017', '1.00000']
  '000.6000': ['1.209', '0.395', '0.080', '-0.94029', '-0.34038', '0.00023', '0.34038',
    '-0.94029', '-0.00026', '0.00031', '-0.00017', '1.00000']
  '000.6667': ['1.185', '0.400', '0.080', '-0.89649', '-0.44306', '0.00019', '0.44306',
    '-0.89649', '-0.00023', '0.00027', '-0.00013', '1.00000']
  '000.7333': ['1.161', '0.409', '0.080', '-0.83875', '-0.54452', '0.00016', '0.54452',
    '-0.83875', '-0.00020', '0.00024', '-0.00008', '1.00000']
  '000.8000': ['1.139', '0.422', '0.080', '-0.76641', '-0.64235', '0.00014', '0.64235',
    '-0.76641', '-0.00018', '0.00023', '-0.00005', '1.00000']
  '000.8667': ['1.115', '0.440', '0.080', '-0.67981', '-0.73338', '0.00015', '0.73338',
    '-0.67981', '-0.00018', '0.00024', '-0.00001', '1.00000']
  '000.9333': ['1.087', '0.469', '0.080', '-0.57892', '-0.81538', '0.00020', '0.81538',
    '-0.57892', '-0.00009', '0.00019', '0.00011', '1.00000']
  '001.0000': ['1.069', '0.493', '0.080', '-0.51714', '-0.85590', '0.00020', '0.85590',
    '-0.51714', '-0.00008', '0.00017', '0.00013', '1.00000']
  '001.0667': ['1.055', '0.515', '0.080', '-0.48897', '-0.87230', '0.00020', '0.87230',
    '-0.48897', '-0.00004', '0.00013', '0.00015', '1.00000']
  '001.1333': ['1.043', '0.536', '0.080', '-0.45881', '-0.88854', '0.00019', '0.88854',
    '-0.45881', '-0.00000', '0.00009', '0.00017', '1.00000']
  '001.2000': ['1.032', '0.557', '0.080', '-0.42773', '-0.90391', '0.00019', '0.90391',
    '-0.42773', '0.00002', '0.00006', '0.00018', '1.00000']
  '001.2667': ['1.022', '0.579', '0.080', '-0.39590', '-0.91830', '0.00015', '0.91830',
    '-0.39590', '0.00003', '0.00003', '0.00015', '1.00000']
  '001.3333': ['1.012', '0.601', '0.080', '-0.36254', '-0.93197', '-0.00005', '0.93197',
    '-0.36254', '0.00004', '-0.00005', '-0.00004', '1.00000']
  '001.4000': ['1.003', '0.623', '0.080', '-0.32941', '-0.94419', '-0.00008', '0.94419',
    '-0.32941', '0.00005', '-0.00007', '-0.00007', '1.00000']
  '001.4667': ['0.995', '0.645', '0.080', '-0.29546', '-0.95535', '-0.00009', '0.95535',
    '-0.29546', '0.00004', '-0.00006', '-0.00007', '1.00000']
  '001.5333': ['0.987', '0.668', '0.080', '-0.25992', '-0.96563', '-0.00005', '0.96563',
    '-0.25992', '0.00004', '-0.00005', '-0.00004', '1.00000']
  '001.6000': ['0.980', '0.691', '0.080', '-0.22196', '-0.97506', '0.00003', '0.97506',
    '-0.22196', '0.00009', '-0.00008', '0.00005', '1.00000']
  '001.6667': ['0.975', '0.718', '0.080', '-0.20724', '-0.97829', '0.00015', '0.97829',
    '-0.20724', '0.00012', '-0.00008', '0.00017', '1.00000']
  '001.7333': ['0.970', '0.745', '0.080', '-0.26887', '-0.96318', '0.00014', '0.96318',
    '-0.26887', '0.00013', '-0.00009', '0.00017', '1.00000']
  '001.8000': ['0.965', '0.771', '0.080', '-0.33156', '-0.94344', '0.00014', '0.94344',
    '-0.33156', '0.00013', '-0.00008', '0.00017', '1.00000']
  '001.8667': ['0.958', '0.796', '0.080', '-0.39516', '-0.91861', '0.00013', '0.91861',
    '-0.39516', '0.00015', '-0.00008', '0.00018', '1.00000']
  '001.9333': ['0.949', '0.820', '0.080', '-0.46009', '-0.88787', '0.00011', '0.88787',
    '-0.46009', '0.00015', '-0.00009', '0.00017', '1.00000']
  '002.0000': ['0.937', '0.846', '0.080', '-0.52602', '-0.85047', '0.00009', '0.85047',
    '-0.52602', '0.00016', '-0.00009', '0.00016', '1.00000']
  '002.0667': ['0.924', '0.869', '0.080', '-0.59054', '-0.80701', '0.00008', '0.80701',
    '-0.59054', '0.00017', '-0.00009', '0.00016', '1.00000']
  '002.1333': ['0.909', '0.893', '0.080', '-0.65481', '-0.75579', '0.00007', '0.75579',
    '-0.65481', '0.00017', '-0.00008', '0.00017', '1.00000']
  '002.2000': ['0.893', '0.917', '0.080', '-0.71994', '-0.69404', '0.00004', '0.69404',
    '-0.71994', '0.00014', '-0.00007', '0.00013', '1.00000']
  '002.2667': ['0.877', '0.940', '0.080', '-0.78549', '-0.61888', '-0.00014', '0.61888',
    '-0.78549', '0.00001', '-0.00012', '-0.00008', '1.00000']
  '002.3333': ['0.862', '0.958', '0.080', '-0.84805', '-0.52992', '-0.00030', '0.52992',
    '-0.84805', '-0.00022', '-0.00014', '-0.00034', '1.00000']
  '002.4000': ['0.849', '0.981', '0.080', '-0.91085', '-0.41273', '-0.00108', '0.41273',
    '-0.91085', '-0.00140', '-0.00041', '-0.00172', '1.00000']
  '002.4667': ['0.816', '0.992', '0.080', '-0.95879', '-0.28411', '-0.00025', '0.28411',
    '-0.95879', '-0.00025', '-0.00017', '-0.00031', '1.00000']
  '002.5333': ['0.788', '0.994', '0.080', '-0.98687', '-0.16150', '-0.00012', '0.16150',
    '-0.98687', '-0.00002', '-0.00011', '-0.00004', '1.00000']
  '002.6000': ['0.758', '0.990', '0.080', '-0.99405', '-0.10897', '0.00010', '0.10897',
    '-0.99405', '0.00021', '0.00008', '0.00022', '1.00000']
  '002.6667': ['0.729', '0.990', '0.080', '-0.99411', '-0.10834', '0.00012', '0.10834',
    '-0.99411', '0.00022', '0.00009', '0.00023', '1.00000']
  '002.7333': ['0.699', '0.995', '0.080', '-0.99446', '-0.10511', '0.00002', '0.10511',
    '-0.99446', '0.00008', '0.00001', '0.00008', '1.00000']
  '002.8000': ['0.673', '0.999', '0.080', '-0.99515', '-0.09838', '-0.00002', '0.09838',
    '-0.99515', '0.00005', '-0.00002', '0.00005', '1.00000']
  '002.8667': ['0.645', '1.006', '0.080', '-0.99601', '-0.08925', '-0.00015', '0.08925',
    '-0.99601', '-0.00010', '-0.00014', '-0.00011', '1.00000']
  '002.9333': ['0.616', '1.010', '0.080', '-0.98531', '-0.17079', '-0.00017', '0.17079',
    '-0.98531', '-0.00014', '-0.00015', '-0.00016', '1.00000']
  '003.0000': ['0.590', '1.015', '0.080', '-0.96822', '-0.25009', '-0.00018', '0.25009',
    '-0.96822', '-0.00012', '-0.00015', '-0.00017', '1.00000']
  '003.0667': ['0.563', '1.021', '0.080', '-0.94411', '-0.32962', '-0.00017', '0.32962',
    '-0.94411', '-0.00011', '-0.00012', '-0.00016', '1.00000']
  '003.1333': ['0.536', '1.029', '0.080', '-0.91181', '-0.41062', '-0.00016', '0.41062',
    '-0.91181', '-0.00009', '-0.00011', '-0.00014', '1.00000']
  '003.2000': ['0.511', '1.035', '0.080', '-0.86853', '-0.49563', '-0.00006', '0.49563',
    '-0.86853', '0.00003', '-0.00007', '0.00000', '1.00000']
  '003.2667': ['0.487', '1.047', '0.080', '-0.81400', '-0.58087', '-0.00005', '0.58087',
    '-0.81400', '0.00004', '-0.00006', '0.00001', '1.00000']
  '003.3333': ['0.464', '1.061', '0.080', '-0.74767', '-0.66407', '-0.00005', '0.66407',
    '-0.74767', '0.00004', '-0.00006', '-0.00000', '1.00000']
  '003.4000': ['0.442', '1.077', '0.080', '-0.66889', '-0.74336', '-0.00004', '0.74336',
    '-0.66889', '0.00003', '-0.00005', '-0.00001', '1.00000']
  '003.4667': ['0.424', '1.095', '0.080', '-0.57867', '-0.81556', '-0.00005', '0.81556',
    '-0.57867', '0.00003', '-0.00005', '-0.00002', '1.00000']
  '003.5333': ['0.409', '1.115', '0.080', '-0.47767', '-0.87854', '-0.00004', '0.87854',
    '-0.47767', '0.00006', '-0.00007', '-0.00001', '1.00000']
  '003.6000': ['0.395', '1.137', '0.080', '-0.36517', '-0.93094', '-0.00004', '0.93094',
    '-0.36517', '0.00005', '-0.00007', '-0.00002', '1.00000']
  '003.6667': ['0.384', '1.159', '0.080', '-0.24184', '-0.97032', '-0.00003', '0.97032',
    '-0.24184', '0.00008', '-0.00008', '-0.00001', '1.00000']
  '003.7333': ['0.377', '1.182', '0.080', '-0.17561', '-0.98446', '-0.00001', '0.98446',
    '-0.17561', '0.00010', '-0.00010', '0.00000', '1.00000']
  '003.8000': ['0.372', '1.206', '0.080', '-0.14317', '-0.98970', '-0.00004', '0.98970',
    '-0.14317', '0.00011', '-0.00012', '-0.00002', '1.00000']
  '003.8667': ['0.369', '1.229', '0.080', '-0.10997', '-0.99393', '-0.00003', '0.99393',
    '-0.10997', '0.00015', '-0.00016', '-0.00002', '1.00000']
  '003.9333': ['0.367', '1.254', '0.080', '-0.07702', '-0.99703', '-0.00002', '0.99703',
    '-0.07702', '0.00018', '-0.00018', '-0.00001', '1.00000']
  '004.0000': ['0.364', '1.278', '0.080', '-0.04252', '-0.99910', '-0.00001', '0.99910',
    '-0.04252', '0.00021', '-0.00021', '-0.00001', '1.00000']
  '004.0667': ['0.361', '1.303', '0.080', '-0.00347', '-0.99999', '0.00001', '0.99999',
    '-0.00347', '0.00020', '-0.00020', '0.00002', '1.00000']
  '004.1333': ['0.359', '1.327', '0.080', '0.03941', '-0.99922', '0.00004', '0.99922',
    '0.03941', '0.00020', '-0.00020', '0.00003', '1.00000']
  '004.2000': ['0.362', '1.351', '0.080', '0.07922', '-0.99686', '0.00002', '0.99686',
    '0.07922', '0.00023', '-0.00023', '0.00000', '1.00000']
  '004.2667': ['0.366', '1.375', '0.080', '0.11434', '-0.99344', '0.00000', '0.99344',
    '0.11434', '0.00025', '-0.00024', '-0.00003', '1.00000']
  '004.3333': ['0.371', '1.400', '0.080', '0.07814', '-0.99694', '-0.00004', '0.99694',
    '0.07814', '0.00028', '-0.00028', '-0.00006', '1.00000']
  '004.4000': ['0.374', '1.427', '0.080', '0.00665', '-0.99998', '-0.00004', '0.99998',
    '0.00665', '0.00031', '-0.00031', '-0.00004', '1.00000']
  '004.4667': ['0.379', '1.461', '0.080', '-0.07393', '-0.99726', '-0.00016', '0.99726',
    '-0.07393', '0.00035', '-0.00036', '-0.00013', '1.00000']
  '004.5333': ['0.380', '1.489', '0.080', '-0.09775', '-0.99521', '-0.00018', '0.99521',
    '-0.09775', '0.00036', '-0.00038', '-0.00015', '1.00000']
  '004.6000': ['0.379', '1.515', '0.080', '-0.08802', '-0.99612', '-0.00020', '0.99612',
    '-0.08802', '0.00041', '-0.00043', '-0.00016', '1.00000']
  '004.6667': ['0.378', '1.539', '0.080', '-0.08213', '-0.99662', '-0.00022', '0.99662',
    '-0.08213', '0.00046', '-0.00047', '-0.00018', '1.00000']
  '004.7333': ['0.376', '1.563', '0.080', '-0.07741', '-0.99700', '-0.00023', '0.99700',
    '-0.07741', '0.00052', '-0.00054', '-0.00019', '1.00000']
  '004.8000': ['0.375', '1.588', '0.080', '-0.07496', '-0.99719', '-0.00025', '0.99719',
    '-0.07496', '0.00052', '-0.00054', '-0.00021', '1.00000']
  '004.8667': ['0.374', '1.613', '0.080', '-0.01036', '-0.99995', '-0.00024', '0.99995',
    '-0.01036', '0.00053', '-0.00053', '-0.00024', '1.00000']
  '004.9333': ['0.374', '1.639', '0.080', '0.04921', '-0.99879', '-0.00027', '0.99879',
    '0.04921', '0.00053', '-0.00052', '-0.00030', '1.00000']
  '005.0000': ['0.376', '1.664', '0.080', '0.05128', '-0.99868', '-0.00029', '0.99868',
    '0.05128', '0.00054', '-0.00053', '-0.00032', '1.00000']
  '005.0667': ['0.376', '1.688', '0.080', '0.05540', '-0.99846', '-0.00029', '0.99846',
    '0.05540', '0.00053', '-0.00051', '-0.00032', '1.00000']
  '005.1333': ['0.378', '1.713', '0.080', '0.05848', '-0.99829', '-0.00030', '0.99829',
    '0.05848', '0.00048', '-0.00046', '-0.00033', '1.00000']
  '005.2000': ['0.379', '1.735', '0.080', '0.06223', '-0.99806', '-0.00034', '0.99806',
    '0.06223', '0.00043', '-0.00041', '-0.00036', '1.00000']
  '005.2667': ['0.380', '1.753', '0.080', '0.06507', '-0.99788', '-0.00031', '0.99788',
    '0.06507', '0.00039', '-0.00037', '-0.00033', '1.00000']
  '005.3333': ['0.380', '1.760', '0.080', '0.06655', '-0.99778', '-0.00017', '0.99778',
    '0.06655', '0.00015', '-0.00014', '-0.00018', '1.00000']
  '005.4000': ['0.381', '1.779', '0.080', '0.06910', '-0.99761', '-0.00015', '0.99761',
    '0.06910', '0.00012', '-0.00011', '-0.00016', '1.00000']
  '005.4667': ['0.382', '1.802', '0.080', '0.07208', '-0.99740', '-0.00017', '0.99740',
    '0.07208', '0.00009', '-0.00008', '-0.00017', '1.00000']
  '005.5333': ['0.383', '1.829', '0.080', '0.07745', '-0.99700', '-0.00018', '0.99700',
    '0.07745', '0.00006', '-0.00005', '-0.00018', '1.00000']
  '005.6000': ['0.379', '1.861', '0.080', '0.09470', '-0.99551', '-0.00029', '0.99551',
    '0.09470', '0.00004', '-0.00001', '-0.00029', '1.00000']
  '005.6667': ['0.382', '1.887', '0.080', '0.10981', '-0.99395', '-0.00028', '0.99395',
    '0.10981', '0.00007', '-0.00004', '-0.00029', '1.00000']
  '005.7333': ['0.386', '1.913', '0.080', '0.11929', '-0.99286', '-0.00029', '0.99286',
    '0.11929', '0.00011', '-0.00007', '-0.00030', '1.00000']
  '005.8000': ['0.390', '1.936', '0.080', '0.12491', '-0.99217', '-0.00031', '0.99217',
    '0.12491', '0.00015', '-0.00011', '-0.00033', '1.00000']
  '005.8667': ['0.390', '1.958', '0.080', '0.13371', '-0.99102', '-0.00018', '0.99102',
    '0.13371', '0.00010', '-0.00007', '-0.00019', '1.00000']
  '005.9333': ['0.384', '1.972', '0.080', '0.15335', '-0.98817', '-0.00024', '0.98817',
    '0.15335', '-0.00005', '0.00008', '-0.00023', '1.00000']
  '006.0000': ['0.384', '1.990', '0.080', '0.17768', '-0.98409', '-0.00021', '0.98409',
    '0.17768', '-0.00005', '0.00009', '-0.00020', '1.00000']
  '006.0667': ['0.387', '2.010', '0.080', '0.20461', '-0.97884', '-0.00019', '0.97884',
    '0.20461', '-0.00004', '0.00008', '-0.00018', '1.00000']
  '006.1333': ['0.391', '2.032', '0.080', '0.22284', '-0.97485', '-0.00016', '0.97485',
    '0.22284', '-0.00006', '0.00009', '-0.00014', '1.00000']
  '006.2000': ['0.396', '2.053', '0.080', '0.15160', '-0.98844', '-0.00011', '0.98844',
    '0.15160', '-0.00006', '0.00008', '-0.00010', '1.00000']
  '006.2667': ['0.401', '2.078', '0.080', '0.07779', '-0.99697', '-0.00009', '0.99697',
    '0.07779', '-0.00005', '0.00006', '-0.00009', '1.00000']
  '006.3333': ['0.405', '2.105', '0.080', '0.01050', '-0.99994', '-0.00010', '0.99994',
    '0.01050', '-0.00003', '0.00003', '-0.00010', '1.00000']
  '006.4000': ['0.406', '2.132', '0.080', '0.02863', '-0.99959', '-0.00010', '0.99959',
    '0.02863', '-0.00003', '0.00003', '-0.00010', '1.00000']
  '006.4667': ['0.409', '2.158', '0.080', '-0.01854', '-0.99983', '-0.00011', '0.99983',
    '-0.01854', '-0.00001', '0.00001', '-0.00011', '1.00000']
  '006.5333': ['0.409', '2.183', '0.080', '-0.10712', '-0.99425', '-0.00010', '0.99425',
    '-0.10712', '-0.00002', '0.00001', '-0.00010', '1.00000']
  '006.6000': ['0.408', '2.209', '0.080', '-0.10293', '-0.99469', '-0.00011', '0.99469',
    '-0.10293', '-0.00001', '-0.00001', '-0.00011', '1.00000']
  '006.6667': ['0.406', '2.236', '0.080', '-0.10324', '-0.99466', '-0.00011', '0.99466',
    '-0.10324', '0.00002', '-0.00003', '-0.00011', '1.00000']
  '006.7333': ['0.404', '2.263', '0.080', '-0.10538', '-0.99443', '-0.00012', '0.99443',
    '-0.10538', '0.00003', '-0.00005', '-0.00011', '1.00000']
  '006.8000': ['0.400', '2.289', '0.080', '-0.10548', '-0.99442', '-0.00009', '0.99442',
    '-0.10548', '0.00002', '-0.00003', '-0.00009', '1.00000']
  '006.8667': ['0.398', '2.313', '0.080', '-0.10571', '-0.99440', '-0.00010', '0.99440',
    '-0.10571', '0.00001', '-0.00003', '-0.00010', '1.00000']
  '006.9333': ['0.395', '2.339', '0.080', '-0.10636', '-0.99433', '-0.00011', '0.99433',
    '-0.10636', '0.00003', '-0.00005', '-0.00010', '1.00000']
  '007.0000': ['0.392', '2.362', '0.080', '-0.01573', '-0.99988', '-0.00011', '0.99988',
    '-0.01573', '0.00004', '-0.00004', '-0.00010', '1.00000']
  '007.0667': ['0.390', '2.385', '0.080', '0.06957', '-0.99758', '-0.00011', '0.99758',
    '0.06957', '0.00006', '-0.00005', '-0.00012', '1.00000']
  '007.1333': ['0.389', '2.413', '0.080', '0.08296', '-0.99655', '-0.00010', '0.99655',
    '0.08296', '0.00007', '-0.00006', '-0.00011', '1.00000']
  '007.2000': ['0.391', '2.439', '0.080', '0.10071', '-0.99492', '-0.00009', '0.99492',
    '0.10071', '0.00008', '-0.00007', '-0.00010', '1.00000']
  '007.2667': ['0.395', '2.468', '0.080', '0.11789', '-0.99303', '-0.00005', '0.99303',
    '0.11789', '0.00017', '-0.00017', '-0.00007', '1.00000']
  '007.3333': ['0.399', '2.498', '0.080', '0.13618', '-0.99068', '-0.00006', '0.99068',
    '0.13618', '0.00016', '-0.00015', '-0.00008', '1.00000']
  '007.4000': ['0.406', '2.535', '0.080', '0.15213', '-0.98836', '-0.00015', '0.98836',
    '0.15213', '0.00025', '-0.00022', '-0.00019', '1.00000']
  '007.4667': ['0.410', '2.564', '0.080', '0.15965', '-0.98717', '-0.00016', '0.98717',
    '0.15965', '0.00025', '-0.00022', '-0.00020', '1.00000']
  '007.5333': ['0.416', '2.587', '0.080', '0.07029', '-0.99753', '-0.00016', '0.99753',
    '0.07029', '0.00023', '-0.00022', '-0.00018', '1.00000']
  '007.6000': ['0.419', '2.599', '0.080', '-0.02461', '-0.99970', '-0.00015', '0.99970',
    '-0.02461', '0.00019', '-0.00020', '-0.00014', '1.00000']
  '007.6667': ['0.418', '2.618', '0.080', '-0.10899', '-0.99404', '-0.00014', '0.99404',
    '-0.10899', '0.00017', '-0.00019', '-0.00012', '1.00000']
  '007.7333': ['0.414', '2.631', '0.080', '-0.09896', '-0.99509', '-0.00004', '0.99509',
    '-0.09896', '0.00014', '-0.00014', '-0.00002', '1.00000']
  '007.8000': ['0.409', '2.641', '0.080', '-0.08686', '-0.99622', '-0.00002', '0.99622',
    '-0.08686', '0.00019', '-0.00019', '0.00000', '1.00000']
  '007.8667': ['0.405', '2.658', '0.080', '-0.07357', '-0.99729', '-0.00001', '0.99729',
    '-0.07357', '0.00021', '-0.00021', '0.00000', '1.00000']
  '007.9333': ['0.398', '2.671', '0.080', '-0.05123', '-0.99869', '0.00008', '0.99869',
    '-0.05123', '0.00030', '-0.00029', '0.00010', '1.00000']
  '008.0000': ['0.397', '2.694', '0.080', '-0.02880', '-0.99958', '0.00067', '0.99958',
    '-0.02880', '0.00092', '-0.00090', '0.00069', '1.00000']
  '008.0667': ['0.407', '2.732', '0.080', '-0.03206', '-0.99949', '0.00001', '0.99949',
    '-0.03206', '0.00039', '-0.00039', '0.00002', '1.00000']
  '008.1333': ['0.411', '2.766', '0.080', '-0.04554', '-0.99896', '-0.00009', '0.99896',
    '-0.04554', '0.00038', '-0.00038', '-0.00007', '1.00000']
  '008.2000': ['0.410', '2.792', '0.080', '-0.00592', '-0.99998', '-0.00003', '0.99998',
    '-0.00592', '0.00041', '-0.00041', '-0.00003', '1.00000']
  '008.2667': ['0.405', '2.812', '0.080', '0.09182', '-0.99578', '0.00064', '0.99577',
    '0.09182', '0.00085', '-0.00091', '0.00056', '1.00000']
  '008.3333': ['0.413', '2.842', '0.080', '0.17667', '-0.98427', '0.00001', '0.98427',
    '0.17667', '0.00043', '-0.00043', '-0.00007', '1.00000']
  '008.4000': ['0.419', '2.872', '0.080', '0.26373', '-0.96460', '-0.00006', '0.96460',
    '0.26373', '0.00038', '-0.00035', '-0.00016', '1.00000']
  '008.4667': ['0.426', '2.900', '0.080', '0.35518', '-0.93480', '-0.00005', '0.93480',
    '0.35518', '0.00038', '-0.00033', '-0.00018', '1.00000']
  '008.5333': ['0.435', '2.930', '0.080', '0.45111', '-0.89247', '-0.00006', '0.89247',
    '0.45111', '0.00036', '-0.00030', '-0.00021', '1.00000']
  '008.6000': ['0.448', '2.957', '0.080', '0.50717', '-0.86185', '-0.00005', '0.86185',
    '0.50717', '0.00030', '-0.00024', '-0.00019', '1.00000']
  '008.6667': ['0.460', '2.980', '0.080', '0.52190', '-0.85301', '-0.00004', '0.85301',
    '0.52190', '0.00027', '-0.00021', '-0.00017', '1.00000']
  '008.7333': ['0.469', '2.999', '0.080', '0.54200', '-0.84038', '-0.00001', '0.84038',
    '0.54200', '0.00023', '-0.00019', '-0.00013', '1.00000']
  '008.8000': ['0.481', '3.016', '0.080', '0.56010', '-0.82843', '0.00003', '0.82843',
    '0.56010', '0.00022', '-0.00020', '-0.00010', '1.00000']
  '008.8667': ['0.496', '3.034', '0.080', '0.57281', '-0.81968', '0.00002', '0.81968',
    '0.57281', '0.00022', '-0.00019', '-0.00011', '1.00000']
  '008.9333': ['0.514', '3.056', '0.080', '0.65904', '-0.75211', '0.00008', '0.75211',
    '0.65904', '0.00018', '-0.00019', '-0.00006', '1.00000']
  '009.0000': ['0.533', '3.074', '0.080', '0.73323', '-0.67998', '0.00010', '0.67998',
    '0.73323', '0.00018', '-0.00020', '-0.00006', '1.00000']
  '009.0667': ['0.554', '3.092', '0.080', '0.79831', '-0.60224', '0.00009', '0.60224',
    '0.79831', '0.00020', '-0.00020', '-0.00011', '1.00000']
  '009.1333': ['0.578', '3.112', '0.080', '0.85598', '-0.51701', '0.00011', '0.51701',
    '0.85598', '0.00019', '-0.00020', '-0.00011', '1.00000']
  '009.2000': ['0.602', '3.127', '0.080', '0.90576', '-0.42380', '0.00012', '0.42380',
    '0.90576', '0.00018', '-0.00019', '-0.00011', '1.00000']
  '009.2667': ['0.626', '3.140', '0.080', '0.94666', '-0.32222', '0.00015', '0.32222',
    '0.94666', '0.00016', '-0.00019', '-0.00010', '1.00000']
  '009.3333': ['0.652', '3.149', '0.080', '0.95535', '-0.29547', '0.00014', '0.29547',
    '0.95535', '0.00017', '-0.00018', '-0.00012', '1.00000']
  '009.4000': ['0.682', '3.159', '0.080', '0.95843', '-0.28533', '0.00011', '0.28533',
    '0.95843', '0.00017', '-0.00016', '-0.00014', '1.00000']
  '009.4667': ['0.708', '3.166', '0.080', '0.96056', '-0.27808', '0.00010', '0.27808',
    '0.96056', '0.00017', '-0.00015', '-0.00013', '1.00000']
  '009.5333': ['0.732', '3.172', '0.080', '0.96144', '-0.27502', '0.00009', '0.27502',
    '0.96144', '0.00017', '-0.00013', '-0.00014', '1.00000']
