begin_time_stamp: 1574104050.3999977
data_header:
  time_stamp: [x, y, z, R11, R12, R13, R21, R22, R23, R31, R32, R33]
trajectory_data:
  '000.0000': ['0.135', '1.802', '0.080', '0.01115', '0.99994', '-0.00062', '-0.99994',
    '0.01115', '0.00013', '0.00014', '0.00062', '1.00000']
  '000.0667': ['0.135', '1.802', '0.080', '0.01134', '0.99994', '-0.00062', '-0.99994',
    '0.01134', '0.00014', '0.00014', '0.00062', '1.00000']
  '000.1333': ['0.136', '1.804', '0.080', '0.01176', '0.99993', '-0.00061', '-0.99993',
    '0.01176', '0.00012', '0.00013', '0.00061', '1.00000']
  '000.2000': ['0.139', '1.807', '0.080', '0.01232', '0.99992', '-0.00057', '-0.99992',
    '0.01232', '0.00009', '0.00010', '0.00057', '1.00000']
  '000.2667': ['0.147', '1.792', '0.080', '-0.00065', '1.00000', '-0.00037', '-1.00000',
    '-0.00065', '-0.00007', '-0.00007', '0.00037', '1.00000']
  '000.3333': ['0.148', '1.786', '0.080', '-0.01528', '0.99988', '-0.00039', '-0.99988',
    '-0.01528', '-0.00006', '-0.00006', '0.00039', '1.00000']
  '000.4000': ['0.141', '1.781', '0.080', '-0.02001', '0.99980', '-0.00063', '-0.99980',
    '-0.02001', '0.00013', '0.00011', '0.00063', '1.00000']
  '000.4667': ['0.138', '1.769', '0.080', '-0.02020', '0.99980', '-0.00066', '-0.99980',
    '-0.02020', '0.00018', '0.00017', '0.00066', '1.00000']
  '000.5333': ['0.137', '1.754', '0.080', '-0.01901', '0.99982', '-0.00066', '-0.99982',
    '-0.01901', '0.00021', '0.00020', '0.00067', '1.00000']
  '000.6000': ['0.137', '1.735', '0.080', '-0.01713', '0.99985', '-0.00066', '-0.99985',
    '-0.01713', '0.00025', '0.00024', '0.00067', '1.00000']
  '000.6667': ['0.137', '1.715', '0.080', '-0.01597', '0.99987', '-0.00068', '-0.99987',
    '-0.01597', '0.00032', '0.00031', '0.00069', '1.00000']
  '000.7333': ['0.137', '1.695', '0.080', '-0.01546', '0.99988', '-0.00071', '-0.99988',
    '-0.01546', '0.00036', '0.00035', '0.00071', '1.00000']
  '000.8000': ['0.137', '1.674', '0.080', '-0.01584', '0.99987', '-0.00070', '-0.99987',
    '-0.01584', '0.00045', '0.00044', '0.00071', '1.00000']
  '000.8667': ['0.138', '1.652', '0.080', '-0.01716', '0.99985', '-0.00076', '-0.99985',
    '-0.01716', '0.00048', '0.00047', '0.00077', '1.00000']
  '000.9333': ['0.138', '1.629', '0.080', '-0.01924', '0.99981', '-0.00080', '-0.99981',
    '-0.01924', '0.00049', '0.00048', '0.00081', '1.00000']
  '001.0000': ['0.138', '1.607', '0.080', '-0.02322', '0.99973', '-0.00088', '-0.99973',
    '-0.02322', '0.00049', '0.00047', '0.00089', '1.00000']
  '001.0667': ['0.139', '1.583', '0.080', '-0.02920', '0.99957', '-0.00091', '-0.99957',
    '-0.02920', '0.00048', '0.00045', '0.00092', '1.00000']
  '001.1333': ['0.138', '1.559', '0.080', '-0.03653', '0.99933', '-0.00092', '-0.99933',
    '-0.03653', '0.00049', '0.00045', '0.00093', '1.00000']
  '001.2000': ['0.139', '1.535', '0.080', '-0.04641', '0.99892', '-0.00094', '-0.99892',
    '-0.04641', '0.00048', '0.00044', '0.00097', '1.00000']
  '001.2667': ['0.138', '1.513', '0.080', '-0.05788', '0.99832', '-0.00097', '-0.99832',
    '-0.05788', '0.00047', '0.00042', '0.00100', '1.00000']
  '001.3333': ['0.138', '1.494', '0.080', '-0.07103', '0.99747', '-0.00098', '-0.99747',
    '-0.07103', '0.00043', '0.00036', '0.00101', '1.00000']
  '001.4000': ['0.138', '1.484', '0.080', '-0.08733', '0.99618', '-0.00086', '-0.99618',
    '-0.08733', '0.00045', '0.00038', '0.00090', '1.00000']
  '001.4667': ['0.136', '1.465', '0.080', '-0.10144', '0.99484', '-0.00090', '-0.99484',
    '-0.10144', '0.00047', '0.00037', '0.00094', '1.00000']
  '001.5333': ['0.131', '1.443', '0.080', '-0.11170', '0.99374', '-0.00098', '-0.99374',
    '-0.11170', '0.00049', '0.00037', '0.00103', '1.00000']
  '001.6000': ['0.127', '1.421', '0.080', '-0.11800', '0.99301', '-0.00110', '-0.99301',
    '-0.11800', '0.00049', '0.00036', '0.00115', '1.00000']
  '001.6667': ['0.122', '1.397', '0.080', '-0.11970', '0.99281', '-0.00111', '-0.99281',
    '-0.11970', '0.00046', '0.00032', '0.00116', '1.00000']
  '001.7333': ['0.116', '1.371', '0.080', '-0.11617', '0.99323', '-0.00124', '-0.99323',
    '-0.11617', '0.00052', '0.00038', '0.00129', '1.00000']
  '001.8000': ['0.114', '1.343', '0.080', '-0.11350', '0.99354', '-0.00116', '-0.99354',
    '-0.11350', '0.00038', '0.00025', '0.00120', '1.00000']
  '001.8667': ['0.117', '1.300', '0.080', '-0.12696', '0.99191', '-0.00098', '-0.99191',
    '-0.12696', '-0.00003', '-0.00016', '0.00097', '1.00000']
  '001.9333': ['0.116', '1.269', '0.080', '-0.14789', '0.98900', '-0.00084', '-0.98900',
    '-0.14789', '-0.00023', '-0.00035', '0.00080', '1.00000']
  '002.0000': ['0.113', '1.243', '0.080', '-0.17383', '0.98478', '-0.00081', '-0.98478',
    '-0.17383', '-0.00035', '-0.00048', '0.00074', '1.00000']
  '002.0667': ['0.108', '1.219', '0.080', '-0.15343', '0.98816', '-0.00078', '-0.98816',
    '-0.15343', '-0.00041', '-0.00053', '0.00070', '1.00000']
  '002.1333': ['0.101', '1.198', '0.080', '-0.07478', '0.99720', '-0.00073', '-0.99720',
    '-0.07478', '-0.00055', '-0.00060', '0.00068', '1.00000']
  '002.2000': ['0.089', '1.183', '0.080', '0.02085', '0.99978', '-0.00045', '-0.99978',
    '0.02085', '-0.00086', '-0.00085', '0.00047', '1.00000']
  '002.2667': ['0.085', '1.159', '0.080', '0.12523', '0.99213', '-0.00067', '-0.99213',
    '0.12523', '-0.00024', '-0.00016', '0.00070', '1.00000']
  '002.3333': ['0.086', '1.133', '0.080', '0.23456', '0.97210', '-0.00058', '-0.97210',
    '0.23456', '-0.00026', '-0.00011', '0.00063', '1.00000']
  '002.4000': ['0.092', '1.107', '0.080', '0.34486', '0.93865', '-0.00026', '-0.93865',
    '0.34486', '-0.00070', '-0.00057', '0.00048', '1.00000']
  '002.4667': ['0.101', '1.078', '0.080', '0.45506', '0.89046', '-0.00044', '-0.89046',
    '0.45506', '-0.00032', '-0.00009', '0.00053', '1.00000']
  '002.5333': ['0.116', '1.052', '0.080', '0.55981', '0.82862', '-0.00040', '-0.82862',
    '0.55981', '-0.00034', '-0.00006', '0.00053', '1.00000']
  '002.6000': ['0.141', '1.025', '0.080', '0.64876', '0.76099', '-0.00037', '-0.76099',
    '0.64876', '-0.00066', '-0.00027', '0.00071', '1.00000']
  '002.6667': ['0.162', '1.002', '0.080', '0.69474', '0.71926', '-0.00032', '-0.71926',
    '0.69474', '-0.00070', '-0.00028', '0.00072', '1.00000']
  '002.7333': ['0.182', '0.982', '0.080', '0.69932', '0.71481', '-0.00032', '-0.71481',
    '0.69932', '-0.00070', '-0.00027', '0.00072', '1.00000']
  '002.8000': ['0.202', '0.963', '0.080', '0.70264', '0.71154', '-0.00030', '-0.71154',
    '0.70264', '-0.00067', '-0.00027', '0.00069', '1.00000']
  '002.8667': ['0.222', '0.944', '0.080', '0.70385', '0.71035', '-0.00026', '-0.71035',
    '0.70385', '-0.00064', '-0.00027', '0.00064', '1.00000']
  '002.9333': ['0.240', '0.926', '0.080', '0.70385', '0.71035', '-0.00026', '-0.71035',
    '0.70385', '-0.00064', '-0.00027', '0.00064', '1.00000']
  '003.0000': ['0.258', '0.908', '0.080', '0.71449', '0.69964', '-0.00026', '-0.69964',
    '0.71449', '-0.00064', '-0.00027', '0.00064', '1.00000']
  '003.0667': ['0.274', '0.889', '0.080', '0.78372', '0.62112', '-0.00026', '-0.62112',
    '0.78372', '-0.00064', '-0.00020', '0.00066', '1.00000']
  '003.1333': ['0.293', '0.873', '0.080', '0.84435', '0.53579', '-0.00026', '-0.53579',
    '0.84435', '-0.00064', '-0.00013', '0.00068', '1.00000']
  '003.2000': ['0.314', '0.859', '0.080', '0.89573', '0.44459', '-0.00026', '-0.44459',
    '0.89573', '-0.00064', '-0.00005', '0.00069', '1.00000']
  '003.2667': ['0.337', '0.848', '0.080', '0.93208', '0.36225', '-0.00026', '-0.36225',
    '0.93208', '-0.00064', '0.00001', '0.00069', '1.00000']
  '003.3333': ['0.360', '0.839', '0.080', '0.93208', '0.36225', '-0.00026', '-0.36225',
    '0.93208', '-0.00064', '0.00001', '0.00069', '1.00000']
  '003.4000': ['0.384', '0.830', '0.080', '0.93208', '0.36225', '-0.00026', '-0.36225',
    '0.93208', '-0.00064', '0.00001', '0.00069', '1.00000']
  '003.4667': ['0.407', '0.821', '0.080', '0.93208', '0.36225', '-0.00026', '-0.36225',
    '0.93208', '-0.00064', '0.00001', '0.00069', '1.00000']
  '003.5333': ['0.431', '0.811', '0.080', '0.93208', '0.36225', '-0.00026', '-0.36225',
    '0.93208', '-0.00064', '0.00001', '0.00069', '1.00000']
  '003.6000': ['0.454', '0.802', '0.080', '0.93208', '0.36225', '-0.00026', '-0.36225',
    '0.93208', '-0.00064', '0.00001', '0.00069', '1.00000']
  '003.6667': ['0.478', '0.793', '0.080', '0.93208', '0.36225', '-0.00026', '-0.36225',
    '0.93208', '-0.00064', '0.00001', '0.00069', '1.00000']
  '003.7333': ['0.501', '0.784', '0.080', '0.93208', '0.36225', '-0.00026', '-0.36225',
    '0.93208', '-0.00064', '0.00001', '0.00069', '1.00000']
  '003.8000': ['0.525', '0.776', '0.080', '0.90149', '0.43281', '-0.00026', '-0.43281',
    '0.90149', '-0.00064', '-0.00005', '0.00069', '1.00000']
  '003.8667': ['0.548', '0.765', '0.080', '0.85131', '0.52467', '-0.00026', '-0.52467',
    '0.85131', '-0.00064', '-0.00012', '0.00068', '1.00000']
  '003.9333': ['0.570', '0.753', '0.080', '0.79180', '0.61079', '-0.00026', '-0.61079',
    '0.79180', '-0.00064', '-0.00019', '0.00067', '1.00000']
  '004.0000': ['0.590', '0.738', '0.080', '0.72361', '0.69021', '-0.00026', '-0.69021',
    '0.72361', '-0.00064', '-0.00026', '0.00064', '1.00000']
  '004.0667': ['0.609', '0.722', '0.080', '0.64750', '0.76207', '-0.00026', '-0.76207',
    '0.64750', '-0.00064', '-0.00032', '0.00061', '1.00000']
  '004.1333': ['0.626', '0.703', '0.080', '0.56429', '0.82558', '-0.00026', '-0.82558',
    '0.56429', '-0.00064', '-0.00038', '0.00058', '1.00000']
  '004.2000': ['0.640', '0.682', '0.080', '0.52621', '0.85036', '-0.00026', '-0.85036',
    '0.52621', '-0.00064', '-0.00041', '0.00056', '1.00000']
  '004.2667': ['0.653', '0.660', '0.080', '0.52621', '0.85036', '-0.00026', '-0.85036',
    '0.52621', '-0.00064', '-0.00041', '0.00056', '1.00000']
  '004.3333': ['0.666', '0.639', '0.080', '0.52621', '0.85036', '-0.00026', '-0.85036',
    '0.52621', '-0.00064', '-0.00041', '0.00056', '1.00000']
