begin_time_stamp: 1574104215.0666654
data_header:
  time_stamp: [x, y, z, R11, R12, R13, R21, R22, R23, R31, R32, R33]
trajectory_data:
  '000.0000': ['1.281', '0.464', '0.080', '-0.97091', '-0.23946', '-0.00004', '0.23946',
    '-0.97091', '-0.00017', '0.00000', '-0.00017', '1.00000']
  '000.0667': ['1.256', '0.470', '0.080', '-0.94077', '-0.33906', '-0.00004', '0.33906',
    '-0.94077', '-0.00014', '0.00001', '-0.00015', '1.00000']
  '000.1333': ['1.230', '0.478', '0.080', '-0.90225', '-0.43122', '-0.00001', '0.43122',
    '-0.90225', '-0.00011', '0.00004', '-0.00010', '1.00000']
  '000.2000': ['1.203', '0.490', '0.080', '-0.90015', '-0.43559', '0.00000', '0.43559',
    '-0.90015', '-0.00009', '0.00004', '-0.00008', '1.00000']
  '000.2667': ['1.175', '0.503', '0.080', '-0.89768', '-0.44065', '0.00001', '0.44065',
    '-0.89768', '-0.00007', '0.00004', '-0.00006', '1.00000']
  '000.3333': ['1.148', '0.516', '0.080', '-0.89481', '-0.44644', '0.00003', '0.44644',
    '-0.89481', '-0.00005', '0.00005', '-0.00003', '1.00000']
  '000.4000': ['1.121', '0.529', '0.080', '-0.89151', '-0.45300', '0.00004', '0.45300',
    '-0.89151', '-0.00003', '0.00006', '-0.00001', '1.00000']
  '000.4667': ['1.094', '0.542', '0.080', '-0.87271', '-0.48824', '0.00006', '0.48824',
    '-0.87271', '-0.00002', '0.00006', '0.00002', '1.00000']
  '000.5333': ['1.051', '0.556', '0.080', '-0.80159', '-0.59787', '0.00017', '0.59787',
    '-0.80159', '-0.00007', '0.00018', '0.00005', '1.00000']
  '000.6000': ['1.017', '0.570', '0.080', '-0.70458', '-0.70963', '0.00019', '0.70963',
    '-0.70458', '-0.00007', '0.00018', '0.00008', '1.00000']
  '000.6667': ['0.990', '0.587', '0.080', '-0.60820', '-0.79378', '0.00017', '0.79378',
    '-0.60820', '-0.00006', '0.00015', '0.00010', '1.00000']
  '000.7333': ['0.970', '0.605', '0.080', '-0.55194', '-0.83388', '0.00016', '0.83388',
    '-0.55194', '-0.00003', '0.00011', '0.00011', '1.00000']
  '000.8000': ['0.955', '0.623', '0.080', '-0.48772', '-0.87300', '0.00015', '0.87300',
    '-0.48772', '-0.00001', '0.00009', '0.00013', '1.00000']
  '000.8667': ['0.943', '0.642', '0.080', '-0.41923', '-0.90788', '0.00015', '0.90788',
    '-0.41923', '0.00000', '0.00006', '0.00014', '1.00000']
  '000.9333': ['0.937', '0.663', '0.080', '-0.35290', '-0.93566', '0.00014', '0.93566',
    '-0.35290', '0.00002', '0.00003', '0.00014', '1.00000']
  '001.0000': ['0.937', '0.684', '0.080', '-0.35620', '-0.93441', '0.00011', '0.93441',
    '-0.35620', '0.00003', '0.00001', '0.00011', '1.00000']
  '001.0667': ['0.937', '0.705', '0.080', '-0.41046', '-0.91188', '0.00008', '0.91188',
    '-0.41046', '0.00005', '-0.00001', '0.00009', '1.00000']
  '001.1333': ['0.936', '0.726', '0.080', '-0.47459', '-0.88021', '0.00005', '0.88021',
    '-0.47459', '0.00007', '-0.00004', '0.00007', '1.00000']
  '001.2000': ['0.933', '0.745', '0.080', '-0.54646', '-0.83749', '0.00002', '0.83749',
    '-0.54646', '0.00009', '-0.00007', '0.00006', '1.00000']
  '001.2667': ['0.929', '0.764', '0.080', '-0.62332', '-0.78196', '-0.00001', '0.78196',
    '-0.62332', '0.00012', '-0.00010', '0.00006', '1.00000']
  '001.3333': ['0.923', '0.782', '0.080', '-0.70189', '-0.71228', '-0.00005', '0.71228',
    '-0.70189', '0.00014', '-0.00014', '0.00007', '1.00000']
  '001.4000': ['0.902', '0.801', '0.080', '-0.77114', '-0.63667', '-0.00003', '0.63667',
    '-0.77114', '0.00015', '-0.00012', '0.00010', '1.00000']
  '001.4667': ['0.882', '0.818', '0.080', '-0.83333', '-0.55277', '-0.00006', '0.55277',
    '-0.83333', '0.00016', '-0.00013', '0.00010', '1.00000']
  '001.5333': ['0.863', '0.832', '0.080', '-0.88745', '-0.46090', '-0.00007', '0.46090',
    '-0.88745', '0.00016', '-0.00014', '0.00011', '1.00000']
  '001.6000': ['0.842', '0.844', '0.080', '-0.91095', '-0.41252', '-0.00009', '0.41252',
    '-0.91095', '0.00015', '-0.00015', '0.00010', '1.00000']
  '001.6667': ['0.820', '0.856', '0.080', '-0.91545', '-0.40243', '-0.00011', '0.40243',
    '-0.91545', '0.00014', '-0.00016', '0.00008', '1.00000']
  '001.7333': ['0.800', '0.867', '0.080', '-0.92136', '-0.38870', '-0.00012', '0.38870',
    '-0.92136', '0.00014', '-0.00016', '0.00008', '1.00000']
  '001.8000': ['0.785', '0.875', '0.080', '-0.92787', '-0.37290', '-0.00021', '0.37290',
    '-0.92787', '0.00014', '-0.00025', '0.00005', '1.00000']
  '001.8667': ['0.765', '0.882', '0.080', '-0.93290', '-0.36013', '-0.00024', '0.36013',
    '-0.93290', '0.00012', '-0.00027', '0.00003', '1.00000']
  '001.9333': ['0.744', '0.887', '0.080', '-0.93522', '-0.35408', '-0.00026', '0.35408',
    '-0.93522', '0.00012', '-0.00029', '0.00002', '1.00000']
  '002.0000': ['0.721', '0.896', '0.080', '-0.93692', '-0.34955', '-0.00026', '0.34955',
    '-0.93692', '0.00010', '-0.00028', '0.00000', '1.00000']
  '002.0667': ['0.698', '0.904', '0.080', '-0.93826', '-0.34593', '-0.00024', '0.34593',
    '-0.93826', '0.00011', '-0.00027', '0.00002', '1.00000']
  '002.1333': ['0.673', '0.915', '0.080', '-0.93993', '-0.34137', '-0.00025', '0.34137',
    '-0.93993', '0.00008', '-0.00026', '-0.00001', '1.00000']
  '002.2000': ['0.642', '0.927', '0.080', '-0.94237', '-0.33458', '-0.00029', '0.33458',
    '-0.94237', '0.00005', '-0.00029', '-0.00005', '1.00000']
  '002.2667': ['0.600', '0.944', '0.080', '-0.94100', '-0.33841', '-0.00053', '0.33841',
    '-0.94100', '-0.00004', '-0.00049', '-0.00022', '1.00000']
  '002.3333': ['0.567', '0.956', '0.080', '-0.90623', '-0.42279', '-0.00044', '0.42279',
    '-0.90623', '0.00004', '-0.00041', '-0.00015', '1.00000']
  '002.4000': ['0.543', '0.965', '0.080', '-0.88924', '-0.45744', '-0.00044', '0.45744',
    '-0.88924', '0.00005', '-0.00041', '-0.00016', '1.00000']
  '002.4667': ['0.520', '0.979', '0.080', '-0.89362', '-0.44883', '-0.00043', '0.44883',
    '-0.89362', '0.00002', '-0.00039', '-0.00018', '1.00000']
  '002.5333': ['0.498', '0.991', '0.080', '-0.89850', '-0.43896', '-0.00041', '0.43896',
    '-0.89850', '0.00002', '-0.00038', '-0.00017', '1.00000']
  '002.6000': ['0.474', '1.002', '0.080', '-0.87561', '-0.48301', '-0.00040', '0.48301',
    '-0.87561', '0.00001', '-0.00036', '-0.00018', '1.00000']
  '002.6667': ['0.444', '1.019', '0.080', '-0.82936', '-0.55871', '-0.00038', '0.55871',
    '-0.82936', '0.00003', '-0.00034', '-0.00019', '1.00000']
  '002.7333': ['0.402', '1.038', '0.080', '-0.76542', '-0.64353', '-0.00046', '0.64353',
    '-0.76542', '0.00008', '-0.00040', '-0.00024', '1.00000']
  '002.8000': ['0.374', '1.055', '0.080', '-0.68689', '-0.72677', '-0.00046', '0.72677',
    '-0.68689', '0.00009', '-0.00038', '-0.00027', '1.00000']
  '002.8667': ['0.353', '1.073', '0.080', '-0.59600', '-0.80299', '-0.00044', '0.80299',
    '-0.59600', '0.00011', '-0.00035', '-0.00029', '1.00000']
  '002.9333': ['0.337', '1.092', '0.080', '-0.49430', '-0.86929', '-0.00042', '0.86929',
    '-0.49430', '0.00012', '-0.00032', '-0.00031', '1.00000']
  '003.0000': ['0.325', '1.111', '0.080', '-0.38377', '-0.92343', '-0.00041', '0.92343',
    '-0.38377', '0.00014', '-0.00029', '-0.00033', '1.00000']
  '003.0667': ['0.315', '1.131', '0.080', '-0.26609', '-0.96395', '-0.00040', '0.96395',
    '-0.26609', '0.00015', '-0.00025', '-0.00034', '1.00000']
  '003.1333': ['0.308', '1.153', '0.080', '-0.22189', '-0.97507', '-0.00039', '0.97507',
    '-0.22189', '0.00015', '-0.00023', '-0.00035', '1.00000']
  '003.2000': ['0.303', '1.173', '0.080', '-0.19986', '-0.97982', '-0.00038', '0.97982',
    '-0.19986', '0.00014', '-0.00021', '-0.00035', '1.00000']
  '003.2667': ['0.299', '1.191', '0.080', '-0.17694', '-0.98422', '-0.00037', '0.98422',
    '-0.17694', '0.00014', '-0.00021', '-0.00034', '1.00000']
  '003.3333': ['0.294', '1.205', '0.080', '-0.15103', '-0.98853', '-0.00034', '0.98853',
    '-0.15103', '0.00017', '-0.00022', '-0.00031', '1.00000']
  '003.4000': ['0.287', '1.209', '0.080', '-0.11636', '-0.99321', '-0.00011', '0.99321',
    '-0.11636', '0.00033', '-0.00034', '-0.00007', '1.00000']
  '003.4667': ['0.283', '1.222', '0.080', '-0.07707', '-0.99703', '-0.00008', '0.99703',
    '-0.07707', '0.00038', '-0.00039', '-0.00005', '1.00000']
  '003.5333': ['0.281', '1.240', '0.080', '-0.03624', '-0.99934', '-0.00006', '0.99934',
    '-0.03624', '0.00040', '-0.00040', '-0.00005', '1.00000']
  '003.6000': ['0.280', '1.260', '0.080', '0.00453', '-0.99999', '-0.00004', '0.99999',
    '0.00453', '0.00042', '-0.00042', '-0.00004', '1.00000']
  '003.6667': ['0.281', '1.283', '0.080', '0.04395', '-0.99903', '-0.00003', '0.99903',
    '0.04395', '0.00045', '-0.00045', '-0.00005', '1.00000']
  '003.7333': ['0.283', '1.309', '0.080', '0.08133', '-0.99669', '-0.00003', '0.99669',
    '0.08133', '0.00047', '-0.00047', '-0.00007', '1.00000']
  '003.8000': ['0.287', '1.337', '0.080', '0.11560', '-0.99330', '-0.00003', '0.99330',
    '0.11560', '0.00049', '-0.00049', '-0.00009', '1.00000']
  '003.8667': ['0.293', '1.373', '0.080', '0.14456', '-0.98950', '-0.00008', '0.98950',
    '0.14456', '0.00053', '-0.00051', '-0.00015', '1.00000']
  '003.9333': ['0.305', '1.417', '0.080', '0.16329', '-0.98658', '-0.00032', '0.98658',
    '0.16329', '0.00040', '-0.00034', '-0.00038', '1.00000']
  '004.0000': ['0.315', '1.455', '0.080', '0.17441', '-0.98467', '-0.00039', '0.98467',
    '0.17441', '0.00041', '-0.00033', '-0.00046', '1.00000']
  '004.0667': ['0.329', '1.499', '0.080', '0.17281', '-0.98495', '-0.00067', '0.98496',
    '0.17281', '0.00024', '-0.00012', '-0.00070', '1.00000']
  '004.1333': ['0.339', '1.533', '0.080', '0.16260', '-0.98669', '-0.00073', '0.98669',
    '0.16260', '0.00021', '-0.00009', '-0.00076', '1.00000']
  '004.2000': ['0.346', '1.561', '0.080', '0.14593', '-0.98929', '-0.00075', '0.98930',
    '0.14593', '0.00021', '-0.00010', '-0.00077', '1.00000']
  '004.2667': ['0.353', '1.588', '0.080', '0.12397', '-0.99229', '-0.00073', '0.99229',
    '0.12397', '0.00021', '-0.00012', '-0.00076', '1.00000']
  '004.3333': ['0.357', '1.612', '0.080', '0.18195', '-0.98331', '-0.00073', '0.98331',
    '0.18195', '0.00023', '-0.00010', '-0.00076', '1.00000']
  '004.4000': ['0.363', '1.635', '0.080', '0.22422', '-0.97454', '-0.00074', '0.97454',
    '0.22422', '0.00025', '-0.00007', '-0.00077', '1.00000']
  '004.4667': ['0.370', '1.657', '0.080', '0.19139', '-0.98151', '-0.00074', '0.98151',
    '0.19139', '0.00021', '-0.00006', '-0.00077', '1.00000']
  '004.5333': ['0.375', '1.678', '0.080', '0.15506', '-0.98790', '-0.00075', '0.98791',
    '0.15506', '0.00019', '-0.00007', '-0.00077', '1.00000']
  '004.6000': ['0.380', '1.697', '0.080', '0.11550', '-0.99331', '-0.00076', '0.99331',
    '0.11550', '0.00017', '-0.00008', '-0.00077', '1.00000']
  '004.6667': ['0.382', '1.715', '0.080', '0.07404', '-0.99725', '-0.00077', '0.99725',
    '0.07404', '0.00014', '-0.00009', '-0.00078', '1.00000']
  '004.7333': ['0.381', '1.729', '0.080', '0.03407', '-0.99942', '-0.00076', '0.99942',
    '0.03407', '0.00012', '-0.00010', '-0.00076', '1.00000']
  '004.8000': ['0.377', '1.737', '0.080', '-0.00062', '-1.00000', '-0.00068', '1.00000',
    '-0.00062', '0.00009', '-0.00009', '-0.00068', '1.00000']
  '004.8667': ['0.366', '1.733', '0.080', '-0.01944', '-0.99981', '-0.00032', '0.99981',
    '-0.01944', '0.00001', '-0.00001', '-0.00032', '1.00000']
  '004.9333': ['0.360', '1.745', '0.080', '-0.03013', '-0.99955', '-0.00025', '0.99955',
    '-0.03013', '-0.00001', '0.00000', '-0.00025', '1.00000']
  '005.0000': ['0.358', '1.765', '0.080', '-0.03841', '-0.99926', '-0.00022', '0.99926',
    '-0.03841', '-0.00001', '0.00001', '-0.00022', '1.00000']
  '005.0667': ['0.356', '1.787', '0.080', '-0.04727', '-0.99888', '-0.00025', '0.99888',
    '-0.04727', '-0.00003', '0.00002', '-0.00025', '1.00000']
  '005.1333': ['0.355', '1.811', '0.080', '-0.05801', '-0.99832', '-0.00024', '0.99832',
    '-0.05801', '-0.00007', '0.00006', '-0.00024', '1.00000']
  '005.2000': ['0.352', '1.838', '0.080', '-0.06737', '-0.99773', '-0.00024', '0.99773',
    '-0.06737', '-0.00007', '0.00006', '-0.00025', '1.00000']
  '005.2667': ['0.343', '1.871', '0.080', '-0.06456', '-0.99791', '-0.00037', '0.99791',
    '-0.06456', '-0.00010', '0.00008', '-0.00037', '1.00000']
  '005.3333': ['0.340', '1.897', '0.080', '-0.06222', '-0.99806', '-0.00035', '0.99806',
    '-0.06222', '-0.00006', '0.00004', '-0.00036', '1.00000']
  '005.4000': ['0.339', '1.920', '0.080', '-0.06491', '-0.99789', '-0.00034', '0.99789',
    '-0.06491', '-0.00004', '0.00002', '-0.00034', '1.00000']
  '005.4667': ['0.337', '1.942', '0.080', '-0.07015', '-0.99754', '-0.00031', '0.99754',
    '-0.07015', '-0.00003', '0.00001', '-0.00031', '1.00000']
  '005.5333': ['0.328', '1.960', '0.080', '-0.06464', '-0.99791', '-0.00021', '0.99791',
    '-0.06464', '-0.00006', '0.00005', '-0.00021', '1.00000']
  '005.6000': ['0.326', '1.980', '0.080', '-0.06008', '-0.99819', '-0.00020', '0.99819',
    '-0.06008', '0.00001', '-0.00002', '-0.00020', '1.00000']
  '005.6667': ['0.323', '2.003', '0.080', '-0.05434', '-0.99852', '-0.00020', '0.99852',
    '-0.05434', '-0.00003', '0.00002', '-0.00021', '1.00000']
  '005.7333': ['0.321', '2.026', '0.080', '-0.04918', '-0.99879', '-0.00020', '0.99879',
    '-0.04918', '-0.00001', '0.00000', '-0.00020', '1.00000']
  '005.8000': ['0.319', '2.049', '0.080', '-0.04447', '-0.99901', '-0.00022', '0.99901',
    '-0.04447', '-0.00001', '-0.00000', '-0.00022', '1.00000']
  '005.8667': ['0.318', '2.074', '0.080', '-0.03941', '-0.99922', '-0.00024', '0.99922',
    '-0.03941', '-0.00002', '0.00001', '-0.00024', '1.00000']
  '005.9333': ['0.316', '2.100', '0.080', '-0.03351', '-0.99944', '-0.00022', '0.99944',
    '-0.03351', '-0.00002', '0.00001', '-0.00022', '1.00000']
  '006.0000': ['0.314', '2.126', '0.080', '-0.02755', '-0.99962', '-0.00019', '0.99962',
    '-0.02755', '-0.00002', '0.00001', '-0.00019', '1.00000']
  '006.0667': ['0.314', '2.150', '0.080', '-0.02298', '-0.99974', '-0.00019', '0.99974',
    '-0.02298', '-0.00001', '0.00000', '-0.00019', '1.00000']
  '006.1333': ['0.314', '2.172', '0.080', '-0.01952', '-0.99981', '-0.00020', '0.99981',
    '-0.01952', '0.00002', '-0.00002', '-0.00020', '1.00000']
  '006.2000': ['0.313', '2.194', '0.080', '-0.01599', '-0.99987', '-0.00017', '0.99987',
    '-0.01599', '0.00000', '-0.00001', '-0.00017', '1.00000']
  '006.2667': ['0.313', '2.217', '0.080', '-0.01333', '-0.99991', '-0.00019', '0.99991',
    '-0.01333', '0.00002', '-0.00002', '-0.00019', '1.00000']
  '006.3333': ['0.312', '2.242', '0.080', '-0.00943', '-0.99996', '-0.00015', '0.99996',
    '-0.00943', '0.00000', '-0.00000', '-0.00015', '1.00000']
  '006.4000': ['0.311', '2.266', '0.080', '-0.00579', '-0.99998', '-0.00016', '0.99998',
    '-0.00579', '0.00002', '-0.00002', '-0.00016', '1.00000']
  '006.4667': ['0.311', '2.290', '0.080', '-0.00173', '-1.00000', '-0.00015', '1.00000',
    '-0.00173', '0.00002', '-0.00002', '-0.00015', '1.00000']
  '006.5333': ['0.311', '2.316', '0.080', '0.00172', '-1.00000', '-0.00014', '1.00000',
    '0.00172', '0.00003', '-0.00003', '-0.00014', '1.00000']
  '006.6000': ['0.311', '2.337', '0.080', '0.00454', '-0.99999', '-0.00011', '0.99999',
    '0.00454', '0.00004', '-0.00004', '-0.00011', '1.00000']
  '006.6667': ['0.311', '2.357', '0.080', '0.00754', '-0.99997', '-0.00008', '0.99997',
    '0.00754', '0.00004', '-0.00004', '-0.00008', '1.00000']
  '006.7333': ['0.310', '2.377', '0.080', '0.01328', '-0.99991', '-0.00005', '0.99991',
    '0.01328', '0.00005', '-0.00005', '-0.00005', '1.00000']
  '006.8000': ['0.308', '2.385', '0.080', '0.02172', '-0.99976', '0.00011', '0.99976',
    '0.02172', '-0.00008', '0.00008', '0.00011', '1.00000']
  '006.8667': ['0.308', '2.402', '0.080', '0.03215', '-0.99948', '0.00013', '0.99948',
    '0.03215', '-0.00008', '0.00008', '0.00014', '1.00000']
  '006.9333': ['0.308', '2.425', '0.080', '0.04365', '-0.99905', '0.00015', '0.99905',
    '0.04365', '-0.00009', '0.00008', '0.00015', '1.00000']
  '007.0000': ['0.311', '2.454', '0.080', '0.05281', '-0.99860', '0.00009', '0.99860',
    '0.05281', '-0.00002', '0.00001', '0.00009', '1.00000']
  '007.0667': ['0.314', '2.483', '0.080', '0.05879', '-0.99827', '0.00004', '0.99827',
    '0.05879', '0.00005', '-0.00006', '0.00004', '1.00000']
  '007.1333': ['0.318', '2.513', '0.080', '0.06164', '-0.99810', '-0.00001', '0.99810',
    '0.06164', '0.00013', '-0.00013', '-0.00002', '1.00000']
  '007.2000': ['0.321', '2.542', '0.080', '0.06138', '-0.99811', '-0.00006', '0.99811',
    '0.06138', '0.00021', '-0.00020', '-0.00008', '1.00000']
  '007.2667': ['0.324', '2.571', '0.080', '0.05800', '-0.99832', '-0.00012', '0.99832',
    '0.05800', '0.00029', '-0.00028', '-0.00013', '1.00000']
  '007.3333': ['0.326', '2.596', '0.080', '0.05377', '-0.99855', '-0.00014', '0.99855',
    '0.05377', '0.00029', '-0.00028', '-0.00016', '1.00000']
  '007.4000': ['0.328', '2.620', '0.080', '0.04931', '-0.99878', '-0.00014', '0.99878',
    '0.04931', '0.00027', '-0.00026', '-0.00015', '1.00000']
  '007.4667': ['0.329', '2.643', '0.080', '0.04542', '-0.99897', '-0.00014', '0.99897',
    '0.04542', '0.00025', '-0.00024', '-0.00015', '1.00000']
  '007.5333': ['0.328', '2.666', '0.080', '0.04386', '-0.99904', '-0.00017', '0.99904',
    '0.04386', '0.00021', '-0.00020', '-0.00018', '1.00000']
  '007.6000': ['0.327', '2.683', '0.080', '0.04625', '-0.99893', '-0.00005', '0.99893',
    '0.04625', '0.00017', '-0.00016', '-0.00006', '1.00000']
  '007.6667': ['0.328', '2.704', '0.080', '0.04844', '-0.99883', '-0.00004', '0.99883',
    '0.04844', '0.00018', '-0.00018', '-0.00005', '1.00000']
  '007.7333': ['0.329', '2.728', '0.080', '0.04969', '-0.99876', '-0.00001', '0.99876',
    '0.04969', '0.00019', '-0.00019', '-0.00001', '1.00000']
  '007.8000': ['0.332', '2.751', '0.080', '0.04831', '-0.99883', '-0.00001', '0.99883',
    '0.04831', '0.00019', '-0.00019', '-0.00002', '1.00000']
  '007.8667': ['0.333', '2.775', '0.080', '0.04590', '-0.99895', '-0.00001', '0.99895',
    '0.04590', '0.00025', '-0.00025', '-0.00003', '1.00000']
  '007.9333': ['0.336', '2.804', '0.080', '0.04073', '-0.99917', '-0.00005', '0.99917',
    '0.04073', '0.00029', '-0.00029', '-0.00006', '1.00000']
  '008.0000': ['0.338', '2.828', '0.080', '0.03207', '-0.99949', '-0.00005', '0.99949',
    '0.03207', '0.00027', '-0.00027', '-0.00006', '1.00000']
  '008.0667': ['0.340', '2.851', '0.080', '0.02024', '-0.99980', '-0.00007', '0.99980',
    '0.02024', '0.00028', '-0.00028', '-0.00007', '1.00000']
  '008.1333': ['0.340', '2.869', '0.080', '0.07230', '-0.99738', '0.00004', '0.99738',
    '0.07230', '0.00032', '-0.00032', '0.00002', '1.00000']
  '008.2000': ['0.341', '2.890', '0.080', '0.16166', '-0.98685', '0.00016', '0.98685',
    '0.16166', '0.00035', '-0.00037', '0.00010', '1.00000']
  '008.2667': ['0.345', '2.915', '0.080', '0.24948', '-0.96838', '0.00014', '0.96838',
    '0.24948', '0.00035', '-0.00037', '0.00005', '1.00000']
  '008.3333': ['0.350', '2.940', '0.080', '0.33737', '-0.94137', '0.00013', '0.94137',
    '0.33737', '0.00032', '-0.00034', '0.00002', '1.00000']
  '008.4000': ['0.356', '2.963', '0.080', '0.42654', '-0.90447', '0.00013', '0.90447',
    '0.42654', '0.00028', '-0.00031', '-0.00000', '1.00000']
  '008.4667': ['0.365', '2.985', '0.080', '0.51569', '-0.85678', '0.00014', '0.85678',
    '0.51569', '0.00025', '-0.00028', '-0.00001', '1.00000']
  '008.5333': ['0.378', '3.007', '0.080', '0.60242', '-0.79818', '0.00014', '0.79818',
    '0.60242', '0.00025', '-0.00028', '-0.00004', '1.00000']
  '008.6000': ['0.392', '3.028', '0.080', '0.68256', '-0.73083', '0.00014', '0.73083',
    '0.68256', '0.00025', '-0.00028', '-0.00007', '1.00000']
  '008.6667': ['0.409', '3.046', '0.080', '0.75521', '-0.65548', '0.00014', '0.65548',
    '0.75521', '0.00025', '-0.00027', '-0.00010', '1.00000']
  '008.7333': ['0.427', '3.064', '0.080', '0.81960', '-0.57294', '0.00014', '0.57294',
    '0.81960', '0.00025', '-0.00026', '-0.00012', '1.00000']
  '008.8000': ['0.448', '3.078', '0.080', '0.87500', '-0.48413', '0.00014', '0.48413',
    '0.87500', '0.00025', '-0.00024', '-0.00015', '1.00000']
  '008.8667': ['0.470', '3.091', '0.080', '0.88491', '-0.46576', '0.00014', '0.46576',
    '0.88491', '0.00025', '-0.00024', '-0.00016', '1.00000']
  '008.9333': ['0.492', '3.102', '0.080', '0.88491', '-0.46576', '0.00014', '0.46576',
    '0.88491', '0.00025', '-0.00024', '-0.00016', '1.00000']
  '009.0000': ['0.514', '3.114', '0.080', '0.88491', '-0.46576', '0.00014', '0.46576',
    '0.88491', '0.00025', '-0.00024', '-0.00016', '1.00000']
  '009.0667': ['0.536', '3.126', '0.080', '0.92494', '-0.38011', '0.00014', '0.38011',
    '0.92494', '0.00025', '-0.00022', '-0.00018', '1.00000']
  '009.1333': ['0.559', '3.137', '0.080', '0.95961', '-0.28134', '0.00014', '0.28134',
    '0.95961', '0.00025', '-0.00020', '-0.00020', '1.00000']
  '009.2000': ['0.583', '3.144', '0.080', '0.98376', '-0.17948', '0.00014', '0.17948',
    '0.98376', '0.00025', '-0.00018', '-0.00022', '1.00000']
  '009.2667': ['0.608', '3.150', '0.080', '0.99713', '-0.07566', '0.00014', '0.07566',
    '0.99713', '0.00025', '-0.00016', '-0.00024', '1.00000']
  '009.3333': ['0.633', '3.152', '0.080', '0.99958', '0.02898', '0.00014', '-0.02898',
    '0.99958', '0.00025', '-0.00013', '-0.00025', '1.00000']
  '009.4000': ['0.658', '3.152', '0.080', '0.99107', '0.13331', '0.00014', '-0.13331',
    '0.99107', '0.00025', '-0.00010', '-0.00026', '1.00000']
  '009.4667': ['0.683', '3.149', '0.080', '0.98758', '0.15710', '0.00014', '-0.15710',
    '0.98758', '0.00025', '-0.00010', '-0.00027', '1.00000']
