begin_time_stamp: 1574104224.9333298
data_header:
  time_stamp: [x, y, z, R11, R12, R13, R21, R22, R23, R31, R32, R33]
trajectory_data:
  '000.0000': ['0.830', '3.244', '0.080', '0.96408', '0.26560', '-0.00008', '-0.26560',
    '0.96408', '0.00038', '0.00018', '-0.00035', '1.00000']
  '000.0667': ['0.851', '3.242', '0.080', '0.96966', '0.24446', '-0.00039', '-0.24446',
    '0.96966', '0.00044', '0.00049', '-0.00033', '1.00000']
  '000.1333': ['0.872', '3.239', '0.080', '0.98737', '0.15846', '-0.00042', '-0.15846',
    '0.98737', '0.00040', '0.00047', '-0.00033', '1.00000']
  '000.2000': ['0.893', '3.236', '0.080', '0.99737', '0.07246', '-0.00041', '-0.07246',
    '0.99737', '0.00044', '0.00045', '-0.00041', '1.00000']
  '000.2667': ['0.915', '3.233', '0.080', '0.99999', '-0.00404', '-0.00037', '0.00404',
    '0.99999', '0.00046', '0.00036', '-0.00046', '1.00000']
  '000.3333': ['0.936', '3.229', '0.080', '1.00000', '0.00120', '-0.00027', '-0.00120',
    '1.00000', '0.00042', '0.00027', '-0.00042', '1.00000']
  '000.4000': ['0.955', '3.216', '0.080', '0.99980', '-0.01981', '-0.00008', '0.01981',
    '0.99980', '0.00029', '0.00007', '-0.00029', '1.00000']
  '000.4667': ['0.984', '3.210', '0.080', '0.99863', '-0.05224', '0.00013', '0.05224',
    '0.99863', '0.00017', '-0.00013', '-0.00017', '1.00000']
  '000.5333': ['1.005', '3.211', '0.080', '0.99662', '-0.08212', '0.00014', '0.08212',
    '0.99662', '0.00018', '-0.00015', '-0.00017', '1.00000']
  '000.6000': ['1.019', '3.213', '0.080', '0.99414', '-0.10808', '0.00008', '0.10808',
    '0.99414', '0.00029', '-0.00011', '-0.00028', '1.00000']
  '000.6667': ['1.032', '3.216', '0.080', '0.99135', '-0.13121', '0.00001', '0.13121',
    '0.99135', '0.00041', '-0.00007', '-0.00040', '1.00000']
  '000.7333': ['1.046', '3.220', '0.080', '0.98851', '-0.15114', '-0.00005', '0.15114',
    '0.98851', '0.00052', '-0.00003', '-0.00052', '1.00000']
  '000.8000': ['1.059', '3.224', '0.080', '0.98586', '-0.16756', '-0.00011', '0.16756',
    '0.98586', '0.00063', '0.00000', '-0.00064', '1.00000']
  '000.8667': ['1.073', '3.228', '0.080', '0.98363', '-0.18022', '-0.00017', '0.18022',
    '0.98363', '0.00074', '0.00003', '-0.00076', '1.00000']
  '000.9333': ['1.086', '3.234', '0.080', '0.99548', '-0.09496', '-0.00022', '0.09496',
    '0.99548', '0.00085', '0.00014', '-0.00087', '1.00000']
  '001.0000': ['1.106', '3.237', '0.080', '0.99918', '-0.04048', '-0.00021', '0.04048',
    '0.99918', '0.00086', '0.00017', '-0.00087', '1.00000']
  '001.0667': ['1.129', '3.238', '0.080', '0.99895', '-0.04592', '-0.00024', '0.04592',
    '0.99894', '0.00088', '0.00020', '-0.00089', '1.00000']
  '001.1333': ['1.152', '3.239', '0.080', '0.99868', '-0.05135', '-0.00028', '0.05136',
    '0.99868', '0.00093', '0.00023', '-0.00094', '1.00000']
  '001.2000': ['1.179', '3.242', '0.080', '0.99847', '-0.05526', '-0.00031', '0.05526',
    '0.99847', '0.00090', '0.00026', '-0.00092', '1.00000']
  '001.2667': ['1.209', '3.246', '0.080', '0.99838', '-0.05689', '-0.00026', '0.05689',
    '0.99838', '0.00084', '0.00021', '-0.00085', '1.00000']
  '001.3333': ['1.249', '3.252', '0.080', '0.99871', '-0.05084', '0.00008', '0.05084',
    '0.99871', '0.00060', '-0.00011', '-0.00060', '1.00000']
  '001.4000': ['1.280', '3.256', '0.080', '0.99903', '-0.04393', '0.00017', '0.04393',
    '0.99903', '0.00059', '-0.00019', '-0.00059', '1.00000']
  '001.4667': ['1.309', '3.258', '0.080', '0.99919', '-0.04033', '0.00023', '0.04033',
    '0.99919', '0.00061', '-0.00026', '-0.00060', '1.00000']
  '001.5333': ['1.334', '3.258', '0.080', '0.99917', '-0.04061', '0.00027', '0.04061',
    '0.99917', '0.00061', '-0.00030', '-0.00059', '1.00000']
  '001.6000': ['1.358', '3.259', '0.080', '0.99904', '-0.04377', '0.00033', '0.04377',
    '0.99904', '0.00060', '-0.00035', '-0.00059', '1.00000']
  '001.6667': ['1.382', '3.259', '0.080', '0.99872', '-0.05050', '0.00042', '0.05050',
    '0.99872', '0.00064', '-0.00045', '-0.00062', '1.00000']
  '001.7333': ['1.407', '3.261', '0.080', '0.99837', '-0.05706', '0.00046', '0.05706',
    '0.99837', '0.00066', '-0.00050', '-0.00063', '1.00000']
  '001.8000': ['1.432', '3.263', '0.080', '0.99950', '-0.03162', '0.00048', '0.03162',
    '0.99950', '0.00065', '-0.00050', '-0.00064', '1.00000']
  '001.8667': ['1.457', '3.265', '0.080', '0.99777', '0.06674', '0.00050', '-0.06674',
    '0.99777', '0.00063', '-0.00046', '-0.00066', '1.00000']
  '001.9333': ['1.479', '3.264', '0.080', '0.98610', '0.16616', '0.00049', '-0.16616',
    '0.98610', '0.00065', '-0.00037', '-0.00072', '1.00000']
  '002.0000': ['1.491', '3.256', '0.080', '0.97140', '0.23743', '0.00019', '-0.23743',
    '0.97140', '0.00090', '0.00003', '-0.00092', '1.00000']
  '002.0667': ['1.513', '3.251', '0.080', '0.97315', '0.23015', '0.00011', '-0.23015',
    '0.97315', '0.00094', '0.00011', '-0.00094', '1.00000']
  '002.1333': ['1.541', '3.247', '0.080', '0.97349', '0.22872', '0.00007', '-0.22872',
    '0.97349', '0.00092', '0.00014', '-0.00091', '1.00000']
  '002.2000': ['1.568', '3.243', '0.080', '0.97273', '0.23193', '0.00011', '-0.23193',
    '0.97273', '0.00088', '0.00009', '-0.00088', '1.00000']
  '002.2667': ['1.597', '3.238', '0.080', '0.97123', '0.23815', '0.00014', '-0.23815',
    '0.97123', '0.00088', '0.00007', '-0.00088', '1.00000']
  '002.3333': ['1.628', '3.233', '0.080', '0.96830', '0.24977', '0.00012', '-0.24977',
    '0.96830', '0.00085', '0.00009', '-0.00085', '1.00000']
  '002.4000': ['1.660', '3.227', '0.080', '0.96434', '0.26466', '0.00011', '-0.26466',
    '0.96434', '0.00078', '0.00010', '-0.00078', '1.00000']
  '002.4667': ['1.687', '3.218', '0.080', '0.96151', '0.27477', '0.00014', '-0.27477',
    '0.96151', '0.00051', '0.00000', '-0.00053', '1.00000']
  '002.5333': ['1.714', '3.209', '0.080', '0.95892', '0.28368', '0.00016', '-0.28368',
    '0.95892', '0.00050', '-0.00002', '-0.00052', '1.00000']
  '002.6000': ['1.740', '3.202', '0.080', '0.95652', '0.29166', '0.00023', '-0.29166',
    '0.95652', '0.00077', '0.00001', '-0.00080', '1.00000']
  '002.6667': ['1.768', '3.194', '0.080', '0.95405', '0.29965', '0.00022', '-0.29965',
    '0.95405', '0.00081', '0.00003', '-0.00084', '1.00000']
  '002.7333': ['1.792', '3.185', '0.080', '0.97038', '0.24159', '0.00016', '-0.24159',
    '0.97038', '0.00079', '0.00004', '-0.00081', '1.00000']
  '002.8000': ['1.824', '3.180', '0.080', '0.98531', '0.17077', '0.00014', '-0.17077',
    '0.98531', '0.00072', '-0.00001', '-0.00073', '1.00000']
  '002.8667': ['1.856', '3.177', '0.080', '0.98332', '0.18188', '0.00010', '-0.18188',
    '0.98332', '0.00054', '0.00000', '-0.00055', '1.00000']
  '002.9333': ['1.878', '3.172', '0.080', '0.98188', '0.18950', '0.00009', '-0.18950',
    '0.98188', '0.00048', '-0.00000', '-0.00049', '1.00000']
  '003.0000': ['1.899', '3.167', '0.080', '0.98445', '0.17564', '0.00009', '-0.17564',
    '0.98445', '0.00042', '-0.00002', '-0.00043', '1.00000']
  '003.0667': ['1.921', '3.161', '0.080', '0.99710', '0.07604', '0.00009', '-0.07604',
    '0.99710', '0.00036', '-0.00007', '-0.00037', '1.00000']
  '003.1333': ['1.942', '3.159', '0.080', '0.99888', '0.04728', '0.00010', '-0.04728',
    '0.99888', '0.00030', '-0.00008', '-0.00031', '1.00000']
  '003.2000': ['1.964', '3.158', '0.080', '0.99877', '0.04954', '0.00010', '-0.04954',
    '0.99877', '0.00024', '-0.00009', '-0.00025', '1.00000']
  '003.2667': ['1.986', '3.156', '0.080', '0.99871', '0.05086', '0.00011', '-0.05086',
    '0.99871', '0.00018', '-0.00010', '-0.00019', '1.00000']
  '003.3333': ['2.008', '3.154', '0.080', '0.99869', '0.05123', '0.00012', '-0.05123',
    '0.99869', '0.00012', '-0.00011', '-0.00013', '1.00000']
  '003.4000': ['2.030', '3.153', '0.080', '0.99872', '0.05063', '0.00013', '-0.05063',
    '0.99872', '0.00006', '-0.00012', '-0.00007', '1.00000']
  '003.4667': ['2.052', '3.151', '0.080', '0.99879', '0.04909', '0.00014', '-0.04909',
    '0.99879', '0.00000', '-0.00014', '-0.00001', '1.00000']
  '003.5333': ['2.074', '3.150', '0.080', '0.99891', '0.04660', '0.00016', '-0.04660',
    '0.99891', '-0.00006', '-0.00016', '0.00005', '1.00000']
  '003.6000': ['2.097', '3.147', '0.080', '0.99916', '0.04102', '0.00011', '-0.04102',
    '0.99916', '0.00009', '-0.00011', '-0.00010', '1.00000']
  '003.6667': ['2.121', '3.145', '0.080', '0.99946', '0.03280', '0.00007', '-0.03280',
    '0.99946', '0.00025', '-0.00006', '-0.00025', '1.00000']
  '003.7333': ['2.145', '3.143', '0.080', '0.99976', '0.02194', '0.00003', '-0.02194',
    '0.99976', '0.00040', '-0.00002', '-0.00040', '1.00000']
  '003.8000': ['2.168', '3.141', '0.080', '0.99996', '0.00847', '-0.00001', '-0.00847',
    '0.99996', '0.00055', '0.00001', '-0.00055', '1.00000']
  '003.8667': ['2.192', '3.140', '0.080', '0.99997', '-0.00758', '-0.00005', '0.00758',
    '0.99997', '0.00070', '0.00005', '-0.00070', '1.00000']
  '003.9333': ['2.217', '3.140', '0.080', '0.99973', '-0.02316', '-0.00006', '0.02316',
    '0.99973', '0.00076', '0.00005', '-0.00076', '1.00000']
  '004.0000': ['2.242', '3.140', '0.080', '0.99937', '-0.03538', '-0.00006', '0.03538',
    '0.99937', '0.00079', '0.00004', '-0.00079', '1.00000']
  '004.0667': ['2.268', '3.140', '0.080', '0.99868', '0.05139', '-0.00003', '-0.05139',
    '0.99868', '0.00079', '0.00007', '-0.00079', '1.00000']
  '004.1333': ['2.296', '3.137', '0.080', '0.99097', '0.13405', '0.00011', '-0.13405',
    '0.99097', '0.00045', '-0.00005', '-0.00046', '1.00000']
  '004.2000': ['2.322', '3.132', '0.080', '0.97670', '0.21460', '0.00013', '-0.21460',
    '0.97670', '0.00042', '-0.00004', '-0.00044', '1.00000']
  '004.2667': ['2.347', '3.128', '0.080', '0.95508', '0.29636', '0.00012', '-0.29636',
    '0.95508', '0.00036', '-0.00001', '-0.00038', '1.00000']
  '004.3333': ['2.369', '3.119', '0.080', '0.92689', '0.37534', '0.00011', '-0.37534',
    '0.92689', '0.00035', '0.00003', '-0.00036', '1.00000']
  '004.4000': ['2.391', '3.111', '0.080', '0.89096', '0.45408', '0.00010', '-0.45408',
    '0.89096', '0.00034', '0.00006', '-0.00035', '1.00000']
  '004.4667': ['2.412', '3.101', '0.080', '0.84700', '0.53159', '0.00009', '-0.53159',
    '0.84700', '0.00034', '0.00011', '-0.00034', '1.00000']
  '004.5333': ['2.432', '3.092', '0.080', '0.79277', '0.60952', '0.00007', '-0.60952',
    '0.79277', '0.00036', '0.00016', '-0.00033', '1.00000']
  '004.6000': ['2.451', '3.089', '0.080', '0.72001', '0.69396', '0.00002', '-0.69396',
    '0.72001', '0.00065', '0.00044', '-0.00048', '1.00000']
  '004.6667': ['2.469', '3.078', '0.080', '0.63034', '0.77632', '-0.00000', '-0.77632',
    '0.63034', '0.00064', '0.00050', '-0.00040', '1.00000']
  '004.7333': ['2.484', '3.060', '0.080', '0.52973', '0.84817', '0.00005', '-0.84817',
    '0.52973', '0.00060', '0.00048', '-0.00036', '1.00000']
  '004.8000': ['2.497', '3.034', '0.080', '0.42495', '0.90521', '0.00004', '-0.90521',
    '0.42495', '0.00040', '0.00034', '-0.00021', '1.00000']
  '004.8667': ['2.507', '3.005', '0.080', '0.32069', '0.94718', '0.00002', '-0.94718',
    '0.32069', '0.00021', '0.00019', '-0.00009', '1.00000']
  '004.9333': ['2.515', '2.976', '0.080', '0.21828', '0.97589', '-0.00000', '-0.97589',
    '0.21828', '0.00004', '0.00004', '-0.00001', '1.00000']
  '005.0000': ['2.520', '2.946', '0.080', '0.11851', '0.99295', '-0.00003', '-0.99295',
    '0.11851', '-0.00012', '-0.00012', '0.00004', '1.00000']
  '005.0667': ['2.524', '2.919', '0.080', '0.01456', '0.99989', '-0.00006', '-0.99989',
    '0.01456', '-0.00015', '-0.00014', '0.00006', '1.00000']
  '005.1333': ['2.525', '2.893', '0.080', '-0.09367', '0.99560', '-0.00004', '-0.99560',
    '-0.09367', '-0.00014', '-0.00014', '0.00003', '1.00000']
  '005.2000': ['2.526', '2.867', '0.080', '-0.20758', '0.97822', '-0.00004', '-0.97822',
    '-0.20758', '-0.00010', '-0.00011', '0.00002', '1.00000']
  '005.2667': ['2.522', '2.842', '0.080', '-0.24380', '0.96983', '-0.00004', '-0.96983',
    '-0.24380', '-0.00007', '-0.00007', '0.00003', '1.00000']
  '005.3333': ['2.516', '2.814', '0.080', '-0.26460', '0.96436', '-0.00006', '-0.96436',
    '-0.26460', '0.00001', '-0.00001', '0.00006', '1.00000']
  '005.4000': ['2.510', '2.788', '0.080', '-0.28916', '0.95728', '-0.00008', '-0.95728',
    '-0.28916', '0.00003', '0.00000', '0.00008', '1.00000']
  '005.4667': ['2.503', '2.765', '0.080', '-0.31432', '0.94932', '-0.00007', '-0.94932',
    '-0.31432', '0.00003', '0.00000', '0.00008', '1.00000']
  '005.5333': ['2.497', '2.740', '0.080', '-0.30769', '0.95149', '-0.00009', '-0.95149',
    '-0.30769', '0.00005', '0.00002', '0.00010', '1.00000']
  '005.6000': ['2.489', '2.720', '0.080', '-0.23607', '0.97174', '-0.00012', '-0.97174',
    '-0.23607', '0.00004', '0.00001', '0.00012', '1.00000']
  '005.6667': ['2.482', '2.704', '0.080', '-0.15695', '0.98761', '-0.00009', '-0.98761',
    '-0.15695', '0.00001', '-0.00000', '0.00009', '1.00000']
  '005.7333': ['2.477', '2.682', '0.080', '-0.07400', '0.99726', '-0.00008', '-0.99726',
    '-0.07400', '0.00004', '0.00003', '0.00008', '1.00000']
  '005.8000': ['2.474', '2.657', '0.080', '0.01297', '0.99992', '-0.00003', '-0.99992',
    '0.01297', '0.00016', '0.00016', '0.00003', '1.00000']
  '005.8667': ['2.472', '2.630', '0.080', '0.02806', '0.99961', '0.00023', '-0.99961',
    '0.02806', '0.00083', '0.00082', '-0.00025', '1.00000']
  '005.9333': ['2.472', '2.606', '0.080', '0.02416', '0.99971', '0.00024', '-0.99971',
    '0.02416', '0.00081', '0.00080', '-0.00026', '1.00000']
  '006.0000': ['2.473', '2.583', '0.080', '0.02288', '0.99974', '0.00026', '-0.99974',
    '0.02288', '0.00074', '0.00073', '-0.00027', '1.00000']
  '006.0667': ['2.474', '2.561', '0.080', '0.02119', '0.99978', '0.00021', '-0.99978',
    '0.02119', '0.00065', '0.00064', '-0.00023', '1.00000']
  '006.1333': ['2.475', '2.537', '0.080', '0.01798', '0.99984', '0.00016', '-0.99984',
    '0.01798', '0.00061', '0.00061', '-0.00017', '1.00000']
  '006.2000': ['2.474', '2.513', '0.080', '0.01732', '0.99985', '0.00024', '-0.99985',
    '0.01732', '0.00089', '0.00088', '-0.00026', '1.00000']
  '006.2667': ['2.473', '2.491', '0.080', '0.02008', '0.99980', '0.00023', '-0.99980',
    '0.02008', '0.00080', '0.00080', '-0.00025', '1.00000']
  '006.3333': ['2.474', '2.468', '0.080', '0.02282', '0.99974', '0.00016', '-0.99974',
    '0.02281', '0.00067', '0.00067', '-0.00018', '1.00000']
  '006.4000': ['2.474', '2.445', '0.080', '0.02736', '0.99963', '0.00013', '-0.99963',
    '0.02736', '0.00055', '0.00054', '-0.00014', '1.00000']
  '006.4667': ['2.474', '2.421', '0.080', '0.03348', '0.99944', '0.00010', '-0.99944',
    '0.03348', '0.00044', '0.00043', '-0.00011', '1.00000']
  '006.5333': ['2.474', '2.398', '0.080', '0.04117', '0.99915', '0.00006', '-0.99915',
    '0.04117', '0.00035', '0.00034', '-0.00008', '1.00000']
  '006.6000': ['2.474', '2.375', '0.080', '0.05039', '0.99873', '0.00003', '-0.99873',
    '0.05039', '0.00028', '0.00027', '-0.00005', '1.00000']
  '006.6667': ['2.477', '2.350', '0.080', '0.05565', '0.99845', '-0.00005', '-0.99845',
    '0.05565', '0.00025', '0.00025', '0.00003', '1.00000']
  '006.7333': ['2.483', '2.323', '0.080', '0.05242', '0.99863', '-0.00012', '-0.99863',
    '0.05242', '0.00005', '0.00006', '0.00012', '1.00000']
  '006.8000': ['2.487', '2.299', '0.080', '0.04615', '0.99893', '-0.00009', '-0.99893',
    '0.04615', '0.00005', '0.00005', '0.00009', '1.00000']
  '006.8667': ['2.487', '2.275', '0.080', '0.04377', '0.99904', '-0.00009', '-0.99904',
    '0.04377', '0.00001', '0.00001', '0.00009', '1.00000']
  '006.9333': ['2.489', '2.250', '0.080', '0.04023', '0.99919', '-0.00010', '-0.99919',
    '0.04023', '-0.00001', '-0.00000', '0.00010', '1.00000']
  '007.0000': ['2.491', '2.227', '0.080', '0.03700', '0.99932', '-0.00011', '-0.99932',
    '0.03700', '-0.00008', '-0.00008', '0.00012', '1.00000']
  '007.0667': ['2.499', '2.208', '0.080', '0.02115', '0.99978', '-0.00013', '-0.99978',
    '0.02115', '-0.00008', '-0.00008', '0.00013', '1.00000']
  '007.1333': ['2.501', '2.184', '0.080', '0.00512', '0.99999', '-0.00011', '-0.99999',
    '0.00512', '-0.00009', '-0.00009', '0.00011', '1.00000']
  '007.2000': ['2.501', '2.158', '0.080', '-0.00908', '0.99996', '-0.00011', '-0.99996',
    '-0.00908', '-0.00006', '-0.00006', '0.00011', '1.00000']
  '007.2667': ['2.501', '2.134', '0.080', '-0.02101', '0.99978', '-0.00014', '-0.99978',
    '-0.02101', '-0.00007', '-0.00007', '0.00013', '1.00000']
  '007.3333': ['2.500', '2.108', '0.080', '-0.03288', '0.99946', '-0.00013', '-0.99946',
    '-0.03288', '-0.00009', '-0.00010', '0.00013', '1.00000']
  '007.4000': ['2.499', '2.084', '0.080', '-0.04458', '0.99901', '-0.00013', '-0.99901',
    '-0.04458', '-0.00009', '-0.00010', '0.00012', '1.00000']
  '007.4667': ['2.499', '2.057', '0.080', '-0.05821', '0.99830', '-0.00014', '-0.99830',
    '-0.05821', '-0.00007', '-0.00008', '0.00013', '1.00000']
  '007.5333': ['2.498', '2.032', '0.080', '-0.06446', '0.99792', '-0.00012', '-0.99792',
    '-0.06446', '-0.00005', '-0.00006', '0.00012', '1.00000']
  '007.6000': ['2.498', '2.007', '0.080', '0.01816', '0.99984', '-0.00014', '-0.99984',
    '0.01816', '-0.00004', '-0.00004', '0.00014', '1.00000']
  '007.6667': ['2.500', '1.987', '0.080', '0.09926', '0.99506', '-0.00015', '-0.99506',
    '0.09926', '-0.00005', '-0.00004', '0.00016', '1.00000']
  '007.7333': ['2.498', '1.964', '0.080', '0.19312', '0.98118', '-0.00012', '-0.98118',
    '0.19312', '-0.00005', '-0.00002', '0.00013', '1.00000']
  '007.8000': ['2.500', '1.939', '0.080', '0.20999', '0.97770', '-0.00014', '-0.97770',
    '0.20999', '-0.00008', '-0.00005', '0.00016', '1.00000']
  '007.8667': ['2.503', '1.914', '0.080', '0.22005', '0.97549', '-0.00016', '-0.97549',
    '0.22005', '-0.00010', '-0.00007', '0.00017', '1.00000']
  '007.9333': ['2.508', '1.890', '0.080', '0.23343', '0.97237', '-0.00012', '-0.97237',
    '0.23343', '-0.00012', '-0.00009', '0.00015', '1.00000']
  '008.0000': ['2.514', '1.866', '0.080', '0.24573', '0.96934', '-0.00010', '-0.96934',
    '0.24573', '-0.00015', '-0.00012', '0.00014', '1.00000']
  '008.0667': ['2.521', '1.841', '0.080', '0.25828', '0.96607', '-0.00009', '-0.96607',
    '0.25828', '-0.00016', '-0.00013', '0.00013', '1.00000']
  '008.1333': ['2.528', '1.817', '0.080', '0.26917', '0.96309', '-0.00007', '-0.96309',
    '0.26917', '-0.00018', '-0.00015', '0.00012', '1.00000']
  '008.2000': ['2.541', '1.793', '0.080', '0.26880', '0.96320', '-0.00011', '-0.96320',
    '0.26880', '-0.00011', '-0.00008', '0.00013', '1.00000']
  '008.2667': ['2.548', '1.768', '0.080', '0.26880', '0.96320', '-0.00011', '-0.96320',
    '0.26880', '-0.00011', '-0.00008', '0.00013', '1.00000']
  '008.3333': ['2.555', '1.744', '0.080', '0.26880', '0.96320', '-0.00011', '-0.96320',
    '0.26880', '-0.00011', '-0.00008', '0.00013', '1.00000']
  '008.4000': ['2.562', '1.720', '0.080', '0.26880', '0.96320', '-0.00011', '-0.96320',
    '0.26880', '-0.00011', '-0.00008', '0.00013', '1.00000']
  '008.4667': ['2.568', '1.695', '0.080', '0.26880', '0.96320', '-0.00011', '-0.96320',
    '0.26880', '-0.00011', '-0.00008', '0.00013', '1.00000']
  '008.5333': ['2.575', '1.671', '0.080', '0.25483', '0.96699', '-0.00011', '-0.96699',
    '0.25483', '-0.00011', '-0.00008', '0.00013', '1.00000']
  '008.6000': ['2.583', '1.647', '0.080', '0.15235', '0.98833', '-0.00011', '-0.98833',
    '0.15235', '-0.00011', '-0.00010', '0.00012', '1.00000']
  '008.6667': ['2.587', '1.622', '0.080', '0.04820', '0.99884', '-0.00011', '-0.99884',
    '0.04820', '-0.00011', '-0.00011', '0.00011', '1.00000']
  '008.7333': ['2.589', '1.597', '0.080', '-0.05648', '0.99840', '-0.00011', '-0.99840',
    '-0.05648', '-0.00011', '-0.00012', '0.00010', '1.00000']
  '008.8000': ['2.588', '1.572', '0.080', '-0.05821', '0.99830', '-0.00011', '-0.99830',
    '-0.05821', '-0.00011', '-0.00012', '0.00010', '1.00000']
  '008.8667': ['2.586', '1.547', '0.080', '-0.05821', '0.99830', '-0.00011', '-0.99830',
    '-0.05821', '-0.00011', '-0.00012', '0.00010', '1.00000']
  '008.9333': ['2.585', '1.522', '0.080', '-0.05821', '0.99830', '-0.00011', '-0.99830',
    '-0.05821', '-0.00011', '-0.00012', '0.00010', '1.00000']
  '009.0000': ['2.583', '1.497', '0.080', '-0.05821', '0.99830', '-0.00011', '-0.99830',
    '-0.05821', '-0.00011', '-0.00012', '0.00010', '1.00000']
  '009.0667': ['2.582', '1.471', '0.080', '-0.05821', '0.99830', '-0.00011', '-0.99830',
    '-0.05821', '-0.00011', '-0.00012', '0.00010', '1.00000']
  '009.1333': ['2.580', '1.446', '0.080', '-0.05821', '0.99830', '-0.00011', '-0.99830',
    '-0.05821', '-0.00011', '-0.00012', '0.00010', '1.00000']
  '009.2000': ['2.579', '1.421', '0.080', '-0.05821', '0.99830', '-0.00011', '-0.99830',
    '-0.05821', '-0.00011', '-0.00012', '0.00010', '1.00000']
  '009.2667': ['2.577', '1.396', '0.080', '-0.05821', '0.99830', '-0.00011', '-0.99830',
    '-0.05821', '-0.00011', '-0.00012', '0.00010', '1.00000']
  '009.3333': ['2.576', '1.371', '0.080', '-0.05821', '0.99830', '-0.00011', '-0.99830',
    '-0.05821', '-0.00011', '-0.00012', '0.00010', '1.00000']
  '009.4000': ['2.575', '1.345', '0.080', '-0.05821', '0.99830', '-0.00011', '-0.99830',
    '-0.05821', '-0.00011', '-0.00012', '0.00010', '1.00000']
  '009.4667': ['2.572', '1.320', '0.080', '-0.01192', '0.99993', '-0.00011', '-0.99993',
    '-0.01192', '-0.00011', '-0.00012', '0.00010', '1.00000']
  '009.5333': ['2.571', '1.295', '0.080', '0.09267', '0.99570', '-0.00011', '-0.99570',
    '0.09267', '-0.00011', '-0.00010', '0.00012', '1.00000']
  '009.6000': ['2.574', '1.270', '0.080', '0.10463', '0.99451', '-0.00011', '-0.99451',
    '0.10463', '-0.00011', '-0.00010', '0.00012', '1.00000']
  '009.6667': ['2.576', '1.245', '0.080', '0.10463', '0.99451', '-0.00011', '-0.99451',
    '0.10463', '-0.00011', '-0.00010', '0.00012', '1.00000']
  '009.7333': ['2.579', '1.220', '0.080', '0.10463', '0.99451', '-0.00011', '-0.99451',
    '0.10463', '-0.00011', '-0.00010', '0.00012', '1.00000']
