begin_time_stamp: 1574104185.1333308
data_header:
  time_stamp: [x, y, z, R11, R12, R13, R21, R22, R23, R31, R32, R33]
trajectory_data:
  '000.0000': ['1.580', '0.394', '0.080', '-0.99822', '0.05972', '0.00003', '-0.05972',
    '-0.99822', '-0.00009', '0.00003', '-0.00009', '1.00000']
  '000.0667': ['1.556', '0.393', '0.080', '-0.99823', '0.05942', '0.00004', '-0.05942',
    '-0.99823', '-0.00010', '0.00003', '-0.00010', '1.00000']
  '000.1333': ['1.531', '0.392', '0.080', '-0.99829', '0.05842', '0.00005', '-0.05842',
    '-0.99829', '-0.00011', '0.00004', '-0.00011', '1.00000']
  '000.2000': ['1.507', '0.391', '0.080', '-0.99842', '0.05625', '0.00007', '-0.05625',
    '-0.99842', '-0.00014', '0.00006', '-0.00014', '1.00000']
  '000.2667': ['1.483', '0.390', '0.080', '-0.99852', '0.05447', '0.00008', '-0.05447',
    '-0.99852', '-0.00015', '0.00007', '-0.00016', '1.00000']
  '000.3333': ['1.460', '0.390', '0.080', '-0.99869', '0.05123', '0.00007', '-0.05123',
    '-0.99869', '-0.00016', '0.00006', '-0.00016', '1.00000']
  '000.4000': ['1.436', '0.391', '0.080', '-0.99875', '-0.04995', '0.00005', '0.04995',
    '-0.99875', '-0.00017', '0.00006', '-0.00017', '1.00000']
  '000.4667': ['1.414', '0.396', '0.080', '-0.98956', '-0.14413', '0.00006', '0.14413',
    '-0.98956', '-0.00018', '0.00008', '-0.00017', '1.00000']
  '000.5333': ['1.393', '0.411', '0.080', '-0.97632', '-0.21634', '0.00028', '0.21634',
    '-0.97632', '-0.00021', '0.00032', '-0.00015', '1.00000']
  '000.6000': ['1.371', '0.421', '0.080', '-0.95908', '-0.28312', '0.00037', '0.28312',
    '-0.95908', '-0.00024', '0.00042', '-0.00013', '1.00000']
  '000.6667': ['1.350', '0.431', '0.080', '-0.93779', '-0.34721', '0.00047', '0.34721',
    '-0.93779', '-0.00028', '0.00054', '-0.00010', '1.00000']
  '000.7333': ['1.327', '0.440', '0.080', '-0.91078', '-0.41288', '0.00057', '0.41288',
    '-0.91078', '-0.00030', '0.00064', '-0.00004', '1.00000']
  '000.8000': ['1.305', '0.449', '0.080', '-0.91405', '-0.40559', '0.00063', '0.40559',
    '-0.91405', '-0.00028', '0.00069', '0.00000', '1.00000']
  '000.8667': ['1.282', '0.455', '0.080', '-0.91825', '-0.39600', '0.00059', '0.39600',
    '-0.91825', '-0.00023', '0.00063', '0.00002', '1.00000']
  '000.9333': ['1.260', '0.460', '0.080', '-0.91849', '-0.39545', '0.00050', '0.39545',
    '-0.91849', '-0.00020', '0.00054', '0.00001', '1.00000']
  '001.0000': ['1.237', '0.465', '0.080', '-0.91563', '-0.40201', '0.00038', '0.40201',
    '-0.91563', '-0.00016', '0.00041', '0.00001', '1.00000']
  '001.0667': ['1.216', '0.472', '0.080', '-0.91179', '-0.41065', '0.00033', '0.41065',
    '-0.91179', '-0.00014', '0.00036', '0.00001', '1.00000']
  '001.1333': ['1.195', '0.480', '0.080', '-0.90742', '-0.42023', '0.00027', '0.42023',
    '-0.90742', '-0.00011', '0.00030', '0.00001', '1.00000']
  '001.2000': ['1.175', '0.490', '0.080', '-0.90412', '-0.42727', '0.00023', '0.42727',
    '-0.90412', '-0.00011', '0.00026', '-0.00001', '1.00000']
  '001.2667': ['1.154', '0.500', '0.080', '-0.87798', '-0.47870', '0.00019', '0.47870',
    '-0.87798', '-0.00010', '0.00021', '-0.00000', '1.00000']
  '001.3333': ['1.133', '0.510', '0.080', '-0.82166', '-0.56998', '0.00016', '0.56998',
    '-0.82166', '-0.00009', '0.00018', '0.00002', '1.00000']
  '001.4000': ['1.113', '0.522', '0.080', '-0.75302', '-0.65799', '0.00017', '0.65799',
    '-0.75302', '-0.00008', '0.00018', '0.00005', '1.00000']
  '001.4667': ['1.094', '0.534', '0.080', '-0.66983', '-0.74251', '0.00015', '0.74251',
    '-0.66983', '-0.00007', '0.00015', '0.00006', '1.00000']
  '001.5333': ['1.078', '0.550', '0.080', '-0.57261', '-0.81983', '0.00014', '0.81983',
    '-0.57261', '-0.00007', '0.00014', '0.00008', '1.00000']
  '001.6000': ['1.064', '0.567', '0.080', '-0.52688', '-0.84994', '0.00014', '0.84994',
    '-0.52688', '-0.00007', '0.00013', '0.00008', '1.00000']
  '001.6667': ['1.050', '0.586', '0.080', '-0.49945', '-0.86634', '0.00013', '0.86634',
    '-0.49945', '-0.00004', '0.00011', '0.00009', '1.00000']
  '001.7333': ['1.039', '0.608', '0.080', '-0.47135', '-0.88195', '0.00014', '0.88195',
    '-0.47135', '-0.00004', '0.00010', '0.00011', '1.00000']
  '001.8000': ['1.027', '0.629', '0.080', '-0.44245', '-0.89679', '0.00015', '0.89679',
    '-0.44245', '-0.00003', '0.00009', '0.00013', '1.00000']
  '001.8667': ['1.016', '0.649', '0.080', '-0.41163', '-0.91135', '0.00015', '0.91135',
    '-0.41163', '-0.00002', '0.00008', '0.00013', '1.00000']
  '001.9333': ['1.006', '0.670', '0.080', '-0.37827', '-0.92569', '0.00015', '0.92569',
    '-0.37827', '0.00001', '0.00005', '0.00014', '1.00000']
  '002.0000': ['0.996', '0.693', '0.080', '-0.39542', '-0.91850', '0.00015', '0.91850',
    '-0.39542', '0.00003', '0.00003', '0.00014', '1.00000']
  '002.0667': ['0.983', '0.722', '0.080', '-0.45181', '-0.89211', '0.00011', '0.89211',
    '-0.45181', '0.00008', '-0.00002', '0.00014', '1.00000']
  '002.1333': ['0.972', '0.748', '0.080', '-0.51096', '-0.85961', '0.00009', '0.85961',
    '-0.51096', '0.00011', '-0.00005', '0.00013', '1.00000']
  '002.2000': ['0.963', '0.773', '0.080', '-0.57621', '-0.81730', '0.00010', '0.81730',
    '-0.57621', '0.00011', '-0.00003', '0.00015', '1.00000']
  '002.2667': ['0.952', '0.794', '0.080', '-0.64402', '-0.76500', '0.00010', '0.76500',
    '-0.64402', '0.00013', '-0.00003', '0.00016', '1.00000']
  '002.3333': ['0.939', '0.815', '0.080', '-0.64717', '-0.76234', '0.00010', '0.76234',
    '-0.64717', '0.00011', '-0.00002', '0.00015', '1.00000']
  '002.4000': ['0.924', '0.833', '0.080', '-0.64315', '-0.76574', '0.00008', '0.76574',
    '-0.64315', '0.00014', '-0.00006', '0.00015', '1.00000']
  '002.4667': ['0.910', '0.850', '0.080', '-0.63966', '-0.76866', '0.00005', '0.76866',
    '-0.63966', '0.00014', '-0.00007', '0.00012', '1.00000']
  '002.5333': ['0.895', '0.867', '0.080', '-0.63368', '-0.77360', '0.00004', '0.77360',
    '-0.63368', '0.00012', '-0.00007', '0.00011', '1.00000']
  '002.6000': ['0.880', '0.885', '0.080', '-0.64143', '-0.76718', '0.00003', '0.76718',
    '-0.64143', '0.00011', '-0.00007', '0.00009', '1.00000']
  '002.6667': ['0.864', '0.903', '0.080', '-0.70653', '-0.70768', '0.00003', '0.70768',
    '-0.70653', '0.00012', '-0.00006', '0.00010', '1.00000']
  '002.7333': ['0.848', '0.920', '0.080', '-0.76522', '-0.64377', '0.00001', '0.64377',
    '-0.76522', '0.00010', '-0.00006', '0.00008', '1.00000']
  '002.8000': ['0.830', '0.936', '0.080', '-0.81886', '-0.57399', '0.00001', '0.57399',
    '-0.81886', '0.00009', '-0.00004', '0.00008', '1.00000']
  '002.8667': ['0.810', '0.951', '0.080', '-0.86728', '-0.49782', '0.00001', '0.49782',
    '-0.86728', '0.00010', '-0.00004', '0.00009', '1.00000']
  '002.9333': ['0.786', '0.963', '0.080', '-0.88516', '-0.46528', '0.00012', '0.46528',
    '-0.88516', '0.00020', '0.00002', '0.00023', '1.00000']
  '003.0000': ['0.765', '0.978', '0.080', '-0.88123', '-0.47270', '0.00011', '0.47270',
    '-0.88123', '0.00008', '0.00006', '0.00012', '1.00000']
  '003.0667': ['0.742', '0.990', '0.080', '-0.87743', '-0.47970', '0.00010', '0.47970',
    '-0.87743', '0.00007', '0.00005', '0.00010', '1.00000']
  '003.1333': ['0.721', '1.002', '0.080', '-0.89806', '-0.43988', '0.00008', '0.43988',
    '-0.89806', '0.00008', '0.00004', '0.00011', '1.00000']
  '003.2000': ['0.699', '1.012', '0.080', '-0.93457', '-0.35577', '0.00008', '0.35577',
    '-0.93457', '0.00008', '0.00005', '0.00010', '1.00000']
  '003.2667': ['0.674', '1.023', '0.080', '-0.96357', '-0.26747', '0.00007', '0.26747',
    '-0.96357', '0.00007', '0.00004', '0.00009', '1.00000']
  '003.3333': ['0.648', '1.031', '0.080', '-0.97393', '-0.22684', '0.00005', '0.22684',
    '-0.97393', '0.00008', '0.00003', '0.00009', '1.00000']
  '003.4000': ['0.622', '1.039', '0.080', '-0.97358', '-0.22833', '0.00003', '0.22833',
    '-0.97358', '0.00009', '0.00001', '0.00010', '1.00000']
  '003.4667': ['0.596', '1.046', '0.080', '-0.97399', '-0.22659', '0.00003', '0.22659',
    '-0.97399', '0.00008', '0.00001', '0.00009', '1.00000']
  '003.5333': ['0.570', '1.053', '0.080', '-0.96287', '-0.26997', '0.00002', '0.26997',
    '-0.96287', '0.00007', '-0.00000', '0.00007', '1.00000']
  '003.6000': ['0.544', '1.059', '0.080', '-0.93190', '-0.36272', '0.00002', '0.36272',
    '-0.93190', '0.00007', '-0.00001', '0.00007', '1.00000']
  '003.6667': ['0.519', '1.068', '0.080', '-0.89124', '-0.45354', '0.00001', '0.45354',
    '-0.89124', '0.00006', '-0.00002', '0.00006', '1.00000']
  '003.7333': ['0.497', '1.078', '0.080', '-0.83932', '-0.54364', '0.00001', '0.54364',
    '-0.83932', '0.00004', '-0.00002', '0.00004', '1.00000']
  '003.8000': ['0.473', '1.091', '0.080', '-0.77499', '-0.63197', '0.00001', '0.63197',
    '-0.77499', '0.00005', '-0.00002', '0.00004', '1.00000']
  '003.8667': ['0.451', '1.107', '0.080', '-0.69719', '-0.71688', '0.00001', '0.71688',
    '-0.69719', '0.00005', '-0.00003', '0.00004', '1.00000']
  '003.9333': ['0.431', '1.124', '0.080', '-0.60625', '-0.79527', '0.00001', '0.79527',
    '-0.60625', '0.00006', '-0.00004', '0.00005', '1.00000']
  '004.0000': ['0.414', '1.143', '0.080', '-0.50323', '-0.86415', '0.00002', '0.86415',
    '-0.50323', '0.00009', '-0.00007', '0.00006', '1.00000']
  '004.0667': ['0.401', '1.163', '0.080', '-0.38824', '-0.92156', '0.00003', '0.92156',
    '-0.38824', '0.00012', '-0.00009', '0.00008', '1.00000']
  '004.1333': ['0.391', '1.183', '0.080', '-0.26241', '-0.96496', '0.00002', '0.96496',
    '-0.26241', '0.00013', '-0.00012', '0.00005', '1.00000']
  '004.2000': ['0.383', '1.205', '0.080', '-0.12641', '-0.99198', '0.00002', '0.99198',
    '-0.12641', '0.00014', '-0.00014', '0.00004', '1.00000']
  '004.2667': ['0.379', '1.228', '0.080', '-0.06601', '-0.99782', '0.00002', '0.99782',
    '-0.06601', '0.00016', '-0.00016', '0.00003', '1.00000']
  '004.3333': ['0.376', '1.251', '0.080', '-0.02108', '-0.99978', '0.00002', '0.99978',
    '-0.02108', '0.00017', '-0.00016', '0.00002', '1.00000']
  '004.4000': ['0.376', '1.273', '0.080', '0.02470', '-0.99969', '0.00005', '0.99969',
    '0.02470', '0.00019', '-0.00019', '0.00004', '1.00000']
  '004.4667': ['0.378', '1.295', '0.080', '0.06710', '-0.99775', '0.00004', '0.99775',
    '0.06710', '0.00021', '-0.00021', '0.00003', '1.00000']
  '004.5333': ['0.381', '1.317', '0.080', '0.10637', '-0.99433', '0.00004', '0.99433',
    '0.10637', '0.00022', '-0.00022', '0.00002', '1.00000']
  '004.6000': ['0.385', '1.340', '0.080', '0.14342', '-0.98966', '0.00004', '0.98966',
    '0.14342', '0.00024', '-0.00024', '0.00001', '1.00000']
  '004.6667': ['0.389', '1.363', '0.080', '0.17888', '-0.98387', '0.00004', '0.98387',
    '0.17888', '0.00026', '-0.00027', '-0.00001', '1.00000']
  '004.7333': ['0.394', '1.387', '0.080', '0.21333', '-0.97698', '0.00005', '0.97698',
    '0.21333', '0.00028', '-0.00028', '-0.00001', '1.00000']
  '004.8000': ['0.400', '1.412', '0.080', '0.15711', '-0.98758', '0.00005', '0.98758',
    '0.15711', '0.00031', '-0.00031', '-0.00000', '1.00000']
  '004.8667': ['0.408', '1.443', '0.080', '0.08481', '-0.99640', '-0.00007', '0.99640',
    '0.08481', '0.00038', '-0.00037', '-0.00010', '1.00000']
  '004.9333': ['0.414', '1.469', '0.080', '0.00453', '-0.99999', '-0.00013', '0.99999',
    '0.00453', '0.00037', '-0.00037', '-0.00014', '1.00000']
  '005.0000': ['0.417', '1.494', '0.080', '-0.08158', '-0.99667', '-0.00013', '0.99667',
    '-0.08158', '0.00039', '-0.00040', '-0.00010', '1.00000']
  '005.0667': ['0.417', '1.517', '0.080', '-0.13754', '-0.99050', '-0.00015', '0.99050',
    '-0.13754', '0.00042', '-0.00044', '-0.00009', '1.00000']
  '005.1333': ['0.414', '1.541', '0.080', '-0.12975', '-0.99155', '-0.00013', '0.99155',
    '-0.12975', '0.00044', '-0.00045', '-0.00007', '1.00000']
  '005.2000': ['0.412', '1.565', '0.080', '-0.12614', '-0.99201', '-0.00015', '0.99201',
    '-0.12614', '0.00046', '-0.00048', '-0.00009', '1.00000']
  '005.2667': ['0.410', '1.589', '0.080', '-0.12529', '-0.99212', '-0.00016', '0.99212',
    '-0.12529', '0.00047', '-0.00049', '-0.00010', '1.00000']
  '005.3333': ['0.408', '1.613', '0.080', '-0.12595', '-0.99204', '-0.00017', '0.99204',
    '-0.12595', '0.00045', '-0.00046', '-0.00011', '1.00000']
  '005.4000': ['0.405', '1.636', '0.080', '-0.12596', '-0.99204', '-0.00017', '0.99203',
    '-0.12596', '0.00044', '-0.00046', '-0.00012', '1.00000']
  '005.4667': ['0.401', '1.659', '0.080', '-0.05597', '-0.99843', '-0.00020', '0.99843',
    '-0.05597', '0.00043', '-0.00044', '-0.00017', '1.00000']
  '005.5333': ['0.399', '1.682', '0.080', '0.02770', '-0.99962', '-0.00024', '0.99962',
    '0.02770', '0.00044', '-0.00043', '-0.00025', '1.00000']
  '005.6000': ['0.398', '1.706', '0.080', '0.03488', '-0.99939', '-0.00023', '0.99939',
    '0.03488', '0.00042', '-0.00041', '-0.00025', '1.00000']
  '005.6667': ['0.397', '1.729', '0.080', '0.04623', '-0.99893', '-0.00025', '0.99893',
    '0.04623', '0.00039', '-0.00038', '-0.00027', '1.00000']
  '005.7333': ['0.398', '1.752', '0.080', '0.05938', '-0.99824', '-0.00025', '0.99824',
    '0.05938', '0.00036', '-0.00034', '-0.00027', '1.00000']
  '005.8000': ['0.398', '1.774', '0.080', '0.07507', '-0.99718', '-0.00021', '0.99718',
    '0.07507', '0.00034', '-0.00032', '-0.00024', '1.00000']
  '005.8667': ['0.400', '1.797', '0.080', '0.09054', '-0.99589', '-0.00021', '0.99589',
    '0.09054', '0.00030', '-0.00028', '-0.00024', '1.00000']
  '005.9333': ['0.402', '1.818', '0.080', '0.10639', '-0.99432', '-0.00020', '0.99432',
    '0.10639', '0.00024', '-0.00022', '-0.00023', '1.00000']
  '006.0000': ['0.405', '1.837', '0.080', '0.11959', '-0.99282', '-0.00025', '0.99282',
    '0.11959', '0.00005', '-0.00002', '-0.00025', '1.00000']
  '006.0667': ['0.407', '1.859', '0.080', '0.08406', '-0.99646', '-0.00026', '0.99646',
    '0.08406', '0.00004', '-0.00002', '-0.00026', '1.00000']
  '006.1333': ['0.410', '1.883', '0.080', '-0.00205', '-1.00000', '-0.00027', '1.00000',
    '-0.00205', '0.00007', '-0.00007', '-0.00027', '1.00000']
  '006.2000': ['0.413', '1.907', '0.080', '-0.00581', '-0.99998', '-0.00026', '0.99998',
    '-0.00581', '0.00011', '-0.00011', '-0.00026', '1.00000']
  '006.2667': ['0.414', '1.931', '0.080', '-0.00448', '-0.99999', '-0.00028', '0.99999',
    '-0.00448', '0.00015', '-0.00015', '-0.00028', '1.00000']
  '006.3333': ['0.414', '1.953', '0.080', '-0.00619', '-0.99998', '-0.00027', '0.99998',
    '-0.00619', '0.00018', '-0.00018', '-0.00027', '1.00000']
  '006.4000': ['0.415', '1.969', '0.080', '-0.01006', '-0.99995', '-0.00024', '0.99995',
    '-0.01006', '0.00007', '-0.00008', '-0.00023', '1.00000']
  '006.4667': ['0.414', '1.991', '0.080', '-0.01344', '-0.99991', '-0.00023', '0.99991',
    '-0.01344', '0.00007', '-0.00007', '-0.00022', '1.00000']
  '006.5333': ['0.412', '2.016', '0.080', '-0.01333', '-0.99991', '-0.00018', '0.99991',
    '-0.01333', '0.00001', '-0.00002', '-0.00018', '1.00000']
  '006.6000': ['0.411', '2.038', '0.080', '-0.01133', '-0.99994', '-0.00015', '0.99994',
    '-0.01133', '0.00000', '-0.00001', '-0.00015', '1.00000']
  '006.6667': ['0.410', '2.062', '0.080', '-0.00778', '-0.99997', '-0.00015', '0.99997',
    '-0.00778', '-0.00001', '0.00001', '-0.00015', '1.00000']
  '006.7333': ['0.409', '2.086', '0.080', '-0.00335', '-0.99999', '-0.00015', '0.99999',
    '-0.00335', '-0.00000', '0.00000', '-0.00015', '1.00000']
  '006.8000': ['0.409', '2.108', '0.080', '0.00127', '-1.00000', '-0.00013', '1.00000',
    '0.00127', '-0.00001', '0.00001', '-0.00013', '1.00000']
  '006.8667': ['0.410', '2.134', '0.080', '0.00523', '-0.99999', '-0.00014', '0.99999',
    '0.00523', '-0.00000', '0.00000', '-0.00014', '1.00000']
  '006.9333': ['0.409', '2.158', '0.080', '0.01015', '-0.99995', '-0.00011', '0.99995',
    '0.01015', '-0.00002', '0.00002', '-0.00011', '1.00000']
  '007.0000': ['0.409', '2.182', '0.080', '0.01576', '-0.99988', '-0.00010', '0.99988',
    '0.01576', '-0.00002', '0.00002', '-0.00010', '1.00000']
  '007.0667': ['0.410', '2.209', '0.080', '-0.01105', '-0.99994', '-0.00009', '0.99994',
    '-0.01105', '0.00000', '-0.00001', '-0.00009', '1.00000']
  '007.1333': ['0.410', '2.232', '0.080', '-0.00760', '-0.99997', '-0.00007', '0.99997',
    '-0.00760', '0.00003', '-0.00003', '-0.00007', '1.00000']
  '007.2000': ['0.410', '2.255', '0.080', '-0.00527', '-0.99999', '-0.00007', '0.99999',
    '-0.00527', '0.00002', '-0.00002', '-0.00007', '1.00000']
  '007.2667': ['0.409', '2.278', '0.080', '-0.00184', '-1.00000', '-0.00007', '1.00000',
    '-0.00184', '0.00001', '-0.00001', '-0.00007', '1.00000']
  '007.3333': ['0.409', '2.304', '0.080', '0.00282', '-1.00000', '-0.00007', '1.00000',
    '0.00282', '0.00002', '-0.00002', '-0.00007', '1.00000']
  '007.4000': ['0.409', '2.328', '0.080', '-0.06308', '-0.99801', '-0.00008', '0.99801',
    '-0.06308', '0.00003', '-0.00004', '-0.00008', '1.00000']
  '007.4667': ['0.407', '2.353', '0.080', '-0.13304', '-0.99111', '-0.00006', '0.99111',
    '-0.13304', '0.00004', '-0.00004', '-0.00006', '1.00000']
  '007.5333': ['0.405', '2.379', '0.080', '-0.13181', '-0.99127', '-0.00009', '0.99127',
    '-0.13181', '0.00006', '-0.00007', '-0.00009', '1.00000']
  '007.6000': ['0.402', '2.402', '0.080', '-0.13288', '-0.99113', '-0.00009', '0.99113',
    '-0.13288', '0.00009', '-0.00010', '-0.00007', '1.00000']
  '007.6667': ['0.399', '2.426', '0.080', '-0.13466', '-0.99089', '-0.00010', '0.99089',
    '-0.13466', '0.00009', '-0.00011', '-0.00009', '1.00000']
  '007.7333': ['0.395', '2.452', '0.080', '-0.13563', '-0.99076', '-0.00011', '0.99076',
    '-0.13563', '0.00009', '-0.00010', '-0.00010', '1.00000']
  '007.8000': ['0.392', '2.469', '0.080', '-0.13340', '-0.99106', '-0.00011', '0.99106',
    '-0.13340', '0.00006', '-0.00007', '-0.00010', '1.00000']
  '007.8667': ['0.386', '2.478', '0.080', '-0.12252', '-0.99247', '-0.00000', '0.99247',
    '-0.12252', '-0.00009', '0.00009', '-0.00001', '1.00000']
  '007.9333': ['0.382', '2.498', '0.080', '-0.10843', '-0.99410', '0.00001', '0.99410',
    '-0.10843', '-0.00008', '0.00008', '-0.00000', '1.00000']
  '008.0000': ['0.380', '2.524', '0.080', '-0.09411', '-0.99556', '-0.00001', '0.99556',
    '-0.09411', '-0.00004', '0.00004', '-0.00001', '1.00000']
  '008.0667': ['0.381', '2.551', '0.080', '-0.08640', '-0.99626', '-0.00006', '0.99626',
    '-0.08640', '0.00012', '-0.00012', '-0.00005', '1.00000']
  '008.1333': ['0.383', '2.581', '0.080', '-0.08560', '-0.99633', '-0.00010', '0.99633',
    '-0.08560', '0.00024', '-0.00024', '-0.00008', '1.00000']
  '008.2000': ['0.382', '2.608', '0.080', '-0.08706', '-0.99620', '-0.00009', '0.99620',
    '-0.08706', '0.00024', '-0.00025', '-0.00006', '1.00000']
  '008.2667': ['0.380', '2.638', '0.080', '-0.08782', '-0.99614', '-0.00011', '0.99614',
    '-0.08782', '0.00022', '-0.00023', '-0.00009', '1.00000']
  '008.3333': ['0.376', '2.664', '0.080', '-0.08583', '-0.99631', '-0.00013', '0.99631',
    '-0.08583', '0.00020', '-0.00021', '-0.00011', '1.00000']
  '008.4000': ['0.371', '2.690', '0.080', '-0.07748', '-0.99699', '-0.00012', '0.99699',
    '-0.07748', '0.00019', '-0.00020', '-0.00010', '1.00000']
  '008.4667': ['0.368', '2.717', '0.080', '-0.06792', '-0.99769', '-0.00012', '0.99769',
    '-0.06792', '0.00020', '-0.00021', '-0.00010', '1.00000']
  '008.5333': ['0.367', '2.743', '0.080', '-0.05925', '-0.99824', '-0.00013', '0.99824',
    '-0.05925', '0.00021', '-0.00021', '-0.00012', '1.00000']
  '008.6000': ['0.366', '2.769', '0.080', '-0.05152', '-0.99867', '-0.00011', '0.99867',
    '-0.05152', '0.00022', '-0.00023', '-0.00010', '1.00000']
  '008.6667': ['0.364', '2.800', '0.080', '-0.04421', '-0.99902', '-0.00013', '0.99902',
    '-0.04421', '0.00029', '-0.00030', '-0.00012', '1.00000']
  '008.7333': ['0.362', '2.822', '0.080', '-0.03422', '-0.99941', '-0.00008', '0.99941',
    '-0.03422', '0.00041', '-0.00041', '-0.00007', '1.00000']
  '008.8000': ['0.361', '2.851', '0.080', '-0.02606', '-0.99966', '-0.00009', '0.99966',
    '-0.02606', '0.00041', '-0.00041', '-0.00007', '1.00000']
  '008.8667': ['0.362', '2.885', '0.080', '-0.02067', '-0.99979', '-0.00012', '0.99979',
    '-0.02067', '0.00040', '-0.00040', '-0.00011', '1.00000']
  '008.9333': ['0.362', '2.904', '0.080', '-0.01654', '-0.99986', '-0.00010', '0.99986',
    '-0.01654', '0.00042', '-0.00042', '-0.00009', '1.00000']
  '009.0000': ['0.363', '2.923', '0.080', '-0.01367', '-0.99991', '-0.00011', '0.99991',
    '-0.01367', '0.00044', '-0.00044', '-0.00010', '1.00000']
  '009.0667': ['0.362', '2.936', '0.080', '-0.01173', '-0.99993', '-0.00009', '0.99993',
    '-0.01173', '0.00040', '-0.00040', '-0.00009', '1.00000']
  '009.1333': ['0.362', '2.942', '0.080', '-0.01035', '-0.99995', '-0.00008', '0.99995',
    '-0.01035', '0.00035', '-0.00035', '-0.00008', '1.00000']
  '009.2000': ['0.362', '2.945', '0.080', '-0.00932', '-0.99996', '-0.00009', '0.99996',
    '-0.00932', '0.00035', '-0.00035', '-0.00009', '1.00000']
  '009.2667': ['0.362', '2.946', '0.080', '-0.00855', '-0.99996', '-0.00008', '0.99996',
    '-0.00855', '0.00034', '-0.00034', '-0.00008', '1.00000']
  '009.3333': ['0.362', '2.947', '0.080', '-0.00797', '-0.99997', '-0.00010', '0.99997',
    '-0.00797', '0.00033', '-0.00033', '-0.00009', '1.00000']
  '009.4000': ['0.362', '2.947', '0.080', '-0.00758', '-0.99997', '-0.00010', '0.99997',
    '-0.00758', '0.00033', '-0.00033', '-0.00009', '1.00000']
  '009.4667': ['0.362', '2.946', '0.080', '-0.00741', '-0.99997', '-0.00009', '0.99997',
    '-0.00741', '0.00033', '-0.00033', '-0.00008', '1.00000']
  '009.5333': ['0.361', '2.972', '0.080', '-0.00741', '-0.99997', '-0.00009', '0.99997',
    '-0.00741', '0.00033', '-0.00033', '-0.00008', '1.00000']
