begin_time_stamp: 1574104195.0666633
data_header:
  time_stamp: [x, y, z, R11, R12, R13, R21, R22, R23, R31, R32, R33]
trajectory_data:
  '000.0000': ['0.361', '2.983', '0.080', '-0.02707', '-0.99963', '-0.00022', '0.99963',
    '-0.02707', '0.00017', '-0.00018', '-0.00021', '1.00000']
  '000.0667': ['0.361', '2.983', '0.080', '-0.02687', '-0.99964', '-0.00022', '0.99964',
    '-0.02687', '0.00017', '-0.00017', '-0.00021', '1.00000']
  '000.1333': ['0.361', '2.983', '0.080', '-0.02645', '-0.99965', '-0.00022', '0.99965',
    '-0.02645', '0.00016', '-0.00016', '-0.00021', '1.00000']
  '000.2000': ['0.357', '2.979', '0.080', '-0.02612', '-0.99966', '-0.00022', '0.99966',
    '-0.02612', '0.00019', '-0.00020', '-0.00022', '1.00000']
  '000.2667': ['0.357', '2.978', '0.080', '-0.02559', '-0.99967', '-0.00023', '0.99967',
    '-0.02559', '0.00019', '-0.00020', '-0.00022', '1.00000']
  '000.3333': ['0.358', '2.981', '0.080', '-0.02480', '-0.99969', '-0.00021', '0.99969',
    '-0.02480', '0.00018', '-0.00019', '-0.00020', '1.00000']
  '000.4000': ['0.360', '2.984', '0.080', '-0.02406', '-0.99971', '-0.00016', '0.99971',
    '-0.02406', '0.00018', '-0.00019', '-0.00016', '1.00000']
  '000.4667': ['0.351', '2.979', '0.080', '-0.02383', '-0.99972', '0.00045', '0.99972',
    '-0.02383', '0.00058', '-0.00057', '0.00047', '1.00000']
  '000.5333': ['0.351', '2.977', '0.080', '-0.02447', '-0.99970', '0.00000', '0.99970',
    '-0.02447', '0.00031', '-0.00031', '0.00001', '1.00000']
  '000.6000': ['0.350', '2.977', '0.080', '-0.02518', '-0.99968', '0.00047', '0.99968',
    '-0.02518', '0.00064', '-0.00063', '0.00049', '1.00000']
  '000.6667': ['0.356', '2.982', '0.080', '-0.02727', '-0.99963', '-0.00016', '0.99963',
    '-0.02727', '0.00021', '-0.00021', '-0.00015', '1.00000']
  '000.7333': ['0.357', '2.992', '0.080', '-0.02935', '-0.99957', '-0.00018', '0.99957',
    '-0.02935', '0.00009', '-0.00010', '-0.00018', '1.00000']
  '000.8000': ['0.359', '2.997', '0.080', '-0.03213', '-0.99948', '-0.00021', '0.99948',
    '-0.03213', '-0.00001', '0.00000', '-0.00021', '1.00000']
  '000.8667': ['0.359', '2.995', '0.080', '-0.03501', '-0.99939', '-0.00021', '0.99939',
    '-0.03501', '0.00002', '-0.00002', '-0.00021', '1.00000']
  '000.9333': ['0.358', '2.992', '0.080', '-0.03790', '-0.99928', '-0.00022', '0.99928',
    '-0.03790', '0.00004', '-0.00005', '-0.00022', '1.00000']
  '001.0000': ['0.358', '2.989', '0.080', '-0.04081', '-0.99917', '-0.00022', '0.99917',
    '-0.04081', '0.00007', '-0.00008', '-0.00022', '1.00000']
  '001.0667': ['0.358', '2.986', '0.080', '-0.04373', '-0.99904', '-0.00023', '0.99904',
    '-0.04373', '0.00010', '-0.00011', '-0.00022', '1.00000']
  '001.1333': ['0.358', '2.983', '0.080', '-0.04667', '-0.99891', '-0.00023', '0.99891',
    '-0.04667', '0.00013', '-0.00014', '-0.00022', '1.00000']
  '001.2000': ['0.357', '2.980', '0.080', '-0.04963', '-0.99877', '-0.00023', '0.99877',
    '-0.04963', '0.00015', '-0.00017', '-0.00023', '1.00000']
  '001.2667': ['0.357', '2.977', '0.080', '-0.05261', '-0.99861', '-0.00024', '0.99861',
    '-0.05261', '0.00018', '-0.00019', '-0.00023', '1.00000']
  '001.3333': ['0.357', '2.974', '0.080', '-0.05561', '-0.99845', '-0.00024', '0.99845',
    '-0.05561', '0.00021', '-0.00022', '-0.00023', '1.00000']
  '001.4000': ['0.357', '2.971', '0.080', '-0.05863', '-0.99828', '-0.00025', '0.99828',
    '-0.05863', '0.00024', '-0.00025', '-0.00023', '1.00000']
  '001.4667': ['0.356', '2.968', '0.080', '-0.06166', '-0.99810', '-0.00025', '0.99810',
    '-0.06166', '0.00026', '-0.00028', '-0.00024', '1.00000']
  '001.5333': ['0.356', '2.965', '0.080', '-0.06472', '-0.99790', '-0.00026', '0.99790',
    '-0.06472', '0.00029', '-0.00031', '-0.00024', '1.00000']
  '001.6000': ['0.356', '2.962', '0.080', '-0.06779', '-0.99770', '-0.00026', '0.99770',
    '-0.06779', '0.00032', '-0.00033', '-0.00024', '1.00000']
  '001.6667': ['0.356', '2.959', '0.080', '-0.07089', '-0.99748', '-0.00027', '0.99748',
    '-0.07089', '0.00034', '-0.00036', '-0.00024', '1.00000']
  '001.7333': ['0.355', '2.956', '0.080', '-0.07400', '-0.99726', '-0.00027', '0.99726',
    '-0.07400', '0.00037', '-0.00039', '-0.00024', '1.00000']
  '001.8000': ['0.352', '2.961', '0.080', '-0.07713', '-0.99702', '-0.00022', '0.99702',
    '-0.07713', '0.00033', '-0.00034', '-0.00019', '1.00000']
  '001.8667': ['0.350', '2.963', '0.080', '-0.07951', '-0.99683', '-0.00021', '0.99683',
    '-0.07951', '0.00030', '-0.00032', '-0.00018', '1.00000']
  '001.9333': ['0.352', '2.974', '0.080', '0.01829', '-0.99983', '-0.00019', '0.99983',
    '0.01829', '0.00021', '-0.00020', '-0.00020', '1.00000']
  '002.0000': ['0.354', '2.977', '0.080', '0.06349', '-0.99798', '-0.00018', '0.99798',
    '0.06349', '0.00019', '-0.00018', '-0.00019', '1.00000']
  '002.0667': ['0.360', '2.981', '0.080', '0.06212', '-0.99807', '-0.00019', '0.99807',
    '0.06212', '0.00016', '-0.00015', '-0.00020', '1.00000']
  '002.1333': ['0.361', '2.981', '0.080', '0.06198', '-0.99808', '-0.00019', '0.99808',
    '0.06198', '0.00015', '-0.00014', '-0.00020', '1.00000']
  '002.2000': ['0.361', '2.980', '0.080', '0.06142', '-0.99811', '-0.00018', '0.99811',
    '0.06142', '0.00017', '-0.00016', '-0.00019', '1.00000']
  '002.2667': ['0.362', '2.981', '0.080', '0.06042', '-0.99817', '-0.00018', '0.99817',
    '0.06042', '0.00016', '-0.00015', '-0.00019', '1.00000']
  '002.3333': ['0.363', '2.979', '0.080', '0.05920', '-0.99825', '-0.00019', '0.99825',
    '0.05920', '0.00016', '-0.00015', '-0.00020', '1.00000']
  '002.4000': ['0.362', '2.978', '0.080', '0.05774', '-0.99833', '-0.00019', '0.99833',
    '0.05774', '0.00016', '-0.00015', '-0.00020', '1.00000']
  '002.4667': ['0.362', '2.982', '0.080', '0.05642', '-0.99841', '-0.00019', '0.99841',
    '0.05642', '0.00015', '-0.00014', '-0.00020', '1.00000']
  '002.5333': ['0.364', '2.989', '0.080', '0.05266', '-0.99861', '-0.00019', '0.99861',
    '0.05266', '0.00012', '-0.00011', '-0.00020', '1.00000']
  '002.6000': ['0.366', '3.000', '0.080', '0.04456', '-0.99901', '-0.00019', '0.99901',
    '0.04456', '0.00013', '-0.00012', '-0.00020', '1.00000']
  '002.6667': ['0.369', '3.016', '0.080', '0.03123', '-0.99951', '-0.00017', '0.99951',
    '0.03123', '0.00015', '-0.00014', '-0.00018', '1.00000']
  '002.7333': ['0.371', '3.035', '0.080', '0.07463', '-0.99721', '-0.00017', '0.99721',
    '0.07463', '0.00016', '-0.00014', '-0.00018', '1.00000']
  '002.8000': ['0.373', '3.060', '0.080', '0.15740', '-0.98754', '-0.00016', '0.98754',
    '0.15740', '0.00016', '-0.00014', '-0.00019', '1.00000']
  '002.8667': ['0.373', '3.076', '0.080', '0.24453', '-0.96964', '-0.00020', '0.96964',
    '0.24453', '0.00021', '-0.00015', '-0.00025', '1.00000']
  '002.9333': ['0.377', '3.093', '0.080', '0.33839', '-0.94100', '-0.00019', '0.94100',
    '0.33839', '0.00026', '-0.00018', '-0.00027', '1.00000']
  '003.0000': ['0.381', '3.105', '0.080', '0.43001', '-0.90282', '-0.00016', '0.90282',
    '0.43001', '0.00024', '-0.00014', '-0.00025', '1.00000']
  '003.0667': ['0.384', '3.112', '0.080', '0.44228', '-0.89688', '-0.00014', '0.89688',
    '0.44228', '0.00020', '-0.00012', '-0.00022', '1.00000']
  '003.1333': ['0.386', '3.115', '0.080', '0.45474', '-0.89062', '-0.00013', '0.89062',
    '0.45474', '0.00017', '-0.00009', '-0.00020', '1.00000']
  '003.2000': ['0.387', '3.115', '0.080', '0.46299', '-0.88636', '-0.00013', '0.88636',
    '0.46299', '0.00016', '-0.00008', '-0.00019', '1.00000']
  '003.2667': ['0.388', '3.116', '0.080', '0.46677', '-0.88438', '-0.00012', '0.88438',
    '0.46677', '0.00015', '-0.00008', '-0.00018', '1.00000']
  '003.3333': ['0.388', '3.116', '0.080', '0.46656', '-0.88449', '-0.00013', '0.88449',
    '0.46656', '0.00015', '-0.00007', '-0.00019', '1.00000']
  '003.4000': ['0.389', '3.117', '0.080', '0.46221', '-0.88677', '-0.00014', '0.88677',
    '0.46221', '0.00015', '-0.00007', '-0.00019', '1.00000']
  '003.4667': ['0.389', '3.117', '0.080', '0.45347', '-0.89127', '-0.00013', '0.89127',
    '0.45347', '0.00014', '-0.00007', '-0.00019', '1.00000']
  '003.5333': ['0.389', '3.117', '0.080', '0.43991', '-0.89804', '-0.00013', '0.89804',
    '0.43991', '0.00015', '-0.00008', '-0.00019', '1.00000']
  '003.6000': ['0.388', '3.117', '0.080', '0.43296', '-0.90141', '-0.00013', '0.90141',
    '0.43296', '0.00015', '-0.00007', '-0.00018', '1.00000']
  '003.6667': ['0.388', '3.116', '0.080', '0.50074', '-0.86560', '-0.00013', '0.86560',
    '0.50074', '0.00016', '-0.00007', '-0.00020', '1.00000']
  '003.7333': ['0.389', '3.117', '0.080', '0.56344', '-0.82615', '-0.00013', '0.82615',
    '0.56344', '0.00016', '-0.00006', '-0.00019', '1.00000']
  '003.8000': ['0.389', '3.116', '0.080', '0.62390', '-0.78151', '-0.00012', '0.78151',
    '0.62390', '0.00017', '-0.00006', '-0.00020', '1.00000']
  '003.8667': ['0.389', '3.115', '0.080', '0.68283', '-0.73057', '-0.00011', '0.73057',
    '0.68283', '0.00015', '-0.00003', '-0.00018', '1.00000']
  '003.9333': ['0.389', '3.115', '0.080', '0.74058', '-0.67197', '-0.00010', '0.67197',
    '0.74058', '0.00013', '-0.00002', '-0.00016', '1.00000']
  '004.0000': ['0.391', '3.115', '0.080', '0.79635', '-0.60483', '-0.00007', '0.60483',
    '0.79635', '0.00012', '-0.00001', '-0.00014', '1.00000']
  '004.0667': ['0.391', '3.115', '0.080', '0.84910', '-0.52823', '-0.00007', '0.52823',
    '0.84910', '0.00009', '0.00001', '-0.00011', '1.00000']
  '004.1333': ['0.389', '3.113', '0.080', '0.89794', '-0.44012', '-0.00008', '0.44012',
    '0.89794', '0.00005', '0.00005', '-0.00008', '1.00000']
  '004.2000': ['0.394', '3.116', '0.080', '0.94016', '-0.34074', '-0.00010', '0.34074',
    '0.94016', '0.00002', '0.00009', '-0.00005', '1.00000']
  '004.2667': ['0.397', '3.116', '0.080', '0.97225', '-0.23396', '-0.00016', '0.23396',
    '0.97225', '-0.00002', '0.00016', '-0.00002', '1.00000']
  '004.3333': ['0.403', '3.115', '0.080', '0.97568', '-0.21922', '-0.00020', '0.21922',
    '0.97568', '-0.00005', '0.00021', '0.00001', '1.00000']
  '004.4000': ['0.415', '3.116', '0.080', '0.97888', '-0.20443', '-0.00019', '0.20443',
    '0.97888', '-0.00005', '0.00019', '0.00001', '1.00000']
  '004.4667': ['0.435', '3.119', '0.080', '0.98118', '-0.19308', '-0.00015', '0.19308',
    '0.98118', '-0.00002', '0.00015', '-0.00001', '1.00000']
  '004.5333': ['0.459', '3.122', '0.080', '0.98240', '-0.18681', '-0.00015', '0.18681',
    '0.98240', '-0.00002', '0.00015', '-0.00001', '1.00000']
  '004.6000': ['0.477', '3.124', '0.080', '0.98411', '-0.17755', '-0.00016', '0.17755',
    '0.98411', '-0.00001', '0.00016', '-0.00002', '1.00000']
  '004.6667': ['0.500', '3.127', '0.080', '0.99664', '-0.08187', '-0.00015', '0.08187',
    '0.99664', '0.00002', '0.00015', '-0.00003', '1.00000']
  '004.7333': ['0.524', '3.130', '0.080', '0.99864', '-0.05220', '-0.00014', '0.05220',
    '0.99864', '0.00002', '0.00014', '-0.00003', '1.00000']
  '004.8000': ['0.543', '3.131', '0.080', '0.99841', '-0.05639', '-0.00013', '0.05639',
    '0.99841', '0.00001', '0.00012', '-0.00002', '1.00000']
  '004.8667': ['0.561', '3.133', '0.080', '0.99823', '-0.05949', '-0.00009', '0.05949',
    '0.99823', '-0.00004', '0.00009', '0.00003', '1.00000']
  '004.9333': ['0.578', '3.135', '0.080', '0.99816', '-0.06070', '-0.00010', '0.06070',
    '0.99816', '-0.00006', '0.00011', '0.00005', '1.00000']
  '005.0000': ['0.586', '3.135', '0.080', '0.99812', '-0.06124', '-0.00013', '0.06124',
    '0.99812', '-0.00006', '0.00013', '0.00005', '1.00000']
  '005.0667': ['0.596', '3.135', '0.080', '0.99801', '-0.06301', '-0.00011', '0.06301',
    '0.99801', '-0.00006', '0.00011', '0.00005', '1.00000']
  '005.1333': ['0.610', '3.135', '0.080', '0.99781', '-0.06610', '-0.00010', '0.06610',
    '0.99781', '-0.00003', '0.00010', '0.00003', '1.00000']
  '005.2000': ['0.629', '3.137', '0.080', '0.99764', '-0.06866', '-0.00007', '0.06866',
    '0.99764', '0.00001', '0.00007', '-0.00002', '1.00000']
  '005.2667': ['0.648', '3.137', '0.080', '0.99729', '-0.07362', '-0.00006', '0.07362',
    '0.99729', '0.00001', '0.00006', '-0.00001', '1.00000']
  '005.3333': ['0.670', '3.138', '0.080', '0.99660', '-0.08245', '-0.00005', '0.08245',
    '0.99660', '0.00000', '0.00005', '-0.00001', '1.00000']
  '005.4000': ['0.692', '3.139', '0.080', '0.99538', '-0.09597', '-0.00004', '0.09597',
    '0.99538', '0.00004', '0.00003', '-0.00004', '1.00000']
  '005.4667': ['0.716', '3.141', '0.080', '0.99366', '-0.11247', '-0.00005', '0.11247',
    '0.99366', '0.00004', '0.00004', '-0.00004', '1.00000']
  '005.5333': ['0.738', '3.143', '0.080', '0.99113', '-0.13286', '-0.00004', '0.13286',
    '0.99113', '0.00004', '0.00003', '-0.00005', '1.00000']
  '005.6000': ['0.763', '3.147', '0.080', '0.98974', '-0.14285', '-0.00006', '0.14285',
    '0.98974', '0.00006', '0.00005', '-0.00007', '1.00000']
  '005.6667': ['0.787', '3.154', '0.080', '0.99828', '-0.05857', '-0.00009', '0.05857',
    '0.99828', '0.00007', '0.00008', '-0.00007', '1.00000']
  '005.7333': ['0.814', '3.172', '0.080', '0.99840', '0.05648', '-0.00050', '-0.05648',
    '0.99840', '0.00033', '0.00051', '-0.00030', '1.00000']
  '005.8000': ['0.838', '3.187', '0.080', '0.97937', '0.20205', '-0.00083', '-0.20205',
    '0.97938', '0.00060', '0.00094', '-0.00042', '1.00000']
  '005.8667': ['0.859', '3.181', '0.080', '0.96518', '0.26159', '-0.00055', '-0.26159',
    '0.96518', '0.00042', '0.00064', '-0.00026', '1.00000']
  '005.9333': ['0.875', '3.185', '0.080', '0.94768', '0.31922', '-0.00065', '-0.31922',
    '0.94768', '0.00053', '0.00079', '-0.00029', '1.00000']
  '006.0000': ['0.883', '3.186', '0.080', '0.92432', '0.38161', '-0.00083', '-0.38161',
    '0.92432', '0.00074', '0.00105', '-0.00037', '1.00000']
  '006.0667': ['0.901', '3.173', '0.080', '0.90161', '0.43254', '-0.00058', '-0.43254',
    '0.90161', '0.00067', '0.00081', '-0.00036', '1.00000']
  '006.1333': ['0.929', '3.147', '0.080', '0.92980', '0.36805', '-0.00023', '-0.36805',
    '0.92980', '0.00027', '0.00031', '-0.00017', '1.00000']
  '006.2000': ['0.955', '3.131', '0.080', '0.95708', '0.28982', '-0.00014', '-0.28982',
    '0.95708', '0.00017', '0.00018', '-0.00012', '1.00000']
  '006.2667': ['0.988', '3.118', '0.080', '0.97907', '0.20351', '-0.00006', '-0.20351',
    '0.97907', '0.00010', '0.00008', '-0.00009', '1.00000']
  '006.3333': ['1.015', '3.108', '0.080', '0.99182', '0.12763', '-0.00003', '-0.12763',
    '0.99182', '0.00009', '0.00004', '-0.00008', '1.00000']
  '006.4000': ['1.031', '3.105', '0.080', '0.99260', '0.12141', '-0.00014', '-0.12141',
    '0.99260', '0.00013', '0.00015', '-0.00011', '1.00000']
  '006.4667': ['1.053', '3.101', '0.080', '0.99384', '0.11084', '-0.00017', '-0.11084',
    '0.99384', '0.00017', '0.00018', '-0.00015', '1.00000']
  '006.5333': ['1.077', '3.098', '0.080', '0.99509', '0.09893', '-0.00015', '-0.09893',
    '0.99509', '0.00021', '0.00017', '-0.00019', '1.00000']
  '006.6000': ['1.105', '3.096', '0.080', '0.99615', '0.08765', '-0.00014', '-0.08765',
    '0.99615', '0.00022', '0.00016', '-0.00020', '1.00000']
  '006.6667': ['1.142', '3.092', '0.080', '0.99721', '0.07467', '-0.00002', '-0.07467',
    '0.99721', '0.00017', '0.00003', '-0.00017', '1.00000']
  '006.7333': ['1.174', '3.089', '0.080', '0.99816', '0.06064', '0.00002', '-0.06064',
    '0.99816', '0.00015', '-0.00001', '-0.00015', '1.00000']
  '006.8000': ['1.200', '3.087', '0.080', '0.99894', '0.04600', '0.00004', '-0.04600',
    '0.99894', '0.00012', '-0.00003', '-0.00013', '1.00000']
  '006.8667': ['1.223', '3.088', '0.080', '0.99940', '0.03451', '0.00004', '-0.03451',
    '0.99940', '0.00013', '-0.00004', '-0.00014', '1.00000']
  '006.9333': ['1.242', '3.094', '0.080', '0.99943', '0.03390', '0.00016', '-0.03390',
    '0.99943', '0.00021', '-0.00016', '-0.00021', '1.00000']
  '007.0000': ['1.266', '3.095', '0.080', '0.99965', '0.02660', '0.00019', '-0.02660',
    '0.99965', '0.00022', '-0.00018', '-0.00022', '1.00000']
  '007.0667': ['1.294', '3.098', '0.080', '0.99759', '-0.06942', '0.00023', '0.06942',
    '0.99759', '0.00025', '-0.00025', '-0.00023', '1.00000']
  '007.1333': ['1.331', '3.111', '0.080', '0.99819', '-0.06019', '0.00011', '0.06019',
    '0.99819', '0.00030', '-0.00013', '-0.00029', '1.00000']
  '007.2000': ['1.360', '3.114', '0.080', '0.99933', '-0.03671', '0.00014', '0.03671',
    '0.99933', '0.00030', '-0.00015', '-0.00030', '1.00000']
  '007.2667': ['1.388', '3.113', '0.080', '0.99979', '-0.02039', '0.00019', '0.02039',
    '0.99979', '0.00029', '-0.00019', '-0.00029', '1.00000']
  '007.3333': ['1.414', '3.112', '0.080', '0.99995', '-0.01040', '0.00023', '0.01040',
    '0.99995', '0.00029', '-0.00023', '-0.00029', '1.00000']
  '007.4000': ['1.438', '3.111', '0.080', '0.99998', '-0.00663', '0.00027', '0.00663',
    '0.99998', '0.00028', '-0.00028', '-0.00028', '1.00000']
  '007.4667': ['1.463', '3.110', '0.080', '0.99997', '-0.00773', '0.00033', '0.00773',
    '0.99997', '0.00030', '-0.00033', '-0.00029', '1.00000']
  '007.5333': ['1.487', '3.109', '0.080', '0.99992', '-0.01280', '0.00037', '0.01280',
    '0.99992', '0.00028', '-0.00037', '-0.00028', '1.00000']
  '007.6000': ['1.513', '3.109', '0.080', '0.99977', '-0.02160', '0.00039', '0.02160',
    '0.99977', '0.00030', '-0.00040', '-0.00029', '1.00000']
  '007.6667': ['1.538', '3.112', '0.080', '0.99953', '-0.03051', '0.00040', '0.03051',
    '0.99953', '0.00032', '-0.00041', '-0.00030', '1.00000']
  '007.7333': ['1.561', '3.122', '0.080', '0.99971', '-0.02395', '0.00034', '0.02395',
    '0.99971', '0.00025', '-0.00035', '-0.00025', '1.00000']
  '007.8000': ['1.593', '3.112', '0.080', '0.99902', '-0.04437', '0.00043', '0.04437',
    '0.99902', '0.00030', '-0.00044', '-0.00028', '1.00000']
  '007.8667': ['1.626', '3.116', '0.080', '0.99782', '-0.06593', '0.00046', '0.06593',
    '0.99782', '0.00029', '-0.00048', '-0.00026', '1.00000']
  '007.9333': ['1.673', '3.129', '0.080', '0.99745', '-0.07130', '0.00050', '0.07130',
    '0.99745', '0.00030', '-0.00052', '-0.00026', '1.00000']
  '008.0000': ['1.713', '3.139', '0.080', '0.99792', '-0.06445', '0.00052', '0.06444',
    '0.99792', '0.00040', '-0.00054', '-0.00037', '1.00000']
  '008.0667': ['1.751', '3.149', '0.080', '0.99887', '-0.04744', '0.00058', '0.04744',
    '0.99887', '0.00056', '-0.00061', '-0.00053', '1.00000']
  '008.1333': ['1.795', '3.160', '0.080', '0.99986', '-0.01665', '0.00073', '0.01665',
    '0.99986', '0.00102', '-0.00075', '-0.00100', '1.00000']
  '008.2000': ['1.828', '3.161', '0.080', '0.99995', '0.00996', '0.00076', '-0.00996',
    '0.99995', '0.00107', '-0.00075', '-0.00107', '1.00000']
  '008.2667': ['1.858', '3.156', '0.080', '0.99972', '0.02365', '0.00074', '-0.02365',
    '0.99972', '0.00106', '-0.00071', '-0.00108', '1.00000']
  '008.3333': ['1.886', '3.153', '0.080', '0.99961', '0.02808', '0.00068', '-0.02808',
    '0.99961', '0.00100', '-0.00065', '-0.00102', '1.00000']
  '008.4000': ['1.911', '3.153', '0.080', '0.99961', '0.02808', '0.00068', '-0.02808',
    '0.99961', '0.00100', '-0.00065', '-0.00102', '1.00000']
  '008.4667': ['1.936', '3.152', '0.080', '0.99961', '0.02808', '0.00068', '-0.02808',
    '0.99961', '0.00100', '-0.00065', '-0.00102', '1.00000']
  '008.5333': ['1.961', '3.151', '0.080', '0.99961', '0.02808', '0.00068', '-0.02808',
    '0.99961', '0.00100', '-0.00065', '-0.00102', '1.00000']
  '008.6000': ['1.987', '3.150', '0.080', '0.99961', '0.02808', '0.00068', '-0.02808',
    '0.99961', '0.00100', '-0.00065', '-0.00102', '1.00000']
  '008.6667': ['2.012', '3.149', '0.080', '0.99841', '-0.05643', '0.00068', '0.05643',
    '0.99841', '0.00100', '-0.00074', '-0.00096', '1.00000']
  '008.7333': ['2.037', '3.150', '0.080', '0.99081', '-0.13525', '0.00068', '0.13525',
    '0.99081', '0.00100', '-0.00081', '-0.00090', '1.00000']
  '008.8000': ['2.062', '3.153', '0.080', '0.99081', '-0.13525', '0.00068', '0.13525',
    '0.99081', '0.00100', '-0.00081', '-0.00090', '1.00000']
  '008.8667': ['2.087', '3.157', '0.080', '0.99081', '-0.13525', '0.00068', '0.13525',
    '0.99081', '0.00100', '-0.00081', '-0.00090', '1.00000']
  '008.9333': ['2.112', '3.160', '0.080', '0.99081', '-0.13525', '0.00068', '0.13525',
    '0.99081', '0.00100', '-0.00081', '-0.00090', '1.00000']
  '009.0000': ['2.137', '3.164', '0.080', '0.99081', '-0.13525', '0.00068', '0.13525',
    '0.99081', '0.00100', '-0.00081', '-0.00090', '1.00000']
  '009.0667': ['2.162', '3.167', '0.080', '0.99081', '-0.13525', '0.00068', '0.13525',
    '0.99081', '0.00100', '-0.00081', '-0.00090', '1.00000']
  '009.1333': ['2.187', '3.170', '0.080', '0.99081', '-0.13525', '0.00068', '0.13525',
    '0.99081', '0.00100', '-0.00081', '-0.00090', '1.00000']
  '009.2000': ['2.212', '3.174', '0.080', '0.99081', '-0.13525', '0.00068', '0.13525',
    '0.99081', '0.00100', '-0.00081', '-0.00090', '1.00000']
  '009.2667': ['2.237', '3.177', '0.080', '0.99081', '-0.13525', '0.00068', '0.13525',
    '0.99081', '0.00100', '-0.00081', '-0.00090', '1.00000']
  '009.3333': ['2.262', '3.181', '0.080', '0.99081', '-0.13525', '0.00068', '0.13525',
    '0.99081', '0.00100', '-0.00081', '-0.00090', '1.00000']
  '009.4000': ['2.287', '3.184', '0.080', '0.99081', '-0.13525', '0.00068', '0.13525',
    '0.99081', '0.00100', '-0.00081', '-0.00090', '1.00000']
  '009.4667': ['2.312', '3.188', '0.080', '0.99081', '-0.13525', '0.00068', '0.13525',
    '0.99081', '0.00100', '-0.00081', '-0.00090', '1.00000']
  '009.5333': ['2.337', '3.191', '0.080', '0.99376', '-0.11150', '0.00068', '0.11150',
    '0.99376', '0.00100', '-0.00079', '-0.00092', '1.00000']
  '009.6000': ['2.362', '3.195', '0.080', '0.99998', '-0.00701', '0.00068', '0.00701',
    '0.99997', '0.00100', '-0.00069', '-0.00099', '1.00000']
