begin_time_stamp: 1574104274.9999974
data_header:
  time_stamp: [x, y, z, R11, R12, R13, R21, R22, R23, R31, R32, R33]
trajectory_data:
  '000.0000': ['0.897', '3.264', '0.080', '0.94172', '-0.33641', '-0.00077', '0.33641',
    '0.94172', '0.00056', '0.00054', '-0.00079', '1.00000']
  '000.0667': ['0.920', '3.284', '0.080', '0.94470', '-0.32792', '-0.00110', '0.32792',
    '0.94470', '0.00083', '0.00076', '-0.00114', '1.00000']
  '000.1333': ['0.944', '3.292', '0.080', '0.94470', '-0.32792', '-0.00110', '0.32792',
    '0.94470', '0.00083', '0.00076', '-0.00114', '1.00000']
  '000.2000': ['0.968', '3.300', '0.080', '0.94470', '-0.32792', '-0.00110', '0.32792',
    '0.94470', '0.00083', '0.00076', '-0.00114', '1.00000']
  '000.2667': ['0.992', '3.308', '0.080', '0.94470', '-0.32792', '-0.00110', '0.32792',
    '0.94470', '0.00083', '0.00076', '-0.00114', '1.00000']
  '000.3333': ['1.016', '3.317', '0.080', '0.94470', '-0.32792', '-0.00110', '0.32792',
    '0.94470', '0.00083', '0.00076', '-0.00114', '1.00000']
  '000.4000': ['1.039', '3.325', '0.080', '0.94470', '-0.32792', '-0.00110', '0.32792',
    '0.94470', '0.00083', '0.00076', '-0.00114', '1.00000']
  '000.4667': ['1.063', '3.333', '0.080', '0.94138', '-0.33736', '-0.00110', '0.33736',
    '0.94138', '0.00083', '0.00075', '-0.00115', '1.00000']
  '000.5333': ['1.087', '3.341', '0.080', '0.90095', '-0.43392', '-0.00110', '0.43392',
    '0.90095', '0.00083', '0.00063', '-0.00122', '1.00000']
  '000.6000': ['1.110', '3.351', '0.080', '0.85066', '-0.52572', '-0.00110', '0.52572',
    '0.85066', '0.00083', '0.00050', '-0.00128', '1.00000']
  '000.6667': ['1.132', '3.364', '0.080', '0.79646', '-0.60469', '-0.00110', '0.60469',
    '0.79646', '0.00083', '0.00037', '-0.00132', '1.00000']
  '000.7333': ['1.152', '3.379', '0.080', '0.79646', '-0.60469', '-0.00110', '0.60469',
    '0.79646', '0.00083', '0.00037', '-0.00132', '1.00000']
  '000.8000': ['1.172', '3.395', '0.080', '0.79646', '-0.60469', '-0.00110', '0.60469',
    '0.79646', '0.00083', '0.00037', '-0.00132', '1.00000']
  '000.8667': ['1.192', '3.410', '0.080', '0.79646', '-0.60469', '-0.00110', '0.60469',
    '0.79646', '0.00083', '0.00037', '-0.00132', '1.00000']
  '000.9333': ['1.212', '3.425', '0.080', '0.79646', '-0.60469', '-0.00110', '0.60469',
    '0.79646', '0.00083', '0.00037', '-0.00132', '1.00000']
