begin_time_stamp: 1574104205.0666647
data_header:
  time_stamp: [x, y, z, R11, R12, R13, R21, R22, R23, R31, R32, R33]
trajectory_data:
  '000.0000': ['2.422', '3.013', '0.080', '0.90322', '0.42919', '0.00020', '-0.42919',
    '0.90322', '0.00021', '-0.00009', '-0.00028', '1.00000']
  '000.0667': ['2.443', '3.003', '0.080', '0.85325', '0.52151', '0.00021', '-0.52151',
    '0.85325', '0.00021', '-0.00007', '-0.00029', '1.00000']
  '000.1333': ['2.464', '2.989', '0.080', '0.79389', '0.60806', '0.00021', '-0.60806',
    '0.79389', '0.00021', '-0.00004', '-0.00030', '1.00000']
  '000.2000': ['2.483', '2.974', '0.080', '0.72507', '0.68867', '0.00021', '-0.68867',
    '0.72507', '0.00019', '-0.00002', '-0.00028', '1.00000']
  '000.2667': ['2.501', '2.957', '0.080', '0.64546', '0.76379', '0.00020', '-0.76379',
    '0.64546', '0.00017', '0.00000', '-0.00027', '1.00000']
  '000.3333': ['2.518', '2.937', '0.080', '0.55433', '0.83229', '0.00021', '-0.83229',
    '0.55433', '0.00019', '0.00004', '-0.00028', '1.00000']
  '000.4000': ['2.535', '2.914', '0.080', '0.45013', '0.89296', '0.00021', '-0.89296',
    '0.45013', '0.00018', '0.00006', '-0.00027', '1.00000']
  '000.4667': ['2.547', '2.892', '0.080', '0.33386', '0.94262', '0.00021', '-0.94262',
    '0.33386', '0.00019', '0.00011', '-0.00027', '1.00000']
  '000.5333': ['2.556', '2.868', '0.080', '0.20600', '0.97855', '0.00022', '-0.97855',
    '0.20600', '0.00020', '0.00015', '-0.00026', '1.00000']
  '000.6000': ['2.562', '2.844', '0.080', '0.06666', '0.99778', '0.00022', '-0.99778',
    '0.06666', '0.00020', '0.00019', '-0.00023', '1.00000']
  '000.6667': ['2.564', '2.818', '0.080', '-0.04201', '0.99912', '0.00018', '-0.99912',
    '-0.04201', '0.00024', '0.00025', '-0.00017', '1.00000']
  '000.7333': ['2.563', '2.791', '0.080', '-0.09477', '0.99550', '0.00017', '-0.99550',
    '-0.09477', '0.00025', '0.00026', '-0.00014', '1.00000']
  '000.8000': ['2.557', '2.754', '0.080', '-0.14625', '0.98925', '0.00018', '-0.98925',
    '-0.14625', '0.00027', '0.00030', '-0.00013', '1.00000']
  '000.8667': ['2.552', '2.724', '0.080', '-0.19656', '0.98049', '0.00016', '-0.98049',
    '-0.19656', '0.00030', '0.00032', '-0.00010', '1.00000']
  '000.9333': ['2.546', '2.694', '0.080', '-0.24624', '0.96921', '0.00010', '-0.96921',
    '-0.24624', '0.00042', '0.00043', '0.00000', '1.00000']
  '001.0000': ['2.536', '2.669', '0.080', '-0.28761', '0.95775', '0.00032', '-0.95775',
    '-0.28761', '0.00076', '0.00082', '-0.00009', '1.00000']
  '001.0667': ['2.524', '2.655', '0.080', '-0.28424', '0.95875', '0.00039', '-0.95875',
    '-0.28424', '0.00090', '0.00097', '-0.00012', '1.00000']
  '001.1333': ['2.515', '2.634', '0.080', '-0.20789', '0.97815', '0.00038', '-0.97815',
    '-0.20789', '0.00102', '0.00108', '-0.00016', '1.00000']
  '001.2000': ['2.506', '2.606', '0.080', '-0.17141', '0.98520', '0.00057', '-0.98520',
    '-0.17141', '0.00160', '0.00167', '-0.00028', '1.00000']
  '001.2667': ['2.501', '2.583', '0.080', '-0.18367', '0.98299', '0.00054', '-0.98299',
    '-0.18367', '0.00152', '0.00159', '-0.00025', '1.00000']
  '001.3333': ['2.494', '2.560', '0.080', '-0.18961', '0.98186', '0.00048', '-0.98186',
    '-0.18961', '0.00138', '0.00145', '-0.00021', '1.00000']
  '001.4000': ['2.492', '2.539', '0.080', '-0.13411', '0.99097', '0.00032', '-0.99097',
    '-0.13411', '0.00114', '0.00117', '-0.00017', '1.00000']
  '001.4667': ['2.496', '2.520', '0.080', '-0.05096', '0.99870', '0.00013', '-0.99870',
    '-0.05096', '0.00061', '0.00062', '-0.00010', '1.00000']
  '001.5333': ['2.495', '2.496', '0.080', '0.03228', '0.99948', '0.00007', '-0.99948',
    '0.03228', '0.00044', '0.00043', '-0.00009', '1.00000']
  '001.6000': ['2.491', '2.470', '0.080', '0.10498', '0.99447', '0.00007', '-0.99447',
    '0.10498', '0.00033', '0.00033', '-0.00011', '1.00000']
  '001.6667': ['2.481', '2.445', '0.080', '0.12564', '0.99208', '0.00005', '-0.99208',
    '0.12564', '0.00048', '0.00046', '-0.00011', '1.00000']
  '001.7333': ['2.480', '2.421', '0.080', '0.15728', '0.98755', '0.00001', '-0.98755',
    '0.15728', '0.00042', '0.00041', '-0.00008', '1.00000']
  '001.8000': ['2.483', '2.397', '0.080', '0.19029', '0.98173', '-0.00001', '-0.98173',
    '0.19029', '0.00029', '0.00028', '-0.00005', '1.00000']
  '001.8667': ['2.488', '2.373', '0.080', '0.22443', '0.97449', '-0.00002', '-0.97449',
    '0.22443', '0.00026', '0.00026', '-0.00004', '1.00000']
  '001.9333': ['2.494', '2.348', '0.080', '0.25738', '0.96631', '-0.00000', '-0.96631',
    '0.25738', '0.00028', '0.00027', '-0.00007', '1.00000']
  '002.0000': ['2.505', '2.322', '0.080', '0.22608', '0.97411', '-0.00005', '-0.97411',
    '0.22608', '0.00019', '0.00019', '0.00000', '1.00000']
  '002.0667': ['2.523', '2.294', '0.080', '0.13180', '0.99128', '-0.00009', '-0.99128',
    '0.13180', '0.00002', '0.00003', '0.00009', '1.00000']
  '002.1333': ['2.539', '2.274', '0.080', '0.00921', '0.99996', '-0.00009', '-0.99996',
    '0.00921', '0.00001', '0.00001', '0.00009', '1.00000']
  '002.2000': ['2.542', '2.249', '0.080', '-0.06437', '0.99793', '-0.00007', '-0.99793',
    '-0.06437', '-0.00007', '-0.00008', '0.00007', '1.00000']
  '002.2667': ['2.541', '2.223', '0.080', '-0.09696', '0.99529', '-0.00010', '-0.99529',
    '-0.09696', '-0.00006', '-0.00007', '0.00009', '1.00000']
  '002.3333': ['2.539', '2.196', '0.080', '-0.13254', '0.99118', '-0.00011', '-0.99118',
    '-0.13254', '-0.00009', '-0.00010', '0.00010', '1.00000']
  '002.4000': ['2.534', '2.170', '0.080', '-0.16646', '0.98605', '-0.00013', '-0.98605',
    '-0.16646', '-0.00008', '-0.00010', '0.00011', '1.00000']
  '002.4667': ['2.528', '2.143', '0.080', '-0.19652', '0.98050', '-0.00013', '-0.98050',
    '-0.19652', '-0.00007', '-0.00010', '0.00011', '1.00000']
  '002.5333': ['2.522', '2.117', '0.080', '-0.22541', '0.97427', '-0.00013', '-0.97427',
    '-0.22541', '-0.00007', '-0.00009', '0.00011', '1.00000']
  '002.6000': ['2.517', '2.091', '0.080', '-0.25467', '0.96703', '-0.00013', '-0.96703',
    '-0.25467', '-0.00006', '-0.00009', '0.00011', '1.00000']
  '002.6667': ['2.510', '2.065', '0.080', '-0.28400', '0.95882', '-0.00013', '-0.95882',
    '-0.28400', '-0.00005', '-0.00009', '0.00011', '1.00000']
  '002.7333': ['2.502', '2.040', '0.080', '-0.21499', '0.97662', '-0.00013', '-0.97662',
    '-0.21499', '-0.00004', '-0.00007', '0.00011', '1.00000']
  '002.8000': ['2.495', '2.015', '0.080', '-0.13856', '0.99035', '-0.00011', '-0.99035',
    '-0.13856', '-0.00005', '-0.00007', '0.00010', '1.00000']
  '002.8667': ['2.492', '1.988', '0.080', '-0.05570', '0.99845', '-0.00014', '-0.99845',
    '-0.05570', '-0.00005', '-0.00006', '0.00014', '1.00000']
  '002.9333': ['2.488', '1.965', '0.080', '-0.05951', '0.99823', '-0.00017', '-0.99823',
    '-0.05951', '-0.00004', '-0.00005', '0.00017', '1.00000']
  '003.0000': ['2.486', '1.940', '0.080', '-0.06023', '0.99818', '-0.00018', '-0.99818',
    '-0.06023', '-0.00004', '-0.00005', '0.00018', '1.00000']
  '003.0667': ['2.481', '1.913', '0.080', '-0.05290', '0.99860', '-0.00023', '-0.99860',
    '-0.05290', '-0.00004', '-0.00005', '0.00023', '1.00000']
  '003.1333': ['2.479', '1.887', '0.080', '-0.04379', '0.99904', '-0.00023', '-0.99904',
    '-0.04379', '-0.00007', '-0.00008', '0.00022', '1.00000']
  '003.2000': ['2.480', '1.860', '0.080', '-0.03869', '0.99925', '-0.00021', '-0.99925',
    '-0.03869', '-0.00008', '-0.00009', '0.00020', '1.00000']
  '003.2667': ['2.480', '1.833', '0.080', '-0.03691', '0.99932', '-0.00021', '-0.99932',
    '-0.03691', '-0.00009', '-0.00009', '0.00021', '1.00000']
  '003.3333': ['2.479', '1.807', '0.080', '-0.03543', '0.99937', '-0.00022', '-0.99937',
    '-0.03543', '-0.00014', '-0.00015', '0.00022', '1.00000']
  '003.4000': ['2.477', '1.781', '0.080', '0.00823', '0.99997', '-0.00023', '-0.99997',
    '0.00823', '-0.00017', '-0.00017', '0.00023', '1.00000']
  '003.4667': ['2.478', '1.755', '0.080', '0.11366', '0.99352', '-0.00024', '-0.99352',
    '0.11366', '-0.00024', '-0.00021', '0.00027', '1.00000']
  '003.5333': ['2.481', '1.729', '0.080', '0.12306', '0.99240', '-0.00020', '-0.99240',
    '0.12306', '-0.00021', '-0.00019', '0.00022', '1.00000']
  '003.6000': ['2.484', '1.702', '0.080', '0.12784', '0.99179', '-0.00015', '-0.99179',
    '0.12784', '-0.00019', '-0.00017', '0.00017', '1.00000']
  '003.6667': ['2.488', '1.676', '0.080', '0.13225', '0.99122', '-0.00010', '-0.99122',
    '0.13225', '-0.00018', '-0.00016', '0.00013', '1.00000']
  '003.7333': ['2.491', '1.650', '0.080', '0.13630', '0.99067', '-0.00006', '-0.99067',
    '0.13630', '-0.00017', '-0.00016', '0.00008', '1.00000']
  '003.8000': ['2.495', '1.624', '0.080', '0.14000', '0.99015', '-0.00001', '-0.99015',
    '0.14000', '-0.00017', '-0.00017', '0.00003', '1.00000']
  '003.8667': ['2.499', '1.598', '0.080', '0.14335', '0.98967', '0.00004', '-0.98967',
    '0.14335', '-0.00018', '-0.00018', '-0.00002', '1.00000']
  '003.9333': ['2.504', '1.572', '0.080', '0.05988', '0.99821', '0.00009', '-0.99821',
    '0.05988', '-0.00020', '-0.00020', '-0.00008', '1.00000']
  '004.0000': ['2.506', '1.546', '0.080', '-0.01704', '0.99985', '0.00015', '-0.99985',
    '-0.01704', '-0.00022', '-0.00022', '-0.00015', '1.00000']
  '004.0667': ['2.506', '1.520', '0.080', '-0.01502', '0.99989', '0.00020', '-0.99989',
    '-0.01502', '-0.00025', '-0.00025', '-0.00020', '1.00000']
  '004.1333': ['2.507', '1.494', '0.080', '-0.01685', '0.99986', '0.00016', '-0.99986',
    '-0.01685', '-0.00024', '-0.00023', '-0.00017', '1.00000']
  '004.2000': ['2.507', '1.467', '0.080', '-0.02209', '0.99976', '0.00015', '-0.99976',
    '-0.02209', '-0.00024', '-0.00023', '-0.00015', '1.00000']
  '004.2667': ['2.508', '1.441', '0.080', '-0.02962', '0.99956', '0.00015', '-0.99956',
    '-0.02962', '-0.00025', '-0.00024', '-0.00016', '1.00000']
  '004.3333': ['2.508', '1.414', '0.080', '-0.03968', '0.99921', '0.00009', '-0.99921',
    '-0.03968', '-0.00030', '-0.00030', '-0.00010', '1.00000']
  '004.4000': ['2.508', '1.388', '0.080', '-0.05106', '0.99870', '0.00008', '-0.99870',
    '-0.05106', '-0.00033', '-0.00032', '-0.00009', '1.00000']
  '004.4667': ['2.507', '1.361', '0.080', '-0.06360', '0.99798', '0.00003', '-0.99798',
    '-0.06360', '-0.00034', '-0.00034', '-0.00006', '1.00000']
  '004.5333': ['2.506', '1.335', '0.080', '-0.07740', '0.99700', '0.00005', '-0.99700',
    '-0.07740', '-0.00038', '-0.00038', '-0.00008', '1.00000']
  '004.6000': ['2.505', '1.309', '0.080', '-0.09353', '0.99562', '0.00000', '-0.99562',
    '-0.09353', '-0.00039', '-0.00039', '-0.00004', '1.00000']
  '004.6667': ['2.503', '1.283', '0.080', '-0.11182', '0.99373', '-0.00002', '-0.99373',
    '-0.11182', '-0.00039', '-0.00039', '-0.00002', '1.00000']
  '004.7333': ['2.501', '1.258', '0.080', '-0.13124', '0.99135', '-0.00003', '-0.99135',
    '-0.13124', '-0.00042', '-0.00042', '-0.00003', '1.00000']
  '004.8000': ['2.498', '1.232', '0.080', '-0.15263', '0.98828', '-0.00001', '-0.98828',
    '-0.15263', '-0.00045', '-0.00045', '-0.00006', '1.00000']
  '004.8667': ['2.495', '1.207', '0.080', '-0.17621', '0.98435', '-0.00005', '-0.98435',
    '-0.17621', '-0.00046', '-0.00046', '-0.00003', '1.00000']
  '004.9333': ['2.491', '1.181', '0.080', '-0.20229', '0.97933', '-0.00007', '-0.97933',
    '-0.20229', '-0.00047', '-0.00048', '-0.00002', '1.00000']
  '005.0000': ['2.486', '1.156', '0.080', '-0.19649', '0.98050', '-0.00009', '-0.98050',
    '-0.19649', '-0.00051', '-0.00052', '-0.00001', '1.00000']
  '005.0667': ['2.479', '1.135', '0.080', '-0.11879', '0.99292', '-0.00009', '-0.99292',
    '-0.11879', '-0.00052', '-0.00053', '0.00003', '1.00000']
  '005.1333': ['2.471', '1.114', '0.080', '-0.10051', '0.99494', '-0.00023', '-0.99494',
    '-0.10051', '-0.00038', '-0.00040', '0.00019', '1.00000']
  '005.2000': ['2.468', '1.088', '0.080', '-0.11106', '0.99381', '-0.00024', '-0.99381',
    '-0.11106', '-0.00033', '-0.00035', '0.00020', '1.00000']
  '005.2667': ['2.465', '1.060', '0.080', '-0.12255', '0.99246', '-0.00025', '-0.99246',
    '-0.12255', '-0.00031', '-0.00034', '0.00021', '1.00000']
  '005.3333': ['2.463', '1.031', '0.080', '-0.13785', '0.99045', '-0.00023', '-0.99045',
    '-0.13785', '-0.00025', '-0.00028', '0.00020', '1.00000']
  '005.4000': ['2.459', '1.001', '0.080', '-0.14790', '0.98900', '-0.00026', '-0.98900',
    '-0.14790', '-0.00022', '-0.00025', '0.00022', '1.00000']
  '005.4667': ['2.452', '0.976', '0.080', '-0.05922', '0.99824', '-0.00043', '-0.99824',
    '-0.05922', '-0.00013', '-0.00016', '0.00042', '1.00000']
  '005.5333': ['2.447', '0.950', '0.080', '0.03385', '0.99943', '-0.00048', '-0.99943',
    '0.03385', '-0.00017', '-0.00015', '0.00048', '1.00000']
  '005.6000': ['2.446', '0.923', '0.080', '0.12951', '0.99158', '-0.00048', '-0.99158',
    '0.12951', '-0.00018', '-0.00012', '0.00050', '1.00000']
  '005.6667': ['2.448', '0.896', '0.080', '0.17758', '0.98411', '-0.00047', '-0.98411',
    '0.17758', '-0.00020', '-0.00011', '0.00050', '1.00000']
  '005.7333': ['2.452', '0.869', '0.080', '0.17928', '0.98380', '-0.00047', '-0.98380',
    '0.17928', '-0.00020', '-0.00011', '0.00050', '1.00000']
  '005.8000': ['2.455', '0.843', '0.080', '0.18441', '0.98285', '-0.00045', '-0.98285',
    '0.18441', '-0.00019', '-0.00011', '0.00048', '1.00000']
  '005.8667': ['2.460', '0.816', '0.080', '0.19032', '0.98172', '-0.00047', '-0.98172',
    '0.19032', '-0.00019', '-0.00010', '0.00049', '1.00000']
  '005.9333': ['2.465', '0.790', '0.080', '0.19818', '0.98017', '-0.00049', '-0.98017',
    '0.19818', '-0.00021', '-0.00011', '0.00052', '1.00000']
  '006.0000': ['2.469', '0.763', '0.080', '0.20726', '0.97828', '-0.00052', '-0.97829',
    '0.20726', '-0.00024', '-0.00013', '0.00055', '1.00000']
  '006.0667': ['2.475', '0.737', '0.080', '0.21696', '0.97618', '-0.00052', '-0.97618',
    '0.21696', '-0.00026', '-0.00014', '0.00056', '1.00000']
  '006.1333': ['2.481', '0.711', '0.080', '0.19404', '0.98099', '-0.00056', '-0.98099',
    '0.19404', '-0.00027', '-0.00015', '0.00060', '1.00000']
  '006.2000': ['2.485', '0.685', '0.080', '0.10460', '0.99451', '-0.00049', '-0.99451',
    '0.10460', '-0.00023', '-0.00018', '0.00052', '1.00000']
  '006.2667': ['2.487', '0.661', '0.080', '0.01704', '0.99985', '-0.00056', '-0.99985',
    '0.01704', '-0.00019', '-0.00019', '0.00056', '1.00000']
  '006.3333': ['2.488', '0.636', '0.080', '-0.07236', '0.99738', '-0.00055', '-0.99738',
    '-0.07236', '-0.00015', '-0.00018', '0.00053', '1.00000']
  '006.4000': ['2.486', '0.612', '0.080', '-0.16066', '0.98701', '-0.00053', '-0.98701',
    '-0.16066', '-0.00014', '-0.00023', '0.00050', '1.00000']
  '006.4667': ['2.481', '0.588', '0.080', '-0.24632', '0.96919', '-0.00054', '-0.96919',
    '-0.24632', '-0.00014', '-0.00026', '0.00049', '1.00000']
  '006.5333': ['2.474', '0.565', '0.080', '-0.32706', '0.94500', '-0.00054', '-0.94500',
    '-0.32706', '-0.00014', '-0.00031', '0.00047', '1.00000']
  '006.6000': ['2.465', '0.542', '0.080', '-0.40243', '0.91545', '-0.00056', '-0.91545',
    '-0.40243', '-0.00016', '-0.00037', '0.00044', '1.00000']
  '006.6667': ['2.455', '0.520', '0.080', '-0.47214', '0.88152', '-0.00057', '-0.88152',
    '-0.47214', '-0.00020', '-0.00045', '0.00041', '1.00000']
  '006.7333': ['2.442', '0.498', '0.080', '-0.53608', '0.84417', '-0.00060', '-0.84417',
    '-0.53608', '-0.00025', '-0.00053', '0.00037', '1.00000']
  '006.8000': ['2.428', '0.478', '0.080', '-0.59423', '0.80429', '-0.00063', '-0.80429',
    '-0.59423', '-0.00031', '-0.00062', '0.00032', '1.00000']
  '006.8667': ['2.410', '0.461', '0.080', '-0.57562', '0.81772', '-0.00059', '-0.81772',
    '-0.57562', '-0.00039', '-0.00066', '0.00026', '1.00000']
  '006.9333': ['2.392', '0.445', '0.080', '-0.52789', '0.84931', '-0.00056', '-0.84931',
    '-0.52790', '-0.00042', '-0.00066', '0.00026', '1.00000']
  '007.0000': ['2.375', '0.430', '0.080', '-0.46082', '0.88750', '-0.00055', '-0.88750',
    '-0.46082', '-0.00047', '-0.00067', '0.00027', '1.00000']
  '007.0667': ['2.357', '0.415', '0.080', '-0.44255', '0.89675', '-0.00048', '-0.89674',
    '-0.44255', '-0.00048', '-0.00064', '0.00022', '1.00000']
  '007.1333': ['2.342', '0.401', '0.080', '-0.42097', '0.90708', '-0.00046', '-0.90708',
    '-0.42097', '-0.00048', '-0.00063', '0.00021', '1.00000']
  '007.2000': ['2.334', '0.385', '0.080', '-0.38908', '0.92120', '-0.00043', '-0.92120',
    '-0.38908', '-0.00046', '-0.00059', '0.00022', '1.00000']
  '007.2667': ['2.344', '0.367', '0.080', '-0.37258', '0.92800', '-0.00033', '-0.92800',
    '-0.37258', '-0.00039', '-0.00049', '0.00016', '1.00000']
  '007.3333': ['2.355', '0.348', '0.080', '-0.38274', '0.92386', '-0.00023', '-0.92386',
    '-0.38274', '-0.00031', '-0.00038', '0.00010', '1.00000']
  '007.4000': ['2.365', '0.330', '0.080', '-0.41892', '0.90802', '-0.00014', '-0.90802',
    '-0.41892', '-0.00022', '-0.00025', '0.00003', '1.00000']
  '007.4667': ['2.373', '0.312', '0.080', '-0.39623', '0.91815', '-0.00005', '-0.91815',
    '-0.39623', '-0.00012', '-0.00012', '-0.00000', '1.00000']
  '007.5333': ['2.382', '0.294', '0.080', '-0.38719', '0.92200', '0.00004', '-0.92200',
    '-0.38719', '-0.00001', '0.00000', '-0.00004', '1.00000']
  '007.6000': ['2.391', '0.276', '0.080', '-0.40411', '0.91471', '0.00012', '-0.91471',
    '-0.40411', '0.00008', '0.00012', '-0.00008', '1.00000']
  '007.6667': ['2.400', '0.258', '0.080', '-0.44597', '0.89505', '0.00020', '-0.89505',
    '-0.44597', '0.00016', '0.00024', '-0.00011', '1.00000']
  '007.7333': ['2.408', '0.240', '0.080', '-0.51012', '0.86010', '0.00028', '-0.86010',
    '-0.51012', '0.00023', '0.00034', '-0.00013', '1.00000']
  '007.8000': ['2.414', '0.224', '0.080', '-0.59197', '0.80596', '0.00035', '-0.80596',
    '-0.59197', '0.00028', '0.00043', '-0.00012', '1.00000']
  '007.8667': ['2.413', '0.213', '0.080', '-0.67428', '0.73848', '0.00038', '-0.73848',
    '-0.67428', '0.00027', '0.00046', '-0.00010', '1.00000']
  '007.9333': ['2.405', '0.205', '0.080', '-0.74732', '0.66446', '0.00039', '-0.66446',
    '-0.74732', '0.00025', '0.00046', '-0.00007', '1.00000']
  '008.0000': ['2.392', '0.201', '0.080', '-0.80680', '0.59083', '0.00040', '-0.59083',
    '-0.80680', '0.00023', '0.00046', '-0.00005', '1.00000']
  '008.0667': ['2.376', '0.198', '0.080', '-0.80553', '0.59256', '0.00039', '-0.59256',
    '-0.80553', '0.00022', '0.00044', '-0.00005', '1.00000']
  '008.1333': ['2.359', '0.196', '0.080', '-0.80313', '0.59580', '0.00039', '-0.59580',
    '-0.80313', '0.00021', '0.00044', '-0.00006', '1.00000']
  '008.2000': ['2.341', '0.193', '0.080', '-0.83204', '0.55472', '0.00039', '-0.55472',
    '-0.83204', '0.00019', '0.00043', '-0.00006', '1.00000']
  '008.2667': ['2.321', '0.189', '0.080', '-0.85079', '0.52550', '0.00039', '-0.52550',
    '-0.85079', '0.00017', '0.00042', '-0.00006', '1.00000']
  '008.3333': ['2.300', '0.185', '0.080', '-0.86148', '0.50780', '0.00038', '-0.50780',
    '-0.86148', '0.00016', '0.00041', '-0.00006', '1.00000']
  '008.4000': ['2.278', '0.179', '0.080', '-0.86567', '0.50062', '0.00038', '-0.50062',
    '-0.86567', '0.00015', '0.00041', '-0.00006', '1.00000']
  '008.4667': ['2.256', '0.171', '0.080', '-0.86570', '0.50056', '0.00038', '-0.50056',
    '-0.86570', '0.00015', '0.00041', '-0.00006', '1.00000']
  '008.5333': ['2.234', '0.159', '0.080', '-0.85491', '0.51877', '0.00038', '-0.51877',
    '-0.85491', '0.00015', '0.00041', '-0.00007', '1.00000']
  '008.6000': ['2.212', '0.146', '0.080', '-0.79600', '0.60529', '0.00038', '-0.60529',
    '-0.79600', '0.00015', '0.00040', '-0.00011', '1.00000']
  '008.6667': ['2.192', '0.131', '0.080', '-0.76772', '0.64078', '0.00038', '-0.64078',
    '-0.76772', '0.00015', '0.00039', '-0.00013', '1.00000']
  '008.7333': ['2.173', '0.115', '0.080', '-0.76772', '0.64078', '0.00038', '-0.64078',
    '-0.76772', '0.00015', '0.00039', '-0.00013', '1.00000']
  '008.8000': ['2.154', '0.099', '0.080', '-0.76772', '0.64078', '0.00038', '-0.64078',
    '-0.76772', '0.00015', '0.00039', '-0.00013', '1.00000']
  '008.8667': ['2.134', '0.083', '0.080', '-0.76772', '0.64078', '0.00038', '-0.64078',
    '-0.76772', '0.00015', '0.00039', '-0.00013', '1.00000']
  '008.9333': ['2.115', '0.067', '0.080', '-0.76772', '0.64078', '0.00038', '-0.64078',
    '-0.76772', '0.00015', '0.00039', '-0.00013', '1.00000']
  '009.0000': ['2.096', '0.050', '0.080', '-0.76772', '0.64078', '0.00038', '-0.64078',
    '-0.76772', '0.00015', '0.00039', '-0.00013', '1.00000']
  '009.0667': ['2.076', '0.034', '0.080', '-0.76772', '0.64078', '0.00038', '-0.64078',
    '-0.76772', '0.00015', '0.00039', '-0.00013', '1.00000']
  '009.1333': ['2.057', '0.018', '0.080', '-0.76772', '0.64078', '0.00038', '-0.64078',
    '-0.76772', '0.00015', '0.00039', '-0.00013', '1.00000']
  '009.2000': ['2.037', '0.002', '0.080', '-0.76772', '0.64078', '0.00038', '-0.64078',
    '-0.76772', '0.00015', '0.00039', '-0.00013', '1.00000']
  '009.2667': ['2.018', '-0.014', '0.080', '-0.76772', '0.64078', '0.00038', '-0.64078',
    '-0.76772', '0.00015', '0.00039', '-0.00013', '1.00000']
  '009.3333': ['1.999', '-0.030', '0.080', '-0.76772', '0.64078', '0.00038', '-0.64078',
    '-0.76772', '0.00015', '0.00039', '-0.00013', '1.00000']
  '009.4000': ['1.979', '-0.047', '0.080', '-0.76772', '0.64078', '0.00038', '-0.64078',
    '-0.76772', '0.00015', '0.00039', '-0.00013', '1.00000']
  '009.4667': ['1.960', '-0.063', '0.080', '-0.76772', '0.64078', '0.00038', '-0.64078',
    '-0.76772', '0.00015', '0.00039', '-0.00013', '1.00000']
  '009.5333': ['1.941', '-0.079', '0.080', '-0.76772', '0.64078', '0.00038', '-0.64078',
    '-0.76772', '0.00015', '0.00039', '-0.00013', '1.00000']
  '009.6000': ['1.921', '-0.095', '0.080', '-0.76772', '0.64078', '0.00038', '-0.64078',
    '-0.76772', '0.00015', '0.00039', '-0.00013', '1.00000']
