begin_time_stamp: 1574104174.9333308
data_header:
  time_stamp: [x, y, z, R11, R12, R13, R21, R22, R23, R31, R32, R33]
trajectory_data:
  '000.0000': ['2.359', '3.075', '0.080', '0.97428', '0.22535', '0.00033', '-0.22535',
    '0.97428', '0.00028', '-0.00025', '-0.00035', '1.00000']
  '000.0667': ['2.384', '3.067', '0.080', '0.97280', '0.23164', '0.00033', '-0.23164',
    '0.97280', '0.00025', '-0.00026', '-0.00032', '1.00000']
  '000.1333': ['2.408', '3.059', '0.080', '0.94963', '0.31338', '0.00031', '-0.31338',
    '0.94963', '0.00020', '-0.00023', '-0.00029', '1.00000']
  '000.2000': ['2.433', '3.051', '0.080', '0.92073', '0.39019', '0.00031', '-0.39019',
    '0.92073', '0.00022', '-0.00020', '-0.00032', '1.00000']
  '000.2667': ['2.454', '3.042', '0.080', '0.88496', '0.46567', '0.00031', '-0.46567',
    '0.88496', '0.00022', '-0.00017', '-0.00034', '1.00000']
  '000.3333': ['2.474', '3.031', '0.080', '0.84171', '0.53992', '0.00030', '-0.53992',
    '0.84171', '0.00021', '-0.00014', '-0.00034', '1.00000']
  '000.4000': ['2.496', '3.018', '0.080', '0.79035', '0.61266', '0.00029', '-0.61266',
    '0.79035', '0.00017', '-0.00012', '-0.00031', '1.00000']
  '000.4667': ['2.514', '3.002', '0.080', '0.73126', '0.68209', '0.00029', '-0.68209',
    '0.73126', '0.00019', '-0.00008', '-0.00034', '1.00000']
  '000.5333': ['2.532', '2.986', '0.080', '0.66405', '0.74769', '0.00030', '-0.74769',
    '0.66405', '0.00017', '-0.00007', '-0.00034', '1.00000']
  '000.6000': ['2.549', '2.966', '0.080', '0.58772', '0.80906', '0.00027', '-0.80906',
    '0.58772', '0.00015', '-0.00004', '-0.00031', '1.00000']
  '000.6667': ['2.564', '2.947', '0.080', '0.50200', '0.86487', '0.00026', '-0.86487',
    '0.50200', '0.00017', '0.00002', '-0.00031', '1.00000']
  '000.7333': ['2.577', '2.926', '0.080', '0.40657', '0.91362', '0.00025', '-0.91362',
    '0.40657', '0.00013', '0.00002', '-0.00028', '1.00000']
  '000.8000': ['2.589', '2.901', '0.080', '0.30077', '0.95370', '0.00024', '-0.95370',
    '0.30077', '0.00013', '0.00005', '-0.00026', '1.00000']
  '000.8667': ['2.598', '2.879', '0.080', '0.18373', '0.98298', '0.00023', '-0.98298',
    '0.18373', '0.00014', '0.00009', '-0.00025', '1.00000']
  '000.9333': ['2.603', '2.857', '0.080', '0.15444', '0.98800', '0.00021', '-0.98800',
    '0.15444', '0.00015', '0.00011', '-0.00023', '1.00000']
  '001.0000': ['2.608', '2.831', '0.080', '0.12490', '0.99217', '0.00022', '-0.99217',
    '0.12490', '0.00021', '0.00018', '-0.00024', '1.00000']
  '001.0667': ['2.609', '2.806', '0.080', '0.09788', '0.99520', '0.00020', '-0.99520',
    '0.09788', '0.00022', '0.00020', '-0.00022', '1.00000']
  '001.1333': ['2.610', '2.783', '0.080', '0.07507', '0.99718', '0.00015', '-0.99718',
    '0.07507', '0.00022', '0.00021', '-0.00017', '1.00000']
  '001.2000': ['2.610', '2.760', '0.080', '0.05748', '0.99835', '0.00019', '-0.99835',
    '0.05748', '0.00023', '0.00022', '-0.00020', '1.00000']
  '001.2667': ['2.610', '2.737', '0.080', '0.04478', '0.99900', '0.00018', '-0.99900',
    '0.04478', '0.00025', '0.00024', '-0.00020', '1.00000']
  '001.3333': ['2.612', '2.715', '0.080', '0.03281', '0.99946', '0.00017', '-0.99946',
    '0.03281', '0.00028', '0.00027', '-0.00018', '1.00000']
  '001.4000': ['2.612', '2.698', '0.080', '0.02406', '0.99971', '0.00026', '-0.99971',
    '0.02406', '0.00050', '0.00050', '-0.00027', '1.00000']
  '001.4667': ['2.613', '2.678', '0.080', '0.01447', '0.99990', '0.00025', '-0.99990',
    '0.01447', '0.00052', '0.00052', '-0.00025', '1.00000']
  '001.5333': ['2.613', '2.656', '0.080', '0.00484', '0.99999', '0.00028', '-0.99999',
    '0.00484', '0.00052', '0.00051', '-0.00028', '1.00000']
  '001.6000': ['2.614', '2.632', '0.080', '-0.00515', '0.99999', '0.00029', '-0.99999',
    '-0.00515', '0.00052', '0.00052', '-0.00029', '1.00000']
  '001.6667': ['2.614', '2.606', '0.080', '-0.01587', '0.99987', '0.00030', '-0.99987',
    '-0.01587', '0.00054', '0.00054', '-0.00029', '1.00000']
  '001.7333': ['2.614', '2.580', '0.080', '-0.02653', '0.99965', '0.00035', '-0.99965',
    '-0.02653', '0.00058', '0.00059', '-0.00033', '1.00000']
  '001.8000': ['2.614', '2.552', '0.080', '-0.03900', '0.99924', '0.00038', '-0.99924',
    '-0.03900', '0.00059', '0.00061', '-0.00036', '1.00000']
  '001.8667': ['2.612', '2.527', '0.080', '-0.05067', '0.99872', '0.00034', '-0.99872',
    '-0.05067', '0.00052', '0.00054', '-0.00031', '1.00000']
  '001.9333': ['2.609', '2.500', '0.080', '-0.05987', '0.99821', '0.00030', '-0.99821',
    '-0.05987', '0.00046', '0.00048', '-0.00028', '1.00000']
  '002.0000': ['2.600', '2.465', '0.080', '-0.05440', '0.99852', '0.00022', '-0.99852',
    '-0.05440', '0.00049', '0.00050', '-0.00019', '1.00000']
  '002.0667': ['2.598', '2.439', '0.080', '-0.04692', '0.99890', '0.00017', '-0.99890',
    '-0.04692', '0.00042', '0.00043', '-0.00015', '1.00000']
  '002.1333': ['2.597', '2.415', '0.080', '-0.03958', '0.99922', '0.00015', '-0.99922',
    '-0.03958', '0.00038', '0.00038', '-0.00013', '1.00000']
  '002.2000': ['2.596', '2.393', '0.080', '-0.03179', '0.99949', '0.00010', '-0.99949',
    '-0.03179', '0.00031', '0.00031', '-0.00009', '1.00000']
  '002.2667': ['2.597', '2.369', '0.080', '-0.02750', '0.99962', '0.00005', '-0.99962',
    '-0.02750', '0.00023', '0.00023', '-0.00004', '1.00000']
  '002.3333': ['2.603', '2.352', '0.080', '-0.03496', '0.99939', '0.00003', '-0.99939',
    '-0.03496', '0.00019', '0.00019', '-0.00002', '1.00000']
  '002.4000': ['2.603', '2.330', '0.080', '-0.04242', '0.99910', '0.00002', '-0.99910',
    '-0.04242', '0.00015', '0.00015', '-0.00001', '1.00000']
  '002.4667': ['2.602', '2.308', '0.080', '-0.04878', '0.99881', '-0.00001', '-0.99881',
    '-0.04878', '0.00012', '0.00012', '0.00002', '1.00000']
  '002.5333': ['2.600', '2.286', '0.080', '-0.05233', '0.99863', '-0.00003', '-0.99863',
    '-0.05233', '0.00006', '0.00006', '0.00003', '1.00000']
  '002.6000': ['2.599', '2.264', '0.080', '-0.05506', '0.99848', '-0.00005', '-0.99848',
    '-0.05506', '0.00001', '0.00001', '0.00005', '1.00000']
  '002.6667': ['2.597', '2.240', '0.080', '-0.05583', '0.99844', '-0.00003', '-0.99844',
    '-0.05583', '-0.00006', '-0.00006', '0.00003', '1.00000']
  '002.7333': ['2.596', '2.215', '0.080', '-0.05590', '0.99844', '-0.00001', '-0.99844',
    '-0.05590', '-0.00011', '-0.00011', '0.00001', '1.00000']
  '002.8000': ['2.593', '2.190', '0.080', '-0.06653', '0.99778', '-0.00003', '-0.99778',
    '-0.06653', '-0.00010', '-0.00010', '0.00002', '1.00000']
  '002.8667': ['2.592', '2.165', '0.080', '-0.16633', '0.98607', '-0.00003', '-0.98607',
    '-0.16633', '-0.00010', '-0.00011', '0.00002', '1.00000']
  '002.9333': ['2.589', '2.141', '0.080', '-0.18683', '0.98239', '-0.00001', '-0.98239',
    '-0.18683', '-0.00011', '-0.00011', '-0.00001', '1.00000']
  '003.0000': ['2.585', '2.117', '0.080', '-0.19502', '0.98080', '-0.00003', '-0.98080',
    '-0.19502', '-0.00011', '-0.00011', '0.00001', '1.00000']
  '003.0667': ['2.580', '2.090', '0.080', '-0.20775', '0.97818', '-0.00003', '-0.97818',
    '-0.20775', '-0.00009', '-0.00009', '0.00001', '1.00000']
  '003.1333': ['2.576', '2.066', '0.080', '-0.22186', '0.97508', '-0.00007', '-0.97508',
    '-0.22186', '-0.00008', '-0.00009', '0.00005', '1.00000']
  '003.2000': ['2.570', '2.042', '0.080', '-0.23732', '0.97143', '-0.00006', '-0.97143',
    '-0.23732', '-0.00008', '-0.00009', '0.00004', '1.00000']
  '003.2667': ['2.565', '2.017', '0.080', '-0.25568', '0.96676', '-0.00006', '-0.96676',
    '-0.25568', '-0.00006', '-0.00007', '0.00004', '1.00000']
  '003.3333': ['2.559', '1.991', '0.080', '-0.24251', '0.97015', '-0.00005', '-0.97015',
    '-0.24251', '-0.00003', '-0.00004', '0.00004', '1.00000']
  '003.4000': ['2.553', '1.967', '0.080', '-0.16412', '0.98644', '-0.00007', '-0.98644',
    '-0.16412', '-0.00004', '-0.00005', '0.00006', '1.00000']
  '003.4667': ['2.547', '1.941', '0.080', '-0.07907', '0.99687', '-0.00003', '-0.99687',
    '-0.07907', '-0.00003', '-0.00004', '0.00003', '1.00000']
  '003.5333': ['2.543', '1.916', '0.080', '-0.05390', '0.99855', '-0.00003', '-0.99855',
    '-0.05390', '-0.00002', '-0.00002', '0.00003', '1.00000']
  '003.6000': ['2.540', '1.891', '0.080', '-0.05212', '0.99864', '-0.00004', '-0.99864',
    '-0.05212', '-0.00001', '-0.00001', '0.00004', '1.00000']
  '003.6667': ['2.537', '1.868', '0.080', '-0.04349', '0.99905', '-0.00007', '-0.99905',
    '-0.04349', '-0.00005', '-0.00006', '0.00006', '1.00000']
  '003.7333': ['2.535', '1.842', '0.080', '-0.03263', '0.99947', '-0.00006', '-0.99947',
    '-0.03263', '-0.00007', '-0.00007', '0.00006', '1.00000']
  '003.8000': ['2.534', '1.815', '0.080', '-0.02252', '0.99975', '-0.00005', '-0.99975',
    '-0.02252', '-0.00009', '-0.00009', '0.00004', '1.00000']
  '003.8667': ['2.535', '1.788', '0.080', '-0.01523', '0.99988', '-0.00001', '-0.99988',
    '-0.01523', '-0.00011', '-0.00011', '0.00001', '1.00000']
  '003.9333': ['2.534', '1.762', '0.080', '-0.00839', '0.99996', '-0.00005', '-0.99996',
    '-0.00839', '-0.00012', '-0.00012', '0.00005', '1.00000']
  '004.0000': ['2.534', '1.735', '0.080', '-0.00280', '1.00000', '-0.00003', '-1.00000',
    '-0.00280', '-0.00018', '-0.00018', '0.00003', '1.00000']
  '004.0667': ['2.534', '1.710', '0.080', '0.00286', '1.00000', '-0.00003', '-1.00000',
    '0.00286', '-0.00023', '-0.00023', '0.00003', '1.00000']
  '004.1333': ['2.535', '1.688', '0.080', '0.00815', '0.99997', '-0.00009', '-0.99997',
    '0.00815', '-0.00027', '-0.00027', '0.00009', '1.00000']
  '004.2000': ['2.535', '1.661', '0.080', '0.01413', '0.99990', '-0.00009', '-0.99990',
    '0.01413', '-0.00028', '-0.00028', '0.00009', '1.00000']
  '004.2667': ['2.535', '1.637', '0.080', '0.02099', '0.99978', '-0.00007', '-0.99978',
    '0.02099', '-0.00027', '-0.00027', '0.00008', '1.00000']
  '004.3333': ['2.537', '1.613', '0.080', '0.02477', '0.99969', '-0.00010', '-0.99969',
    '0.02477', '-0.00023', '-0.00023', '0.00010', '1.00000']
  '004.4000': ['2.540', '1.586', '0.080', '0.02379', '0.99972', '-0.00015', '-0.99972',
    '0.02379', '-0.00024', '-0.00024', '0.00016', '1.00000']
  '004.4667': ['2.549', '1.559', '0.080', '0.00635', '0.99998', '-0.00085', '-0.99998',
    '0.00635', '-0.00035', '-0.00035', '0.00086', '1.00000']
  '004.5333': ['2.548', '1.530', '0.080', '-0.00729', '0.99997', '-0.00016', '-0.99997',
    '-0.00729', '-0.00019', '-0.00019', '0.00016', '1.00000']
  '004.6000': ['2.546', '1.504', '0.080', '-0.01663', '0.99986', '0.00003', '-0.99986',
    '-0.01663', '-0.00028', '-0.00028', '-0.00004', '1.00000']
  '004.6667': ['2.544', '1.480', '0.080', '-0.02299', '0.99974', '0.00012', '-0.99974',
    '-0.02299', '-0.00034', '-0.00034', '-0.00013', '1.00000']
  '004.7333': ['2.543', '1.456', '0.080', '-0.02808', '0.99961', '0.00012', '-0.99961',
    '-0.02808', '-0.00039', '-0.00038', '-0.00013', '1.00000']
  '004.8000': ['2.542', '1.430', '0.080', '-0.03290', '0.99946', '0.00012', '-0.99946',
    '-0.03290', '-0.00039', '-0.00039', '-0.00013', '1.00000']
  '004.8667': ['2.541', '1.403', '0.080', '-0.03809', '0.99927', '0.00013', '-0.99927',
    '-0.03809', '-0.00041', '-0.00040', '-0.00014', '1.00000']
  '004.9333': ['2.540', '1.378', '0.080', '-0.04334', '0.99906', '0.00016', '-0.99906',
    '-0.04334', '-0.00045', '-0.00044', '-0.00018', '1.00000']
  '005.0000': ['2.539', '1.355', '0.080', '-0.04905', '0.99880', '0.00013', '-0.99880',
    '-0.04905', '-0.00048', '-0.00047', '-0.00015', '1.00000']
  '005.0667': ['2.538', '1.331', '0.080', '-0.05559', '0.99845', '0.00015', '-0.99845',
    '-0.05559', '-0.00050', '-0.00049', '-0.00018', '1.00000']
  '005.1333': ['2.537', '1.303', '0.080', '-0.06396', '0.99795', '0.00016', '-0.99795',
    '-0.06396', '-0.00054', '-0.00053', '-0.00020', '1.00000']
  '005.2000': ['2.536', '1.278', '0.080', '-0.07330', '0.99731', '0.00016', '-0.99731',
    '-0.07330', '-0.00061', '-0.00060', '-0.00021', '1.00000']
  '005.2667': ['2.535', '1.254', '0.080', '-0.08433', '0.99644', '0.00013', '-0.99644',
    '-0.08433', '-0.00063', '-0.00061', '-0.00019', '1.00000']
  '005.3333': ['2.534', '1.230', '0.080', '-0.09671', '0.99531', '0.00011', '-0.99531',
    '-0.09671', '-0.00063', '-0.00062', '-0.00017', '1.00000']
  '005.4000': ['2.532', '1.206', '0.080', '-0.11153', '0.99376', '0.00012', '-0.99376',
    '-0.11153', '-0.00065', '-0.00063', '-0.00019', '1.00000']
  '005.4667': ['2.530', '1.183', '0.080', '-0.12852', '0.99171', '0.00010', '-0.99171',
    '-0.12852', '-0.00066', '-0.00064', '-0.00019', '1.00000']
  '005.5333': ['2.527', '1.158', '0.080', '-0.14748', '0.98906', '0.00012', '-0.98906',
    '-0.14748', '-0.00068', '-0.00066', '-0.00022', '1.00000']
  '005.6000': ['2.523', '1.131', '0.080', '-0.16629', '0.98608', '0.00009', '-0.98608',
    '-0.16629', '-0.00072', '-0.00069', '-0.00021', '1.00000']
  '005.6667': ['2.514', '1.106', '0.080', '-0.14329', '0.98968', '-0.00013', '-0.98968',
    '-0.14329', '-0.00055', '-0.00057', '0.00005', '1.00000']
  '005.7333': ['2.509', '1.080', '0.080', '-0.05300', '0.99859', '-0.00014', '-0.99859',
    '-0.05300', '-0.00053', '-0.00054', '0.00012', '1.00000']
  '005.8000': ['2.506', '1.055', '0.080', '0.04223', '0.99911', '-0.00013', '-0.99911',
    '0.04223', '-0.00048', '-0.00047', '0.00015', '1.00000']
  '005.8667': ['2.504', '1.030', '0.080', '0.13345', '0.99106', '-0.00014', '-0.99106',
    '0.13345', '-0.00047', '-0.00045', '0.00020', '1.00000']
  '005.9333': ['2.506', '1.005', '0.080', '0.14267', '0.98977', '-0.00013', '-0.98977',
    '0.14267', '-0.00047', '-0.00045', '0.00020', '1.00000']
  '006.0000': ['2.509', '0.979', '0.080', '0.15713', '0.98758', '-0.00011', '-0.98758',
    '0.15713', '-0.00046', '-0.00044', '0.00018', '1.00000']
  '006.0667': ['2.513', '0.951', '0.080', '0.17352', '0.98483', '-0.00009', '-0.98483',
    '0.17352', '-0.00046', '-0.00043', '0.00017', '1.00000']
  '006.1333': ['2.518', '0.925', '0.080', '0.18968', '0.98185', '-0.00007', '-0.98185',
    '0.18968', '-0.00043', '-0.00041', '0.00015', '1.00000']
  '006.2000': ['2.523', '0.899', '0.080', '0.20509', '0.97874', '-0.00007', '-0.97874',
    '0.20509', '-0.00043', '-0.00041', '0.00016', '1.00000']
  '006.2667': ['2.528', '0.874', '0.080', '0.21873', '0.97578', '-0.00008', '-0.97578',
    '0.21873', '-0.00044', '-0.00042', '0.00017', '1.00000']
  '006.3333': ['2.535', '0.846', '0.080', '0.13059', '0.99144', '-0.00010', '-0.99144',
    '0.13059', '-0.00045', '-0.00044', '0.00015', '1.00000']
  '006.4000': ['2.540', '0.821', '0.080', '0.07948', '0.99684', '-0.00011', '-0.99684',
    '0.07948', '-0.00044', '-0.00043', '0.00014', '1.00000']
  '006.4667': ['2.544', '0.796', '0.080', '0.07953', '0.99683', '-0.00012', '-0.99683',
    '0.07953', '-0.00045', '-0.00044', '0.00016', '1.00000']
  '006.5333': ['2.545', '0.774', '0.080', '0.07719', '0.99702', '-0.00015', '-0.99702',
    '0.07719', '-0.00045', '-0.00044', '0.00019', '1.00000']
  '006.6000': ['2.540', '0.752', '0.080', '0.08541', '0.99635', '-0.00045', '-0.99635',
    '0.08541', '-0.00042', '-0.00038', '0.00049', '1.00000']
  '006.6667': ['2.539', '0.729', '0.080', '0.10062', '0.99492', '-0.00051', '-0.99492',
    '0.10062', '-0.00044', '-0.00039', '0.00055', '1.00000']
  '006.7333': ['2.539', '0.705', '0.080', '0.12075', '0.99268', '-0.00052', '-0.99268',
    '0.12075', '-0.00046', '-0.00040', '0.00057', '1.00000']
  '006.8000': ['2.541', '0.682', '0.080', '0.10202', '0.99478', '-0.00050', '-0.99478',
    '0.10201', '-0.00047', '-0.00042', '0.00055', '1.00000']
  '006.8667': ['2.542', '0.662', '0.080', '0.02636', '0.99965', '-0.00054', '-0.99965',
    '0.02636', '-0.00042', '-0.00040', '0.00055', '1.00000']
  '006.9333': ['2.543', '0.640', '0.080', '-0.04851', '0.99882', '-0.00058', '-0.99882',
    '-0.04851', '-0.00036', '-0.00038', '0.00056', '1.00000']
  '007.0000': ['2.543', '0.619', '0.080', '-0.12448', '0.99222', '-0.00061', '-0.99222',
    '-0.12448', '-0.00033', '-0.00040', '0.00056', '1.00000']
  '007.0667': ['2.540', '0.597', '0.080', '-0.20154', '0.97948', '-0.00060', '-0.97948',
    '-0.20154', '-0.00034', '-0.00045', '0.00052', '1.00000']
  '007.1333': ['2.535', '0.572', '0.080', '-0.27834', '0.96048', '-0.00058', '-0.96048',
    '-0.27834', '-0.00050', '-0.00064', '0.00042', '1.00000']
  '007.2000': ['2.528', '0.547', '0.080', '-0.35415', '0.93519', '-0.00059', '-0.93519',
    '-0.35415', '-0.00060', '-0.00077', '0.00034', '1.00000']
  '007.2667': ['2.519', '0.523', '0.080', '-0.42827', '0.90365', '-0.00066', '-0.90365',
    '-0.42827', '-0.00060', '-0.00082', '0.00034', '1.00000']
  '007.3333': ['2.509', '0.501', '0.080', '-0.49891', '0.86666', '-0.00065', '-0.86666',
    '-0.49891', '-0.00062', '-0.00086', '0.00026', '1.00000']
  '007.4000': ['2.497', '0.482', '0.080', '-0.56535', '0.82485', '-0.00064', '-0.82485',
    '-0.56535', '-0.00062', '-0.00087', '0.00018', '1.00000']
  '007.4667': ['2.484', '0.465', '0.080', '-0.62603', '0.77980', '-0.00064', '-0.77979',
    '-0.62603', '-0.00063', '-0.00089', '0.00011', '1.00000']
  '007.5333': ['2.469', '0.449', '0.080', '-0.68020', '0.73303', '-0.00066', '-0.73303',
    '-0.68020', '-0.00063', '-0.00091', '0.00006', '1.00000']
  '007.6000': ['2.451', '0.432', '0.080', '-0.72750', '0.68610', '-0.00066', '-0.68610',
    '-0.72750', '-0.00063', '-0.00091', '-0.00001', '1.00000']
  '007.6667': ['2.432', '0.417', '0.080', '-0.76706', '0.64158', '-0.00068', '-0.64158',
    '-0.76706', '-0.00062', '-0.00092', '-0.00005', '1.00000']
  '007.7333': ['2.414', '0.406', '0.080', '-0.79861', '0.60185', '-0.00068', '-0.60185',
    '-0.79861', '-0.00061', '-0.00091', '-0.00008', '1.00000']
  '007.8000': ['2.394', '0.396', '0.080', '-0.80906', '0.58773', '-0.00065', '-0.58773',
    '-0.80906', '-0.00063', '-0.00090', '-0.00012', '1.00000']
  '007.8667': ['2.371', '0.387', '0.080', '-0.75724', '0.65314', '-0.00058', '-0.65314',
    '-0.75724', '-0.00065', '-0.00086', '-0.00011', '1.00000']
  '007.9333': ['2.351', '0.381', '0.080', '-0.68449', '0.72902', '-0.00050', '-0.72902',
    '-0.68449', '-0.00064', '-0.00081', '-0.00007', '1.00000']
  '008.0000': ['2.337', '0.374', '0.080', '-0.58677', '0.80975', '-0.00037', '-0.80975',
    '-0.58677', '-0.00059', '-0.00070', '-0.00005', '1.00000']
  '008.0667': ['2.334', '0.365', '0.080', '-0.47292', '0.88110', '-0.00008', '-0.88110',
    '-0.47292', '-0.00028', '-0.00029', '-0.00006', '1.00000']
  '008.1333': ['2.326', '0.355', '0.080', '-0.33131', '0.94352', '0.00004', '-0.94352',
    '-0.33131', '-0.00014', '-0.00012', '-0.00008', '1.00000']
  '008.2000': ['2.323', '0.344', '0.080', '-0.18791', '0.98219', '0.00008', '-0.98219',
    '-0.18791', '-0.00004', '-0.00003', '-0.00009', '1.00000']
  '008.2667': ['2.332', '0.332', '0.080', '-0.13193', '0.99126', '0.00004', '-0.99126',
    '-0.13193', '-0.00023', '-0.00023', '-0.00008', '1.00000']
  '008.3333': ['2.351', '0.309', '0.080', '-0.10595', '0.99437', '0.00012', '-0.99437',
    '-0.10595', '0.00008', '0.00009', '-0.00011', '1.00000']
  '008.4000': ['2.385', '0.278', '0.080', '-0.10896', '0.99405', '0.00025', '-0.99405',
    '-0.10896', '0.00032', '0.00034', '-0.00021', '1.00000']
  '008.4667': ['2.404', '0.254', '0.080', '-0.08598', '0.99630', '0.00025', '-0.99630',
    '-0.08598', '0.00036', '0.00038', '-0.00021', '1.00000']
  '008.5333': ['2.413', '0.233', '0.080', '-0.08229', '0.99661', '0.00024', '-0.99661',
    '-0.08229', '0.00038', '0.00039', '-0.00021', '1.00000']
  '008.6000': ['2.415', '0.211', '0.080', '-0.08437', '0.99643', '0.00023', '-0.99643',
    '-0.08437', '0.00037', '0.00039', '-0.00020', '1.00000']
  '008.6667': ['2.413', '0.186', '0.080', '-0.08437', '0.99643', '0.00023', '-0.99643',
    '-0.08437', '0.00037', '0.00039', '-0.00020', '1.00000']
  '008.7333': ['2.411', '0.161', '0.080', '-0.08437', '0.99643', '0.00023', '-0.99643',
    '-0.08437', '0.00037', '0.00039', '-0.00020', '1.00000']
  '008.8000': ['2.409', '0.136', '0.080', '-0.07523', '0.99717', '0.00023', '-0.99717',
    '-0.07523', '0.00037', '0.00039', '-0.00020', '1.00000']
  '008.8667': ['2.406', '0.111', '0.080', '0.02942', '0.99957', '0.00023', '-0.99957',
    '0.02942', '0.00037', '0.00037', '-0.00024', '1.00000']
  '008.9333': ['2.406', '0.086', '0.080', '0.10644', '0.99432', '0.00023', '-0.99432',
    '0.10644', '0.00037', '0.00035', '-0.00027', '1.00000']
  '009.0000': ['2.409', '0.061', '0.080', '0.10644', '0.99432', '0.00023', '-0.99432',
    '0.10644', '0.00037', '0.00035', '-0.00027', '1.00000']
  '009.0667': ['2.411', '0.036', '0.080', '0.10644', '0.99432', '0.00023', '-0.99432',
    '0.10644', '0.00037', '0.00035', '-0.00027', '1.00000']
  '009.1333': ['2.413', '0.011', '0.080', '0.16605', '0.98612', '0.00023', '-0.98612',
    '0.16605', '0.00037', '0.00033', '-0.00029', '1.00000']
  '009.2000': ['2.417', '-0.014', '0.080', '0.26822', '0.96336', '0.00023', '-0.96336',
    '0.26822', '0.00037', '0.00030', '-0.00032', '1.00000']
  '009.2667': ['2.422', '-0.039', '0.080', '0.36746', '0.93004', '0.00023', '-0.93004',
    '0.36746', '0.00037', '0.00026', '-0.00035', '1.00000']
  '009.3333': ['2.430', '-0.063', '0.080', '0.45910', '0.88839', '0.00023', '-0.88839',
    '0.45910', '0.00037', '0.00023', '-0.00037', '1.00000']
  '009.4000': ['2.442', '-0.085', '0.080', '0.45910', '0.88839', '0.00023', '-0.88839',
    '0.45910', '0.00037', '0.00023', '-0.00037', '1.00000']
  '009.4667': ['2.454', '-0.107', '0.080', '0.45910', '0.88839', '0.00023', '-0.88839',
    '0.45910', '0.00037', '0.00023', '-0.00037', '1.00000']
  '009.5333': ['2.465', '-0.130', '0.080', '0.45910', '0.88839', '0.00023', '-0.88839',
    '0.45910', '0.00037', '0.00023', '-0.00037', '1.00000']
  '009.6000': ['2.477', '-0.152', '0.080', '0.45910', '0.88839', '0.00023', '-0.88839',
    '0.45910', '0.00037', '0.00023', '-0.00037', '1.00000']
  '009.6667': ['2.488', '-0.175', '0.080', '0.45910', '0.88839', '0.00023', '-0.88839',
    '0.45910', '0.00037', '0.00023', '-0.00037', '1.00000']
  '009.7333': ['2.500', '-0.197', '0.080', '0.45910', '0.88839', '0.00023', '-0.88839',
    '0.45910', '0.00037', '0.00023', '-0.00037', '1.00000']
  '009.8000': ['2.511', '-0.220', '0.080', '0.45910', '0.88839', '0.00023', '-0.88839',
    '0.45910', '0.00037', '0.00023', '-0.00037', '1.00000']
