begin_time_stamp: 1573489024.9999967
data_header:
  time_stamp: [x, y, z, R11, R12, R13, R21, R22, R23, R31, R32, R33]
trajectory_data:
  '000.0000': ['1.650', '0.154', '0.080', '0.99994', '-0.01063', '-0.00009', '0.01063',
    '0.99994', '-0.00051', '0.00009', '0.00051', '1.00000']
  '000.0667': ['1.650', '0.154', '0.080', '0.99994', '-0.01093', '-0.00009', '0.01093',
    '0.99994', '-0.00051', '0.00009', '0.00051', '1.00000']
  '000.1333': ['1.649', '0.154', '0.080', '0.99993', '-0.01152', '-0.00008', '0.01152',
    '0.99993', '-0.00051', '0.00009', '0.00051', '1.00000']
  '000.2000': ['1.647', '0.154', '0.080', '0.99992', '-0.01242', '-0.00008', '0.01242',
    '0.99992', '-0.00051', '0.00009', '0.00051', '1.00000']
  '000.2667': ['1.642', '0.154', '0.080', '0.99991', '-0.01365', '-0.00009', '0.01365',
    '0.99991', '-0.00052', '0.00010', '0.00052', '1.00000']
  '000.3333': ['1.653', '0.154', '0.080', '0.99989', '-0.01497', '-0.00009', '0.01497',
    '0.99989', '-0.00052', '0.00010', '0.00052', '1.00000']
  '000.4000': ['1.667', '0.155', '0.080', '0.99987', '-0.01587', '-0.00009', '0.01587',
    '0.99987', '-0.00053', '0.00010', '0.00053', '1.00000']
  '000.4667': ['1.687', '0.156', '0.080', '0.99987', '-0.01635', '-0.00008', '0.01635',
    '0.99987', '-0.00053', '0.00009', '0.00053', '1.00000']
  '000.5333': ['1.702', '0.156', '0.080', '0.99985', '-0.01711', '-0.00007', '0.01711',
    '0.99985', '-0.00052', '0.00008', '0.00052', '1.00000']
  '000.6000': ['1.714', '0.157', '0.080', '0.99983', '-0.01827', '-0.00004', '0.01827',
    '0.99983', '-0.00048', '0.00005', '0.00048', '1.00000']
  '000.6667': ['1.724', '0.158', '0.080', '0.99981', '-0.01973', '-0.00008', '0.01973',
    '0.99981', '-0.00048', '0.00009', '0.00048', '1.00000']
  '000.7333': ['1.729', '0.158', '0.080', '0.99977', '-0.02131', '-0.00008', '0.02131',
    '0.99977', '-0.00047', '0.00009', '0.00047', '1.00000']
  '000.8000': ['1.731', '0.157', '0.080', '0.99974', '-0.02280', '-0.00008', '0.02280',
    '0.99974', '-0.00046', '0.00009', '0.00046', '1.00000']
  '000.8667': ['1.732', '0.157', '0.080', '0.99971', '-0.02424', '-0.00009', '0.02424',
    '0.99971', '-0.00047', '0.00010', '0.00046', '1.00000']
  '000.9333': ['1.732', '0.157', '0.080', '0.99967', '-0.02571', '-0.00008', '0.02571',
    '0.99967', '-0.00047', '0.00009', '0.00047', '1.00000']
  '001.0000': ['1.732', '0.157', '0.080', '0.99963', '-0.02720', '-0.00008', '0.02720',
    '0.99963', '-0.00047', '0.00009', '0.00047', '1.00000']
  '001.0667': ['1.731', '0.157', '0.080', '0.99959', '-0.02877', '-0.00009', '0.02877',
    '0.99959', '-0.00047', '0.00010', '0.00046', '1.00000']
  '001.1333': ['1.729', '0.157', '0.080', '0.99954', '-0.03040', '-0.00008', '0.03040',
    '0.99954', '-0.00047', '0.00010', '0.00046', '1.00000']
  '001.2000': ['1.724', '0.157', '0.080', '0.99948', '-0.03217', '-0.00008', '0.03217',
    '0.99948', '-0.00046', '0.00010', '0.00046', '1.00000']
  '001.2667': ['1.734', '0.157', '0.080', '0.99942', '-0.03409', '-0.00009', '0.03409',
    '0.99942', '-0.00047', '0.00011', '0.00046', '1.00000']
  '001.3333': ['1.745', '0.157', '0.080', '0.99933', '-0.03663', '-0.00010', '0.03663',
    '0.99933', '-0.00047', '0.00011', '0.00046', '1.00000']
  '001.4000': ['1.760', '0.158', '0.080', '0.99920', '-0.03993', '-0.00011', '0.03993',
    '0.99920', '-0.00045', '0.00012', '0.00045', '1.00000']
  '001.4667': ['1.779', '0.158', '0.080', '0.99903', '-0.04403', '-0.00012', '0.04403',
    '0.99903', '-0.00044', '0.00014', '0.00044', '1.00000']
  '001.5333': ['1.801', '0.159', '0.080', '0.99880', '-0.04894', '-0.00015', '0.04894',
    '0.99880', '-0.00043', '0.00017', '0.00042', '1.00000']
  '001.6000': ['1.823', '0.160', '0.080', '0.99853', '-0.05426', '-0.00018', '0.05426',
    '0.99853', '-0.00041', '0.00021', '0.00040', '1.00000']
  '001.6667': ['1.849', '0.162', '0.080', '0.99822', '-0.05965', '-0.00021', '0.05965',
    '0.99822', '-0.00040', '0.00023', '0.00038', '1.00000']
  '001.7333': ['1.865', '0.162', '0.080', '0.99787', '-0.06517', '-0.00021', '0.06517',
    '0.99787', '-0.00039', '0.00023', '0.00037', '1.00000']
  '001.8000': ['1.875', '0.164', '0.080', '0.99751', '-0.07047', '-0.00016', '0.07047',
    '0.99751', '-0.00041', '0.00019', '0.00040', '1.00000']
  '001.8667': ['1.883', '0.166', '0.080', '0.99716', '-0.07536', '-0.00013', '0.07536',
    '0.99716', '-0.00044', '0.00017', '0.00043', '1.00000']
  '001.9333': ['1.888', '0.167', '0.080', '0.99682', '-0.07970', '-0.00015', '0.07970',
    '0.99682', '-0.00045', '0.00019', '0.00044', '1.00000']
  '002.0000': ['1.891', '0.167', '0.080', '0.99650', '-0.08354', '-0.00016', '0.08354',
    '0.99650', '-0.00045', '0.00019', '0.00044', '1.00000']
  '002.0667': ['1.892', '0.167', '0.080', '0.99622', '-0.08691', '-0.00015', '0.08691',
    '0.99622', '-0.00045', '0.00019', '0.00044', '1.00000']
  '002.1333': ['1.892', '0.167', '0.080', '0.99595', '-0.08991', '-0.00016', '0.08991',
    '0.99595', '-0.00045', '0.00020', '0.00043', '1.00000']
  '002.2000': ['1.892', '0.167', '0.080', '0.99570', '-0.09258', '-0.00016', '0.09258',
    '0.99570', '-0.00045', '0.00020', '0.00043', '1.00000']
  '002.2667': ['1.892', '0.167', '0.080', '0.99548', '-0.09499', '-0.00015', '0.09498',
    '0.99548', '-0.00045', '0.00020', '0.00043', '1.00000']
  '002.3333': ['1.892', '0.167', '0.080', '0.99527', '-0.09714', '-0.00015', '0.09714',
    '0.99527', '-0.00045', '0.00020', '0.00044', '1.00000']
  '002.4000': ['1.892', '0.167', '0.080', '0.99508', '-0.09912', '-0.00015', '0.09912',
    '0.99508', '-0.00045', '0.00019', '0.00044', '1.00000']
  '002.4667': ['1.892', '0.167', '0.080', '0.99489', '-0.10097', '-0.00015', '0.10097',
    '0.99489', '-0.00045', '0.00020', '0.00044', '1.00000']
  '002.5333': ['1.892', '0.167', '0.080', '0.99471', '-0.10273', '-0.00015', '0.10273',
    '0.99471', '-0.00045', '0.00020', '0.00043', '1.00000']
  '002.6000': ['1.892', '0.167', '0.080', '0.99454', '-0.10440', '-0.00016', '0.10440',
    '0.99453', '-0.00045', '0.00020', '0.00043', '1.00000']
  '002.6667': ['1.892', '0.167', '0.080', '0.99436', '-0.10603', '-0.00016', '0.10603',
    '0.99436', '-0.00045', '0.00021', '0.00043', '1.00000']
  '002.7333': ['1.892', '0.167', '0.080', '0.99419', '-0.10764', '-0.00016', '0.10764',
    '0.99419', '-0.00045', '0.00021', '0.00043', '1.00000']
  '002.8000': ['1.892', '0.167', '0.080', '0.99401', '-0.10925', '-0.00014', '0.10925',
    '0.99401', '-0.00043', '0.00019', '0.00041', '1.00000']
  '002.8667': ['1.891', '0.167', '0.080', '0.99383', '-0.11089', '-0.00011', '0.11089',
    '0.99383', '-0.00029', '0.00014', '0.00028', '1.00000']
  '002.9333': ['1.890', '0.166', '0.080', '0.99364', '-0.11258', '0.00015', '0.11258',
    '0.99364', '0.00050', '-0.00020', '-0.00048', '1.00000']
  '003.0000': ['1.887', '0.165', '0.080', '0.99344', '-0.11432', '0.00161', '0.11432',
    '0.99343', '0.00511', '-0.00219', '-0.00489', '0.99999']
  '003.0667': ['1.883', '0.164', '0.080', '0.99324', '-0.11604', '0.00307', '0.11600',
    '0.99320', '0.00973', '-0.00418', '-0.00930', '0.99995']
  '003.1333': ['1.880', '0.163', '0.080', '0.99304', '-0.11772', '0.00452', '0.11765',
    '0.99295', '0.01434', '-0.00618', '-0.01371', '0.99989']
  '003.2000': ['1.876', '0.162', '0.080', '0.99283', '-0.11938', '0.00596', '0.11925',
    '0.99268', '0.01896', '-0.00818', '-0.01812', '0.99980']
  '003.2667': ['1.872', '0.161', '0.080', '0.99262', '-0.12102', '0.00740', '0.12081',
    '0.99240', '0.02359', '-0.01019', '-0.02252', '0.99969']
  '003.3333': ['1.869', '0.160', '0.080', '0.99241', '-0.12262', '0.00882', '0.12233',
    '0.99209', '0.02821', '-0.01221', '-0.02691', '0.99956']
  '003.4000': ['1.869', '0.160', '0.080', '0.99271', '-0.12054', '0.00153', '0.12054',
    '0.99270', '0.00492', '-0.00212', '-0.00470', '0.99999']
  '003.4667': ['1.868', '0.161', '0.080', '0.99294', '-0.11861', '0.00027', '0.11861',
    '0.99294', '0.00090', '-0.00038', '-0.00086', '1.00000']
  '003.5333': ['1.874', '0.162', '0.080', '0.99325', '-0.11597', '-0.00003', '0.11597',
    '0.99325', '-0.00005', '0.00004', '0.00005', '1.00000']
  '003.6000': ['1.882', '0.164', '0.080', '0.99363', '-0.11265', '-0.00008', '0.11265',
    '0.99363', '-0.00016', '0.00010', '0.00015', '1.00000']
  '003.6667': ['1.890', '0.165', '0.080', '0.99398', '-0.10954', '-0.00008', '0.10954',
    '0.99398', '-0.00017', '0.00010', '0.00016', '1.00000']
  '003.7333': ['1.903', '0.165', '0.080', '0.99420', '-0.10751', '-0.00006', '0.10751',
    '0.99420', '-0.00016', '0.00007', '0.00016', '1.00000']
  '003.8000': ['1.920', '0.166', '0.080', '0.99427', '-0.10688', '-0.00002', '0.10688',
    '0.99427', '-0.00016', '0.00004', '0.00015', '1.00000']
  '003.8667': ['1.939', '0.167', '0.080', '0.99415', '-0.10802', '0.00004', '0.10802',
    '0.99415', '-0.00016', '-0.00002', '0.00016', '1.00000']
  '003.9333': ['1.959', '0.168', '0.080', '0.99378', '-0.11135', '0.00011', '0.11135',
    '0.99378', '-0.00016', '-0.00009', '0.00018', '1.00000']
  '004.0000': ['1.979', '0.170', '0.080', '0.99325', '-0.11598', '0.00017', '0.11598',
    '0.99325', '-0.00018', '-0.00015', '0.00020', '1.00000']
  '004.0667': ['2.004', '0.172', '0.080', '0.99253', '-0.12202', '0.00034', '0.12202',
    '0.99253', '-0.00024', '-0.00030', '0.00028', '1.00000']
  '004.1333': ['2.029', '0.175', '0.080', '0.99163', '-0.12914', '0.00048', '0.12914',
    '0.99163', '-0.00027', '-0.00045', '0.00033', '1.00000']
  '004.2000': ['2.055', '0.178', '0.080', '0.99053', '-0.13727', '0.00062', '0.13727',
    '0.99053', '-0.00029', '-0.00058', '0.00037', '1.00000']
  '004.2667': ['2.077', '0.181', '0.080', '0.98928', '-0.14601', '0.00073', '0.14601',
    '0.98928', '-0.00032', '-0.00067', '0.00042', '1.00000']
  '004.3333': ['2.092', '0.183', '0.080', '0.98791', '-0.15503', '0.00084', '0.15503',
    '0.98791', '-0.00031', '-0.00078', '0.00043', '1.00000']
  '004.4000': ['2.105', '0.185', '0.080', '0.98641', '-0.16431', '0.00083', '0.16431',
    '0.98641', '-0.00028', '-0.00077', '0.00041', '1.00000']
  '004.4667': ['2.113', '0.185', '0.080', '0.98479', '-0.17373', '0.00014', '0.17373',
    '0.98479', '0.00015', '-0.00017', '-0.00012', '1.00000']
  '004.5333': ['2.115', '0.186', '0.080', '0.98321', '-0.18250', '0.00002', '0.18250',
    '0.98321', '0.00022', '-0.00006', '-0.00021', '1.00000']
  '004.6000': ['2.116', '0.186', '0.080', '0.98164', '-0.19073', '0.00000', '0.19073',
    '0.98164', '0.00023', '-0.00005', '-0.00023', '1.00000']
  '004.6667': ['2.117', '0.186', '0.080', '0.98009', '-0.19857', '-0.00000', '0.19857',
    '0.98009', '0.00024', '-0.00005', '-0.00023', '1.00000']
  '004.7333': ['2.117', '0.186', '0.080', '0.97852', '-0.20616', '-0.00001', '0.20616',
    '0.97852', '0.00024', '-0.00004', '-0.00023', '1.00000']
  '004.8000': ['2.117', '0.186', '0.080', '0.98124', '-0.19279', '-0.00000', '0.19279',
    '0.98124', '0.00024', '-0.00004', '-0.00023', '1.00000']
  '004.8667': ['2.117', '0.186', '0.080', '0.99463', '-0.10354', '-0.00001', '0.10354',
    '0.99463', '0.00024', '-0.00001', '-0.00024', '1.00000']
  '004.9333': ['2.117', '0.186', '0.080', '0.99402', '-0.10916', '0.00000', '0.10916',
    '0.99402', '0.00025', '-0.00003', '-0.00025', '1.00000']
  '005.0000': ['2.117', '0.186', '0.080', '0.99343', '-0.11442', '-0.00000', '0.11442',
    '0.99343', '0.00024', '-0.00003', '-0.00024', '1.00000']
  '005.0667': ['2.116', '0.186', '0.080', '0.99284', '-0.11946', '-0.00000', '0.11946',
    '0.99284', '0.00025', '-0.00003', '-0.00025', '1.00000']
  '005.1333': ['2.112', '0.186', '0.080', '0.99225', '-0.12423', '0.00001', '0.12423',
    '0.99225', '0.00024', '-0.00004', '-0.00024', '1.00000']
  '005.2000': ['2.110', '0.185', '0.080', '0.99166', '-0.12891', '-0.00001', '0.12891',
    '0.99166', '0.00024', '-0.00002', '-0.00024', '1.00000']
  '005.2667': ['2.120', '0.185', '0.080', '0.99089', '-0.13468', '-0.00011', '0.13468',
    '0.99089', '0.00020', '0.00009', '-0.00021', '1.00000']
  '005.3333': ['2.130', '0.185', '0.080', '0.98962', '-0.14370', '-0.00051', '0.14370',
    '0.98962', '0.00002', '0.00050', '-0.00010', '1.00000']
  '005.4000': ['2.144', '0.185', '0.080', '0.98795', '-0.15476', '-0.00050', '0.15476',
    '0.98795', '0.00002', '0.00049', '-0.00010', '1.00000']
  '005.4667': ['2.162', '0.188', '0.080', '0.98621', '-0.16552', '-0.00042', '0.16552',
    '0.98621', '0.00001', '0.00041', '-0.00008', '1.00000']
  '005.5333': ['2.181', '0.191', '0.080', '0.98411', '-0.17755', '-0.00031', '0.17755',
    '0.98411', '0.00002', '0.00031', '-0.00007', '1.00000']
  '005.6000': ['2.203', '0.195', '0.080', '0.98185', '-0.18964', '-0.00022', '0.18964',
    '0.98185', '0.00000', '0.00022', '-0.00005', '1.00000']
  '005.6667': ['2.226', '0.199', '0.080', '0.97906', '-0.20356', '-0.00011', '0.20356',
    '0.97906', '0.00003', '0.00010', '-0.00005', '1.00000']
  '005.7333': ['2.248', '0.203', '0.080', '0.97560', '-0.21958', '-0.00003', '0.21958',
    '0.97560', '0.00005', '0.00002', '-0.00005', '1.00000']
  '005.8000': ['2.272', '0.208', '0.080', '0.97125', '-0.23805', '0.00004', '0.23805',
    '0.97125', '0.00004', '-0.00005', '-0.00003', '1.00000']
  '005.8667': ['2.296', '0.214', '0.080', '0.97844', '-0.20652', '0.00008', '0.20652',
    '0.97844', '0.00004', '-0.00008', '-0.00002', '1.00000']
  '005.9333': ['2.320', '0.219', '0.080', '0.99200', '-0.12623', '0.00013', '0.12623',
    '0.99200', '0.00004', '-0.00013', '-0.00003', '1.00000']
  '006.0000': ['2.345', '0.224', '0.080', '0.99915', '-0.04111', '0.00014', '0.04111',
    '0.99915', '0.00004', '-0.00014', '-0.00003', '1.00000']
  '006.0667': ['2.371', '0.228', '0.080', '0.99959', '0.02864', '0.00010', '-0.02864',
    '0.99959', '0.00002', '-0.00009', '-0.00002', '1.00000']
  '006.1333': ['2.397', '0.229', '0.080', '0.99965', '0.02650', '0.00013', '-0.02650',
    '0.99965', '0.00003', '-0.00013', '-0.00004', '1.00000']
  '006.2000': ['2.423', '0.229', '0.080', '0.99961', '0.02801', '0.00013', '-0.02801',
    '0.99961', '0.00003', '-0.00012', '-0.00003', '1.00000']
  '006.2667': ['2.449', '0.229', '0.080', '0.99951', '0.03119', '0.00014', '-0.03119',
    '0.99951', '0.00002', '-0.00013', '-0.00003', '1.00000']
  '006.3333': ['2.477', '0.228', '0.080', '0.99942', '0.03416', '0.00014', '-0.03416',
    '0.99942', '0.00000', '-0.00014', '-0.00001', '1.00000']
  '006.4000': ['2.494', '0.228', '0.080', '0.99932', '0.03698', '0.00018', '-0.03698',
    '0.99932', '-0.00002', '-0.00018', '0.00002', '1.00000']
  '006.4667': ['2.509', '0.230', '0.080', '0.99919', '0.04022', '0.00019', '-0.04022',
    '0.99919', '-0.00006', '-0.00019', '0.00005', '1.00000']
  '006.5333': ['2.515', '0.230', '0.080', '0.99904', '0.04377', '0.00016', '-0.04377',
    '0.99904', '-0.00006', '-0.00017', '0.00005', '1.00000']
  '006.6000': ['2.515', '0.231', '0.080', '0.99886', '0.04770', '0.00015', '-0.04770',
    '0.99886', '-0.00007', '-0.00015', '0.00006', '1.00000']
  '006.6667': ['2.516', '0.231', '0.080', '0.99864', '0.05212', '0.00014', '-0.05212',
    '0.99864', '-0.00007', '-0.00014', '0.00006', '1.00000']
  '006.7333': ['2.523', '0.230', '0.080', '0.99840', '0.05647', '0.00012', '-0.05647',
    '0.99840', '-0.00006', '-0.00012', '0.00006', '1.00000']
  '006.8000': ['2.533', '0.230', '0.080', '0.99814', '0.06096', '0.00012', '-0.06096',
    '0.99814', '-0.00006', '-0.00013', '0.00005', '1.00000']
  '006.8667': ['2.548', '0.228', '0.080', '0.99789', '0.06495', '0.00014', '-0.06495',
    '0.99789', '-0.00006', '-0.00014', '0.00005', '1.00000']
  '006.9333': ['2.566', '0.227', '0.080', '0.99763', '0.06878', '0.00014', '-0.06878',
    '0.99763', '-0.00006', '-0.00015', '0.00005', '1.00000']
  '007.0000': ['2.590', '0.225', '0.080', '0.99735', '0.07270', '0.00015', '-0.07270',
    '0.99735', '-0.00008', '-0.00016', '0.00007', '1.00000']
  '007.0667': ['2.608', '0.224', '0.080', '0.99700', '0.07742', '0.00016', '-0.07742',
    '0.99700', '-0.00010', '-0.00017', '0.00008', '1.00000']
  '007.1333': ['2.620', '0.226', '0.080', '0.99651', '0.08351', '0.00021', '-0.08351',
    '0.99651', '-0.00012', '-0.00022', '0.00010', '1.00000']
  '007.2000': ['2.623', '0.227', '0.080', '0.99584', '0.09111', '0.00017', '-0.09111',
    '0.99584', '-0.00014', '-0.00018', '0.00012', '1.00000']
  '007.2667': ['2.628', '0.227', '0.080', '0.99484', '0.10141', '0.00016', '-0.10141',
    '0.99484', '-0.00014', '-0.00018', '0.00013', '1.00000']
  '007.3333': ['2.635', '0.227', '0.080', '0.99348', '0.11398', '0.00014', '-0.11398',
    '0.99348', '-0.00015', '-0.00016', '0.00013', '1.00000']
  '007.4000': ['2.643', '0.225', '0.080', '0.99168', '0.12870', '0.00014', '-0.12870',
    '0.99168', '-0.00014', '-0.00016', '0.00013', '1.00000']
  '007.4667': ['2.655', '0.223', '0.080', '0.99673', '0.08075', '0.00013', '-0.08075',
    '0.99673', '-0.00016', '-0.00014', '0.00015', '1.00000']
  '007.5333': ['2.668', '0.219', '0.080', '0.99995', '-0.01019', '-0.00007', '0.01019',
    '0.99995', '-0.00034', '0.00007', '0.00034', '1.00000']
  '007.6000': ['2.685', '0.216', '0.080', '0.99424', '-0.10721', '-0.00009', '0.10721',
    '0.99424', '-0.00038', '0.00013', '0.00037', '1.00000']
  '007.6667': ['2.707', '0.215', '0.080', '0.98743', '-0.15805', '-0.00005', '0.15805',
    '0.98743', '-0.00039', '0.00011', '0.00037', '1.00000']
  '007.7333': ['2.728', '0.215', '0.080', '0.98583', '-0.16775', '-0.00005', '0.16775',
    '0.98583', '-0.00038', '0.00011', '0.00037', '1.00000']
  '007.8000': ['2.753', '0.217', '0.080', '0.98321', '-0.18250', '-0.00005', '0.18250',
    '0.98321', '-0.00037', '0.00011', '0.00036', '1.00000']
  '007.8667': ['2.776', '0.221', '0.080', '0.98004', '-0.19879', '-0.00004', '0.19879',
    '0.98004', '-0.00036', '0.00011', '0.00035', '1.00000']
  '007.9333': ['2.792', '0.225', '0.080', '0.97673', '-0.21447', '-0.00002', '0.21447',
    '0.97673', '-0.00037', '0.00010', '0.00035', '1.00000']
  '008.0000': ['2.807', '0.231', '0.080', '0.97352', '-0.22861', '0.00003', '0.22861',
    '0.97352', '-0.00038', '0.00006', '0.00038', '1.00000']
  '008.0667': ['2.815', '0.235', '0.080', '0.97047', '-0.24121', '0.00003', '0.24121',
    '0.97047', '-0.00042', '0.00007', '0.00042', '1.00000']
  '008.1333': ['2.814', '0.236', '0.080', '0.96760', '-0.25249', '0.00004', '0.25249',
    '0.96760', '-0.00043', '0.00007', '0.00042', '1.00000']
  '008.2000': ['2.822', '0.239', '0.080', '0.96509', '-0.26193', '0.00004', '0.26193',
    '0.96509', '-0.00043', '0.00008', '0.00042', '1.00000']
  '008.2667': ['2.828', '0.241', '0.080', '0.96284', '-0.27006', '0.00003', '0.27006',
    '0.96284', '-0.00043', '0.00009', '0.00042', '1.00000']
  '008.3333': ['2.834', '0.242', '0.080', '0.96049', '-0.27830', '0.00004', '0.27830',
    '0.96049', '-0.00042', '0.00008', '0.00041', '1.00000']
  '008.4000': ['2.844', '0.244', '0.080', '0.95795', '-0.28694', '0.00006', '0.28694',
    '0.95795', '-0.00040', '0.00006', '0.00040', '1.00000']
  '008.4667': ['2.860', '0.248', '0.080', '0.95513', '-0.29617', '0.00006', '0.29617',
    '0.95513', '-0.00039', '0.00006', '0.00039', '1.00000']
  '008.5333': ['2.877', '0.253', '0.080', '0.95232', '-0.30509', '0.00008', '0.30509',
    '0.95232', '-0.00039', '0.00004', '0.00039', '1.00000']
  '008.6000': ['2.896', '0.260', '0.080', '0.94977', '-0.31296', '0.00009', '0.31296',
    '0.94977', '-0.00038', '0.00003', '0.00039', '1.00000']
  '008.6667': ['2.920', '0.268', '0.080', '0.94777', '-0.31894', '0.00009', '0.31894',
    '0.94777', '-0.00031', '0.00001', '0.00033', '1.00000']
  '008.7333': ['2.943', '0.279', '0.080', '0.94779', '-0.31891', '0.00015', '0.31891',
    '0.94779', '-0.00025', '-0.00007', '0.00028', '1.00000']
  '008.8000': ['2.969', '0.287', '0.080', '0.94702', '-0.32118', '0.00020', '0.32118',
    '0.94702', '-0.00019', '-0.00013', '0.00024', '1.00000']
  '008.8667': ['2.989', '0.289', '0.080', '0.94404', '-0.32983', '0.00060', '0.32983',
    '0.94404', '0.00038', '-0.00070', '-0.00016', '1.00000']
  '008.9333': ['3.007', '0.300', '0.080', '0.94175', '-0.33632', '0.00028', '0.33632',
    '0.94175', '-0.00017', '-0.00020', '0.00026', '1.00000']
  '009.0000': ['3.032', '0.312', '0.080', '0.94132', '-0.33752', '0.00025', '0.33752',
    '0.94132', '-0.00024', '-0.00016', '0.00031', '1.00000']
  '009.0667': ['3.048', '0.319', '0.080', '0.94190', '-0.33590', '0.00023', '0.33590',
    '0.94190', '-0.00028', '-0.00012', '0.00034', '1.00000']
  '009.1333': ['3.058', '0.324', '0.080', '0.94279', '-0.33340', '0.00026', '0.33340',
    '0.94278', '-0.00027', '-0.00015', '0.00034', '1.00000']
  '009.2000': ['3.067', '0.328', '0.080', '0.91659', '-0.39983', '0.00028', '0.39983',
    '0.91659', '-0.00026', '-0.00015', '0.00035', '1.00000']
  '009.2667': ['3.071', '0.329', '0.080', '0.89015', '-0.45567', '0.00026', '0.45567',
    '0.89015', '-0.00026', '-0.00011', '0.00035', '1.00000']
  '009.3333': ['3.071', '0.327', '0.080', '0.88993', '-0.45610', '0.00027', '0.45610',
    '0.88993', '-0.00026', '-0.00012', '0.00035', '1.00000']
  '009.4000': ['3.070', '0.326', '0.080', '0.88956', '-0.45681', '0.00027', '0.45681',
    '0.88956', '-0.00025', '-0.00013', '0.00035', '1.00000']
  '009.4667': ['3.067', '0.325', '0.080', '0.88969', '-0.45656', '0.00027', '0.45656',
    '0.88969', '-0.00026', '-0.00013', '0.00035', '1.00000']
  '009.5333': ['3.072', '0.327', '0.080', '0.88993', '-0.45610', '0.00027', '0.45610',
    '0.88993', '-0.00025', '-0.00012', '0.00035', '1.00000']
  '009.6000': ['3.078', '0.330', '0.080', '0.89031', '-0.45536', '0.00023', '0.45536',
    '0.89031', '-0.00028', '-0.00008', '0.00036', '1.00000']
  '009.6667': ['3.089', '0.336', '0.080', '0.89134', '-0.45334', '0.00025', '0.45334',
    '0.89134', '-0.00029', '-0.00009', '0.00037', '1.00000']
  '009.7333': ['3.102', '0.343', '0.080', '0.89279', '-0.45047', '0.00027', '0.45047',
    '0.89279', '-0.00028', '-0.00012', '0.00038', '1.00000']
  '009.8000': ['3.118', '0.350', '0.080', '0.89398', '-0.44811', '0.00026', '0.44811',
    '0.89398', '-0.00028', '-0.00011', '0.00037', '1.00000']
  '009.8667': ['3.136', '0.359', '0.080', '0.89542', '-0.44522', '0.00026', '0.44522',
    '0.89542', '-0.00027', '-0.00012', '0.00036', '1.00000']
  '009.9333': ['3.156', '0.370', '0.080', '0.89751', '-0.44100', '0.00027', '0.44100',
    '0.89751', '-0.00028', '-0.00012', '0.00037', '1.00000']
  '010.0000': ['3.176', '0.380', '0.080', '0.88187', '-0.47150', '0.00029', '0.47150',
    '0.88187', '-0.00028', '-0.00012', '0.00038', '1.00000']
  '010.0667': ['3.197', '0.390', '0.080', '0.83187', '-0.55497', '0.00029', '0.55497',
    '0.83187', '-0.00024', '-0.00011', '0.00036', '1.00000']
  '010.1333': ['3.221', '0.403', '0.080', '0.77072', '-0.63718', '0.00031', '0.63718',
    '0.77072', '-0.00022', '-0.00010', '0.00036', '1.00000']
  '010.2000': ['3.242', '0.417', '0.080', '0.69469', '-0.71931', '0.00034', '0.71931',
    '0.69469', '-0.00020', '-0.00009', '0.00038', '1.00000']
  '010.2667': ['3.264', '0.434', '0.080', '0.60069', '-0.79949', '0.00034', '0.79949',
    '0.60069', '-0.00019', '-0.00006', '0.00039', '1.00000']
  '010.3333': ['3.277', '0.445', '0.080', '0.49011', '-0.87166', '0.00034', '0.87166',
    '0.49011', '-0.00016', '-0.00002', '0.00038', '1.00000']
  '010.4000': ['3.290', '0.459', '0.080', '0.41393', '-0.91031', '0.00036', '0.91031',
    '0.41393', '-0.00012', '-0.00004', '0.00038', '1.00000']
  '010.4667': ['3.297', '0.465', '0.080', '0.37477', '-0.92712', '0.00037', '0.92712',
    '0.37477', '-0.00016', '0.00001', '0.00040', '1.00000']
  '010.5333': ['3.300', '0.465', '0.080', '0.33592', '-0.94189', '0.00036', '0.94189',
    '0.33592', '-0.00017', '0.00004', '0.00039', '1.00000']
  '010.6000': ['3.302', '0.467', '0.080', '0.30053', '-0.95377', '0.00036', '0.95377',
    '0.30053', '-0.00017', '0.00005', '0.00039', '1.00000']
  '010.6667': ['3.304', '0.473', '0.080', '0.26978', '-0.96292', '0.00035', '0.96292',
    '0.26978', '-0.00017', '0.00006', '0.00038', '1.00000']
  '010.7333': ['3.306', '0.481', '0.080', '0.24439', '-0.96968', '0.00036', '0.96968',
    '0.24439', '-0.00017', '0.00007', '0.00039', '1.00000']
  '010.8000': ['3.308', '0.493', '0.080', '0.22384', '-0.97463', '0.00038', '0.97463',
    '0.22384', '-0.00016', '0.00008', '0.00040', '1.00000']
  '010.8667': ['3.312', '0.513', '0.080', '0.20601', '-0.97855', '0.00038', '0.97855',
    '0.20601', '-0.00016', '0.00008', '0.00040', '1.00000']
  '010.9333': ['3.316', '0.534', '0.080', '0.18963', '-0.98186', '0.00037', '0.98186',
    '0.18963', '-0.00016', '0.00008', '0.00040', '1.00000']
  '011.0000': ['3.320', '0.556', '0.080', '0.17385', '-0.98477', '0.00038', '0.98477',
    '0.17385', '-0.00015', '0.00008', '0.00040', '1.00000']
  '011.0667': ['3.324', '0.579', '0.080', '0.15905', '-0.98727', '0.00038', '0.98727',
    '0.15905', '-0.00016', '0.00010', '0.00040', '1.00000']
  '011.1333': ['3.327', '0.601', '0.080', '0.14497', '-0.98944', '0.00037', '0.98944',
    '0.14497', '-0.00019', '0.00014', '0.00039', '1.00000']
  '011.2000': ['3.330', '0.624', '0.080', '0.13154', '-0.99131', '0.00037', '0.99131',
    '0.13154', '-0.00020', '0.00015', '0.00040', '1.00000']
  '011.2667': ['3.334', '0.653', '0.080', '0.11826', '-0.99298', '0.00038', '0.99298',
    '0.11826', '-0.00018', '0.00014', '0.00040', '1.00000']
  '011.3333': ['3.337', '0.673', '0.080', '0.10565', '-0.99440', '0.00038', '0.99440',
    '0.10565', '-0.00016', '0.00012', '0.00039', '1.00000']
  '011.4000': ['3.338', '0.689', '0.080', '0.09385', '-0.99559', '0.00039', '0.99559',
    '0.09385', '-0.00009', '0.00005', '0.00039', '1.00000']
  '011.4667': ['3.338', '0.697', '0.080', '0.08344', '-0.99651', '0.00038', '0.99651',
    '0.08344', '-0.00006', '0.00003', '0.00038', '1.00000']
  '011.5333': ['3.339', '0.706', '0.080', '0.07461', '-0.99721', '0.00037', '0.99721',
    '0.07461', '-0.00010', '0.00007', '0.00037', '1.00000']
  '011.6000': ['3.339', '0.716', '0.080', '0.06774', '-0.99770', '0.00038', '0.99770',
    '0.06774', '-0.00011', '0.00009', '0.00038', '1.00000']
  '011.6667': ['3.339', '0.713', '0.080', '0.06184', '-0.99809', '0.00038', '0.99809',
    '0.06184', '-0.00012', '0.00009', '0.00039', '1.00000']
  '011.7333': ['3.339', '0.718', '0.080', '0.05664', '-0.99839', '0.00035', '0.99839',
    '0.05664', '-0.00008', '0.00006', '0.00036', '1.00000']
  '011.8000': ['3.339', '0.726', '0.080', '0.05290', '-0.99860', '0.00035', '0.99860',
    '0.05290', '-0.00009', '0.00007', '0.00036', '1.00000']
  '011.8667': ['3.339', '0.734', '0.080', '0.05032', '-0.99873', '0.00035', '0.99873',
    '0.05032', '-0.00012', '0.00010', '0.00036', '1.00000']
  '011.9333': ['3.340', '0.745', '0.080', '0.04818', '-0.99884', '0.00036', '0.99884',
    '0.04818', '-0.00011', '0.00009', '0.00037', '1.00000']
  '012.0000': ['3.341', '0.761', '0.080', '0.04541', '-0.99897', '0.00037', '0.99897',
    '0.04541', '-0.00011', '0.00009', '0.00037', '1.00000']
  '012.0667': ['3.342', '0.779', '0.080', '0.04241', '-0.99910', '0.00038', '0.99910',
    '0.04241', '-0.00010', '0.00009', '0.00038', '1.00000']
  '012.1333': ['3.344', '0.799', '0.080', '0.03805', '-0.99928', '0.00038', '0.99928',
    '0.03805', '-0.00009', '0.00007', '0.00038', '1.00000']
  '012.2000': ['3.345', '0.821', '0.080', '0.03184', '-0.99949', '0.00037', '0.99949',
    '0.03184', '-0.00007', '0.00006', '0.00037', '1.00000']
  '012.2667': ['3.346', '0.843', '0.080', '0.02464', '-0.99970', '0.00037', '0.99970',
    '0.02464', '-0.00006', '0.00005', '0.00038', '1.00000']
  '012.3333': ['3.347', '0.866', '0.080', '0.01645', '-0.99986', '0.00041', '0.99986',
    '0.01645', '-0.00002', '0.00002', '0.00041', '1.00000']
  '012.4000': ['3.349', '0.891', '0.080', '0.00663', '-0.99998', '0.00038', '0.99998',
    '0.00663', '0.00001', '-0.00001', '0.00038', '1.00000']
  '012.4667': ['3.348', '0.913', '0.080', '-0.00200', '-1.00000', '0.00041', '1.00000',
    '-0.00200', '0.00005', '-0.00005', '0.00041', '1.00000']
  '012.5333': ['3.348', '0.938', '0.080', '-0.01081', '-0.99994', '0.00041', '0.99994',
    '-0.01081', '0.00011', '-0.00011', '0.00041', '1.00000']
  '012.6000': ['3.348', '0.964', '0.080', '-0.02006', '-0.99980', '0.00044', '0.99980',
    '-0.02006', '0.00018', '-0.00018', '0.00044', '1.00000']
  '012.6667': ['3.348', '0.994', '0.080', '-0.03104', '-0.99952', '0.00042', '0.99952',
    '-0.03104', '0.00027', '-0.00026', '0.00043', '1.00000']
  '012.7333': ['3.348', '1.023', '0.080', '-0.04279', '-0.99908', '0.00043', '0.99908',
    '-0.04279', '0.00039', '-0.00037', '0.00044', '1.00000']
  '012.8000': ['3.348', '1.048', '0.080', '-0.05552', '-0.99846', '0.00045', '0.99846',
    '-0.05552', '0.00046', '-0.00044', '0.00048', '1.00000']
  '012.8667': ['3.347', '1.075', '0.080', '-0.07001', '-0.99755', '0.00047', '0.99755',
    '-0.07001', '0.00059', '-0.00056', '0.00051', '1.00000']
  '012.9333': ['3.345', '1.096', '0.080', '-0.08429', '-0.99644', '0.00049', '0.99644',
    '-0.08429', '0.00070', '-0.00066', '0.00055', '1.00000']
  '013.0000': ['3.343', '1.117', '0.080', '-0.09679', '-0.99530', '0.00051', '0.99530',
    '-0.09679', '0.00080', '-0.00075', '0.00059', '1.00000']
  '013.0667': ['3.341', '1.139', '0.080', '-0.10932', '-0.99401', '0.00052', '0.99401',
    '-0.10932', '0.00089', '-0.00083', '0.00061', '1.00000']
  '013.1333': ['3.337', '1.163', '0.080', '-0.12031', '-0.99274', '0.00053', '0.99274',
    '-0.12031', '0.00098', '-0.00091', '0.00064', '1.00000']
  '013.2000': ['3.333', '1.190', '0.080', '-0.13054', '-0.99144', '0.00052', '0.99144',
    '-0.13054', '0.00102', '-0.00094', '0.00065', '1.00000']
  '013.2667': ['3.330', '1.213', '0.080', '-0.14077', '-0.99004', '0.00053', '0.99004',
    '-0.14077', '0.00105', '-0.00097', '0.00067', '1.00000']
  '013.3333': ['3.330', '1.232', '0.080', '-0.15186', '-0.98840', '0.00050', '0.98840',
    '-0.15186', '0.00107', '-0.00099', '0.00066', '1.00000']
  '013.4000': ['3.332', '1.252', '0.080', '-0.16461', '-0.98636', '0.00046', '0.98636',
    '-0.16461', '0.00074', '-0.00066', '0.00057', '1.00000']
  '013.4667': ['3.331', '1.261', '0.080', '-0.17595', '-0.98440', '0.00045', '0.98440',
    '-0.17595', '0.00067', '-0.00058', '0.00056', '1.00000']
  '013.5333': ['3.331', '1.264', '0.080', '-0.18589', '-0.98257', '0.00044', '0.98257',
    '-0.18588', '0.00065', '-0.00056', '0.00055', '1.00000']
  '013.6000': ['3.330', '1.265', '0.080', '-0.19508', '-0.98079', '0.00044', '0.98079',
    '-0.19508', '0.00064', '-0.00054', '0.00055', '1.00000']
  '013.6667': ['3.330', '1.263', '0.080', '-0.20403', '-0.97896', '0.00043', '0.97896',
    '-0.20403', '0.00066', '-0.00055', '0.00056', '1.00000']
  '013.7333': ['3.331', '1.259', '0.080', '-0.21322', '-0.97700', '0.00044', '0.97700',
    '-0.21322', '0.00066', '-0.00056', '0.00057', '1.00000']
  '013.8000': ['3.330', '1.264', '0.080', '-0.22333', '-0.97474', '0.00043', '0.97474',
    '-0.22333', '0.00065', '-0.00054', '0.00056', '1.00000']
  '013.8667': ['3.329', '1.267', '0.080', '-0.23345', '-0.97237', '0.00043', '0.97237',
    '-0.23345', '0.00064', '-0.00052', '0.00057', '1.00000']
  '013.9333': ['3.325', '1.271', '0.080', '-0.24142', '-0.97042', '0.00041', '0.97042',
    '-0.24142', '0.00062', '-0.00051', '0.00055', '1.00000']
  '014.0000': ['3.315', '1.276', '0.080', '-0.23652', '-0.97163', '0.00031', '0.97163',
    '-0.23652', '0.00048', '-0.00039', '0.00041', '1.00000']
  '014.0667': ['3.310', '1.292', '0.080', '-0.23337', '-0.97239', '0.00029', '0.97239',
    '-0.23337', '0.00044', '-0.00036', '0.00039', '1.00000']
  '014.1333': ['3.306', '1.318', '0.080', '-0.23654', '-0.97162', '0.00027', '0.97162',
    '-0.23654', '0.00015', '-0.00008', '0.00030', '1.00000']
  '014.2000': ['3.300', '1.344', '0.080', '-0.24063', '-0.97062', '0.00026', '0.97062',
    '-0.24063', '0.00011', '-0.00004', '0.00028', '1.00000']
  '014.2667': ['3.294', '1.367', '0.080', '-0.24617', '-0.96923', '0.00026', '0.96923',
    '-0.24617', '0.00011', '-0.00004', '0.00028', '1.00000']
  '014.3333': ['3.288', '1.392', '0.080', '-0.25330', '-0.96739', '0.00027', '0.96739',
    '-0.25330', '0.00011', '-0.00004', '0.00029', '1.00000']
  '014.4000': ['3.282', '1.416', '0.080', '-0.32061', '-0.94721', '0.00028', '0.94721',
    '-0.32061', '0.00013', '-0.00003', '0.00031', '1.00000']
  '014.4667': ['3.277', '1.435', '0.080', '-0.42955', '-0.90304', '0.00026', '0.90304',
    '-0.42955', '0.00020', '-0.00007', '0.00032', '1.00000']
  '014.5333': ['3.273', '1.451', '0.080', '-0.54068', '-0.84123', '0.00019', '0.84123',
    '-0.54068', '0.00032', '-0.00017', '0.00033', '1.00000']
  '014.6000': ['3.273', '1.461', '0.080', '-0.60378', '-0.79715', '0.00020', '0.79715',
    '-0.60378', '0.00027', '-0.00010', '0.00032', '1.00000']
  '014.6667': ['3.272', '1.467', '0.080', '-0.63381', '-0.77349', '0.00016', '0.77349',
    '-0.63381', '0.00023', '-0.00008', '0.00027', '1.00000']
  '014.7333': ['3.271', '1.471', '0.080', '-0.66099', '-0.75039', '0.00019', '0.75039',
    '-0.66099', '0.00020', '-0.00002', '0.00028', '1.00000']
  '014.8000': ['3.270', '1.473', '0.080', '-0.72738', '-0.68624', '0.00016', '0.68624',
    '-0.72738', '0.00019', '-0.00002', '0.00024', '1.00000']
  '014.8667': ['3.270', '1.473', '0.080', '-0.80797', '-0.58923', '0.00015', '0.58923',
    '-0.80797', '0.00020', '0.00001', '0.00025', '1.00000']
  '014.9333': ['3.271', '1.473', '0.080', '-0.85961', '-0.51095', '0.00015', '0.51095',
    '-0.85961', '0.00020', '0.00003', '0.00025', '1.00000']
  '015.0000': ['3.272', '1.474', '0.080', '-0.87169', '-0.49005', '0.00015', '0.49005',
    '-0.87169', '0.00020', '0.00004', '0.00025', '1.00000']
  '015.0667': ['3.275', '1.474', '0.080', '-0.88271', '-0.46992', '0.00017', '0.46992',
    '-0.88271', '0.00018', '0.00007', '0.00024', '1.00000']
  '015.1333': ['3.278', '1.474', '0.080', '-0.89166', '-0.45270', '0.00018', '0.45270',
    '-0.89166', '0.00017', '0.00008', '0.00024', '1.00000']
  '015.2000': ['3.273', '1.476', '0.080', '-0.89878', '-0.43839', '0.00017', '0.43839',
    '-0.89878', '0.00017', '0.00008', '0.00023', '1.00000']
  '015.2667': ['3.268', '1.478', '0.080', '-0.90468', '-0.42609', '0.00021', '0.42609',
    '-0.90468', '0.00016', '0.00012', '0.00023', '1.00000']
  '015.3333': ['3.255', '1.484', '0.080', '-0.90984', '-0.41496', '0.00020', '0.41496',
    '-0.90984', '0.00016', '0.00011', '0.00022', '1.00000']
  '015.4000': ['3.248', '1.487', '0.080', '-0.91433', '-0.40497', '0.00018', '0.40497',
    '-0.91433', '0.00015', '0.00010', '0.00021', '1.00000']
  '015.4667': ['3.232', '1.494', '0.080', '-0.91828', '-0.39594', '0.00016', '0.39594',
    '-0.91828', '0.00015', '0.00009', '0.00020', '1.00000']
  '015.5333': ['3.218', '1.500', '0.080', '-0.92076', '-0.39014', '0.00014', '0.39014',
    '-0.92076', '0.00015', '0.00007', '0.00019', '1.00000']
  '015.6000': ['3.208', '1.503', '0.080', '-0.92181', '-0.38764', '0.00020', '0.38764',
    '-0.92181', '0.00012', '0.00014', '0.00019', '1.00000']
  '015.6667': ['3.196', '1.507', '0.080', '-0.92134', '-0.38875', '0.00021', '0.38875',
    '-0.92134', '0.00011', '0.00015', '0.00018', '1.00000']
  '015.7333': ['3.181', '1.512', '0.080', '-0.91925', '-0.39368', '0.00020', '0.39368',
    '-0.91925', '0.00012', '0.00014', '0.00019', '1.00000']
  '015.8000': ['3.163', '1.519', '0.080', '-0.91605', '-0.40107', '0.00019', '0.40107',
    '-0.91605', '0.00012', '0.00013', '0.00019', '1.00000']
  '015.8667': ['3.142', '1.529', '0.080', '-0.93554', '-0.35322', '0.00018', '0.35322',
    '-0.93554', '0.00011', '0.00013', '0.00017', '1.00000']
  '015.9333': ['3.120', '1.539', '0.080', '-0.96486', '-0.26278', '0.00019', '0.26278',
    '-0.96486', '0.00011', '0.00015', '0.00016', '1.00000']
  '016.0000': ['3.095', '1.547', '0.080', '-0.97205', '-0.23479', '0.00018', '0.23479',
    '-0.97205', '0.00012', '0.00015', '0.00016', '1.00000']
  '016.0667': ['3.074', '1.553', '0.080', '-0.97207', '-0.23469', '0.00019', '0.23469',
    '-0.97207', '0.00013', '0.00015', '0.00017', '1.00000']
  '016.1333': ['3.056', '1.559', '0.080', '-0.97230', '-0.23374', '0.00018', '0.23374',
    '-0.97230', '0.00013', '0.00014', '0.00017', '1.00000']
  '016.2000': ['3.043', '1.562', '0.080', '-0.97223', '-0.23403', '0.00015', '0.23403',
    '-0.97223', '0.00013', '0.00011', '0.00017', '1.00000']
  '016.2667': ['3.039', '1.563', '0.080', '-0.97158', '-0.23672', '0.00018', '0.23672',
    '-0.97158', '0.00011', '0.00015', '0.00015', '1.00000']
  '016.3333': ['3.040', '1.562', '0.080', '-0.97024', '-0.24215', '0.00019', '0.24215',
    '-0.97024', '0.00010', '0.00016', '0.00014', '1.00000']
  '016.4000': ['3.038', '1.563', '0.080', '-0.96807', '-0.25067', '0.00019', '0.25067',
    '-0.96807', '0.00009', '0.00016', '0.00014', '1.00000']
  '016.4667': ['3.034', '1.563', '0.080', '-0.96481', '-0.26295', '0.00021', '0.26295',
    '-0.96481', '0.00009', '0.00018', '0.00014', '1.00000']
  '016.5333': ['3.027', '1.565', '0.080', '-0.96028', '-0.27903', '0.00023', '0.27903',
    '-0.96028', '0.00007', '0.00020', '0.00013', '1.00000']
  '016.6000': ['3.018', '1.568', '0.080', '-0.95393', '-0.30002', '0.00023', '0.30002',
    '-0.95393', '0.00006', '0.00020', '0.00012', '1.00000']
  '016.6667': ['3.006', '1.573', '0.080', '-0.95345', '-0.30156', '0.00023', '0.30156',
    '-0.95345', '0.00002', '0.00021', '0.00009', '1.00000']
  '016.7333': ['2.995', '1.585', '0.080', '-0.97666', '-0.21479', '0.00033', '0.21479',
    '-0.97666', '0.00004', '0.00031', '0.00011', '1.00000']
  '016.8000': ['2.978', '1.592', '0.080', '-0.99247', '-0.12252', '0.00031', '0.12252',
    '-0.99247', '0.00008', '0.00030', '0.00012', '1.00000']
  '016.8667': ['2.955', '1.599', '0.080', '-0.99925', '-0.03882', '0.00022', '0.03882',
    '-0.99925', '0.00025', '0.00021', '0.00026', '1.00000']
  '016.9333': ['2.932', '1.603', '0.080', '-0.99954', '-0.03025', '0.00018', '0.03025',
    '-0.99954', '0.00024', '0.00018', '0.00024', '1.00000']
  '017.0000': ['2.909', '1.606', '0.080', '-0.99987', '-0.01599', '0.00020', '0.01599',
    '-0.99987', '0.00026', '0.00019', '0.00026', '1.00000']
  '017.0667': ['2.881', '1.607', '0.080', '-1.00000', '0.00077', '0.00026', '-0.00077',
    '-1.00000', '0.00025', '0.00026', '0.00025', '1.00000']
  '017.1333': ['2.864', '1.608', '0.080', '-0.99984', '0.01779', '0.00025', '-0.01779',
    '-0.99984', '0.00026', '0.00025', '0.00026', '1.00000']
  '017.2000': ['2.845', '1.607', '0.080', '-0.99939', '0.03498', '0.00019', '-0.03498',
    '-0.99939', '0.00026', '0.00020', '0.00025', '1.00000']
  '017.2667': ['2.833', '1.608', '0.080', '-0.99862', '0.05256', '0.00015', '-0.05256',
    '-0.99862', '0.00019', '0.00016', '0.00019', '1.00000']
  '017.3333': ['2.819', '1.610', '0.080', '-0.99729', '0.07358', '0.00019', '-0.07358',
    '-0.99729', '0.00017', '0.00020', '0.00015', '1.00000']
  '017.4000': ['2.812', '1.609', '0.080', '-0.99541', '0.09572', '0.00020', '-0.09572',
    '-0.99541', '0.00017', '0.00022', '0.00015', '1.00000']
  '017.4667': ['2.807', '1.608', '0.080', '-0.99303', '0.11787', '0.00021', '-0.11787',
    '-0.99303', '0.00019', '0.00023', '0.00016', '1.00000']
  '017.5333': ['2.793', '1.604', '0.080', '-0.99032', '0.13883', '0.00019', '-0.13883',
    '-0.99032', '0.00021', '0.00022', '0.00018', '1.00000']
  '017.6000': ['2.768', '1.595', '0.080', '-0.98842', '0.15172', '0.00005', '-0.15172',
    '-0.98842', '0.00017', '0.00007', '0.00016', '1.00000']
  '017.6666': ['2.746', '1.589', '0.080', '-0.98648', '0.16390', '0.00002', '-0.16390',
    '-0.98648', '0.00019', '0.00005', '0.00018', '1.00000']
  '017.7333': ['2.718', '1.576', '0.080', '-0.98627', '0.16515', '-0.00005', '-0.16515',
    '-0.98627', '0.00015', '-0.00002', '0.00015', '1.00000']
  '017.8000': ['2.693', '1.570', '0.080', '-0.98622', '0.16546', '-0.00006', '-0.16546',
    '-0.98622', '0.00015', '-0.00003', '0.00016', '1.00000']
  '017.8666': ['2.669', '1.566', '0.080', '-0.98590', '0.16734', '-0.00007', '-0.16734',
    '-0.98590', '0.00017', '-0.00004', '0.00018', '1.00000']
